/*--------------------------------*- C++ -*----------------------------------*\
  =========                 |
  \\      /  F ield         | OpenFOAM: The Open Source CFD Toolbox
   \\    /   O peration     | Website:  https://openfoam.org
    \\  /    A nd           | Version:  7
     \\/     M anipulation  |
\*---------------------------------------------------------------------------*/
FoamFile
{
    version     2.0;
    format      ascii;
    class       surfaceScalarField;
    location    "25000";
    object      phi;
}
// * * * * * * * * * * * * * * * * * * * * * * * * * * * * * * * * * * * * * //

dimensions      [0 3 -1 0 0 0 0];

internalField   nonuniform List<scalar> 
6280
(
-5.47356e-07
5.47356e-07
-1.1805e-06
6.33143e-07
-2.02837e-06
8.47876e-07
-3.31715e-06
1.28877e-06
-5.49989e-06
2.18275e-06
-9.55052e-06
4.05062e-06
-1.48513e-05
5.30082e-06
-1.5495e-05
6.43708e-07
-1.57821e-05
2.87077e-07
-1.59803e-05
1.98176e-07
-1.61298e-05
1.49519e-07
-1.62477e-05
1.17893e-07
-1.63434e-05
9.57063e-08
-1.64228e-05
7.94038e-08
-1.64899e-05
6.70434e-08
-1.65473e-05
5.74389e-08
-1.65971e-05
4.9813e-08
-1.66408e-05
4.36565e-08
-1.66794e-05
3.86088e-08
-1.67138e-05
3.44108e-08
-1.67447e-05
3.08773e-08
-1.67725e-05
2.78751e-08
-1.67978e-05
2.52989e-08
-1.68209e-05
2.30696e-08
-1.61895e-05
-6.31444e-07
-1.44065e-05
-1.783e-06
-1.18622e-05
-2.5443e-06
-9.65578e-06
-2.20639e-06
-8.32408e-06
-1.33169e-06
-7.516e-06
-8.08081e-07
-7.01105e-06
-5.04952e-07
-6.6735e-06
-3.37553e-07
-6.41619e-06
-2.5731e-07
-6.17601e-06
-2.40176e-07
-5.89662e-06
-2.79396e-07
-5.51414e-06
-3.82476e-07
-4.94243e-06
-5.7171e-07
-4.05402e-06
-8.88406e-07
-2.66669e-06
-1.38733e-06
-2.08463e-06
-5.82064e-07
-3.42957e-07
8.90313e-07
-6.79171e-07
9.69356e-07
-9.80098e-07
1.1488e-06
-1.1328e-06
1.44147e-06
-7.92881e-07
1.84283e-06
1.00606e-06
2.25168e-06
4.07822e-06
2.22866e-06
3.36676e-06
1.35517e-06
2.79215e-06
8.61682e-07
2.40488e-06
5.8545e-07
2.13419e-06
4.20205e-07
1.93757e-06
3.14518e-07
1.79056e-06
2.42713e-07
1.6787e-06
1.91263e-07
1.59312e-06
1.52627e-07
1.5282e-06
1.22362e-07
1.48027e-06
9.77339e-08
1.44689e-06
7.70383e-08
1.42619e-06
5.93085e-08
1.41631e-06
4.42934e-08
1.41445e-06
3.27375e-08
1.4152e-06
2.71267e-08
1.4072e-06
3.32951e-08
1.36705e-06
6.32261e-08
7.24001e-07
1.16005e-08
1.37472e-07
-1.19647e-06
3.4268e-08
-2.4411e-06
-2.17164e-06
-4.78801e-10
-3.50635e-06
3.01854e-09
-4.32012e-06
5.68242e-09
-4.8324e-06
7.32848e-09
-5.17817e-06
8.21395e-09
-5.44406e-06
8.58522e-09
-5.69285e-06
8.61393e-09
-5.98065e-06
8.40193e-09
-6.37112e-06
7.99062e-09
-6.95018e-06
7.35818e-09
-7.72334e-06
-1.1525e-07
-8.24223e-06
-8.68442e-07
-9.70087e-06
-6.25986e-07
-1.40063e-07
1.03038e-06
-2.4301e-07
1.0723e-06
-2.60508e-07
1.1663e-06
-1.15903e-07
1.29687e-06
2.96792e-07
1.43013e-06
1.04864e-06
1.49984e-06
1.86663e-06
1.41066e-06
2.07673e-06
1.14507e-06
2.0491e-06
8.89315e-07
1.94793e-06
6.86623e-07
1.83383e-06
5.34304e-07
1.72773e-06
4.20616e-07
1.63577e-06
3.3467e-07
1.5588e-06
2.68239e-07
1.49597e-06
2.15456e-07
1.44616e-06
1.72172e-07
1.4085e-06
1.35388e-07
1.38272e-06
1.02822e-07
1.36945e-06
7.25733e-08
1.37096e-06
4.27853e-08
1.3925e-06
1.12019e-08
1.44523e-06
-2.56032e-08
1.55226e-06
-7.37369e-08
1.76056e-06
-1.45072e-07
2.03566e-06
-2.635e-07
1.29104e-06
-4.5185e-07
-6.14054e-07
-5.36005e-07
-2.91687e-07
-3.22846e-07
-8.55553e-08
-2.03113e-07
5.43545e-08
-1.34227e-07
1.56108e-07
-9.44252e-08
2.36678e-07
-7.23558e-08
3.07382e-07
-6.21192e-08
3.76849e-07
-6.08527e-08
4.52817e-07
-6.75665e-08
5.43441e-07
-8.2633e-08
6.58458e-07
-1.07659e-07
6.8883e-07
-1.45622e-07
6.26038e-07
-8.0565e-07
-9.20237e-06
1.27535e-07
-1.13816e-08
1.04176e-06
7.53095e-09
1.05339e-06
8.70025e-08
1.08683e-06
2.56094e-07
1.12778e-06
5.31107e-07
1.15512e-06
8.88085e-07
1.14286e-06
1.2284e-06
1.07035e-06
1.42959e-06
9.43876e-07
1.51675e-06
8.02156e-07
1.53435e-06
6.69023e-07
1.51515e-06
5.53511e-07
1.47903e-06
4.56733e-07
1.43714e-06
3.76563e-07
1.3954e-06
3.09975e-07
1.35685e-06
2.54007e-07
1.32295e-06
2.06074e-07
1.29434e-06
1.63992e-07
1.27126e-06
1.25903e-07
1.25367e-06
9.0165e-08
1.24122e-06
5.52311e-08
1.23287e-06
1.95563e-08
1.22571e-06
-1.84408e-08
1.2122e-06
-6.02276e-08
1.17364e-06
-1.06515e-07
1.06553e-06
-1.55387e-07
8.1124e-07
-1.97564e-07
4.85445e-07
-2.10209e-07
3.46111e-07
-1.83512e-07
2.92892e-07
-1.49894e-07
2.7915e-07
-1.20485e-07
2.83071e-07
-9.83456e-08
2.94455e-07
-8.37403e-08
3.08533e-07
-7.61969e-08
3.22956e-07
-7.52756e-08
3.36216e-07
-8.08269e-08
3.46631e-07
-9.30481e-08
3.51421e-07
-1.12449e-07
3.45534e-07
-1.39736e-07
5.90719e-07
-1.05083e-06
-8.81155e-06
1.999e-07
5.28431e-08
9.88914e-07
1.22929e-07
9.83305e-07
2.25196e-07
9.84563e-07
3.68592e-07
9.84381e-07
5.51077e-07
9.72635e-07
7.54078e-07
9.39859e-07
9.43098e-07
8.81329e-07
1.08596e-06
8.01009e-07
1.17803e-06
7.10095e-07
1.22843e-06
6.18622e-07
1.24918e-06
5.32757e-07
1.25063e-06
4.55281e-07
1.24041e-06
3.8679e-07
1.22367e-06
3.26708e-07
1.20374e-06
2.73941e-07
1.18258e-06
2.27238e-07
1.16119e-06
1.85373e-07
1.13988e-06
1.47222e-07
1.11824e-06
1.118e-07
1.09519e-06
7.82856e-08
1.06868e-06
4.60612e-08
1.03543e-06
1.48107e-08
9.90518e-07
-1.53155e-08
9.27446e-07
-4.34435e-08
8.39745e-07
-6.76848e-08
7.2725e-07
-8.50693e-08
6.09549e-07
-9.25084e-08
5.16037e-07
-9.00001e-08
4.48013e-07
-8.18701e-08
3.99344e-07
-7.18172e-08
3.63164e-07
-6.2165e-08
3.33577e-07
-5.4153e-08
3.05721e-07
-4.83408e-08
2.75351e-07
-4.49059e-08
2.38348e-07
-4.38243e-08
1.90266e-07
-4.49658e-08
1.25959e-07
-4.81413e-08
3.9352e-08
-5.31288e-08
5.98709e-07
-1.61019e-06
-8.42752e-06
2.14678e-07
7.8142e-08
9.10772e-07
1.64165e-07
8.97282e-07
2.64664e-07
8.84065e-07
3.81922e-07
8.67123e-07
5.12456e-07
8.421e-07
6.46689e-07
8.05627e-07
7.71324e-07
7.56694e-07
8.74988e-07
6.97344e-07
9.53262e-07
6.31822e-07
1.00732e-06
5.64563e-07
1.04109e-06
4.98989e-07
1.05914e-06
4.37229e-07
1.06562e-06
3.80311e-07
1.06383e-06
3.28494e-07
1.0562e-06
2.8157e-07
1.04436e-06
2.39085e-07
1.02924e-06
2.00494e-07
1.01121e-06
1.65251e-07
9.90125e-07
1.32883e-07
9.6538e-07
1.0303e-07
9.35949e-07
7.54923e-08
9.00488e-07
5.02723e-08
8.57563e-07
2.76087e-08
8.06133e-07
7.98729e-09
7.46362e-07
-7.91448e-09
6.80696e-07
-1.9403e-08
6.14291e-07
-2.61036e-08
5.52638e-07
-2.83466e-08
4.9791e-07
-2.71422e-08
4.49705e-07
-2.36126e-08
4.06199e-07
-1.86594e-08
3.64898e-07
-1.28513e-08
3.22978e-07
-6.42092e-09
2.77362e-07
7.09713e-10
2.24623e-07
8.91461e-09
1.60779e-07
1.88789e-08
8.09843e-08
3.16531e-08
-2.0897e-08
4.87525e-08
5.83265e-07
-2.21435e-06
-8.04508e-06
2.00832e-07
8.36118e-08
8.27161e-07
1.69912e-07
8.10982e-07
2.61517e-07
7.92459e-07
3.58694e-07
7.69946e-07
4.59026e-07
7.41768e-07
5.57805e-07
7.06848e-07
6.49322e-07
6.65176e-07
7.28745e-07
6.17921e-07
7.93497e-07
5.6707e-07
8.43252e-07
5.14808e-07
8.79206e-07
4.63035e-07
9.03287e-07
4.13148e-07
9.17576e-07
3.66023e-07
9.23965e-07
3.22105e-07
9.24004e-07
2.81531e-07
9.18852e-07
2.44237e-07
9.09288e-07
2.10058e-07
8.95749e-07
1.78789e-07
8.78388e-07
1.50244e-07
8.57132e-07
1.24285e-07
8.31775e-07
1.0085e-07
8.02087e-07
7.99601e-08
7.67976e-07
6.172e-08
7.29671e-07
4.62916e-08
6.87911e-07
3.38461e-08
6.44014e-07
2.44939e-08
5.99703e-07
1.8207e-08
5.56581e-07
1.47757e-08
5.15592e-07
1.38467e-08
4.76949e-07
1.50303e-08
4.40291e-07
1.79984e-08
4.04895e-07
2.25452e-08
3.69857e-07
2.86172e-08
3.34243e-07
3.63235e-08
2.97218e-07
4.59395e-08
2.58188e-07
5.79092e-08
2.16992e-07
7.28491e-08
1.74201e-07
9.15433e-08
5.31539e-07
-2.57169e-06
-7.66728e-06
1.53739e-07
8.0169e-08
7.46992e-07
1.6051e-07
7.30641e-07
2.41848e-07
7.11121e-07
3.23869e-07
6.87926e-07
4.05067e-07
6.6057e-07
4.83046e-07
6.28869e-07
5.5511e-07
5.93112e-07
6.1896e-07
5.54071e-07
6.73174e-07
5.12856e-07
7.17302e-07
4.7068e-07
7.51673e-07
4.28665e-07
7.77103e-07
3.87718e-07
7.94627e-07
3.48498e-07
8.05303e-07
3.11429e-07
8.1009e-07
2.76744e-07
8.09785e-07
2.44542e-07
8.05008e-07
2.14835e-07
7.96212e-07
1.87586e-07
7.8371e-07
1.62746e-07
7.67723e-07
1.40273e-07
7.4843e-07
1.20142e-07
7.26036e-07
1.02354e-07
7.00832e-07
8.69242e-08
6.73251e-07
7.38725e-08
6.43896e-07
6.32013e-08
6.13515e-07
5.48756e-08
5.82915e-07
4.88064e-08
5.52841e-07
4.48499e-08
5.23864e-07
4.28234e-08
4.96361e-07
4.25339e-08
4.70554e-07
4.38054e-08
4.46601e-07
4.64979e-08
4.24704e-07
5.05141e-08
4.05234e-07
5.57939e-08
3.88875e-07
6.22986e-08
3.76802e-07
6.99821e-08
3.70904e-07
7.87473e-08
3.74073e-07
8.83735e-08
4.8799e-07
-2.68561e-06
-7.29123e-06
1.11932e-07
7.33333e-08
6.73658e-07
1.45753e-07
6.58221e-07
2.17314e-07
6.39561e-07
2.87559e-07
6.17681e-07
3.55526e-07
5.92603e-07
4.19906e-07
5.64489e-07
4.79311e-07
5.33706e-07
5.32554e-07
5.00829e-07
5.78841e-07
4.66568e-07
6.17838e-07
4.31683e-07
6.49614e-07
3.96889e-07
6.74534e-07
3.62799e-07
6.93135e-07
3.29897e-07
7.06028e-07
2.98536e-07
7.13818e-07
2.68954e-07
7.17062e-07
2.41298e-07
7.16251e-07
2.15646e-07
7.11804e-07
1.92033e-07
7.04081e-07
1.70469e-07
6.93406e-07
1.50947e-07
6.80092e-07
1.33456e-07
6.64466e-07
1.1798e-07
6.46895e-07
1.04496e-07
6.27796e-07
9.29714e-08
6.07641e-07
8.33565e-08
5.86937e-07
7.55791e-08
5.66202e-07
6.95419e-08
5.45926e-07
6.51252e-08
5.26558e-07
6.21921e-08
5.08495e-07
6.05971e-08
4.92108e-07
6.01924e-08
4.77774e-07
6.08318e-08
4.65919e-07
6.23688e-08
4.57062e-07
6.46505e-08
4.51855e-07
6.75059e-08
4.51107e-07
7.07303e-08
4.55787e-07
7.40668e-08
4.66984e-07
7.71771e-08
4.57592e-07
-2.67622e-06
-6.9171e-06
8.34654e-08
6.56862e-08
6.07972e-07
1.30073e-07
5.93834e-07
1.92907e-07
5.76726e-07
2.5373e-07
5.56859e-07
3.11883e-07
5.3445e-07
3.66591e-07
5.09781e-07
4.17075e-07
4.83222e-07
4.62676e-07
4.55228e-07
5.02939e-07
4.26305e-07
5.37645e-07
3.96977e-07
5.66799e-07
3.67735e-07
5.90582e-07
3.39015e-07
6.09301e-07
3.11178e-07
6.2333e-07
2.84507e-07
6.33074e-07
2.5921e-07
6.38936e-07
2.35435e-07
6.41304e-07
2.13278e-07
6.40542e-07
1.92796e-07
6.36993e-07
1.74018e-07
6.30989e-07
1.56951e-07
6.22858e-07
1.41588e-07
6.12932e-07
1.27906e-07
6.01558e-07
1.1587e-07
5.89097e-07
1.05432e-07
5.75926e-07
9.65275e-08
5.62426e-07
8.9079e-08
5.48976e-07
8.29925e-08
5.35939e-07
7.81614e-08
5.23664e-07
7.4468e-08
5.12474e-07
7.17863e-08
5.02683e-07
6.99839e-08
4.94592e-07
6.89229e-08
4.88501e-07
6.84594e-08
4.84711e-07
6.84411e-08
4.83511e-07
6.87055e-08
4.85164e-07
6.90772e-08
4.89864e-07
6.93672e-08
4.97677e-07
6.93642e-08
4.35501e-07
-2.61404e-06
-6.54607e-06
6.4468e-08
5.83438e-08
5.49628e-07
1.15322e-07
5.36856e-07
1.70582e-07
5.21466e-07
2.23707e-07
5.03733e-07
2.7422e-07
4.83937e-07
3.21617e-07
4.62383e-07
3.65426e-07
4.39413e-07
4.05256e-07
4.15398e-07
4.40834e-07
3.90727e-07
4.72025e-07
3.65786e-07
4.98825e-07
3.40935e-07
5.21343e-07
3.16498e-07
5.39771e-07
2.9275e-07
5.54362e-07
2.69916e-07
5.65401e-07
2.48171e-07
5.73191e-07
2.27645e-07
5.7804e-07
2.08429e-07
5.80252e-07
1.90583e-07
5.8013e-07
1.7414e-07
5.77972e-07
1.5911e-07
5.74073e-07
1.45487e-07
5.6873e-07
1.33248e-07
5.62243e-07
1.22357e-07
5.54911e-07
1.12764e-07
5.47031e-07
1.04407e-07
5.38897e-07
9.72129e-08
5.30792e-07
9.10978e-08
5.22984e-07
8.59692e-08
5.15725e-07
8.17273e-08
5.09245e-07
7.82664e-08
5.03752e-07
7.54765e-08
4.99431e-07
7.32444e-08
4.96436e-07
7.14546e-08
4.94886e-07
6.99902e-08
4.94858e-07
6.87343e-08
4.96363e-07
6.75719e-08
4.99338e-07
6.63925e-08
5.03622e-07
6.50796e-08
4.17764e-07
-2.52818e-06
-6.17909e-06
5.07854e-08
5.1726e-08
4.97902e-07
1.02154e-07
4.86428e-07
1.50927e-07
4.72694e-07
1.9768e-07
4.5698e-07
2.4205e-07
4.39567e-07
2.83688e-07
4.20746e-07
3.22283e-07
4.00818e-07
3.57587e-07
3.80094e-07
3.89432e-07
3.58883e-07
4.17735e-07
3.37482e-07
4.42498e-07
3.16171e-07
4.63797e-07
2.95198e-07
4.81769e-07
2.74778e-07
4.96595e-07
2.5509e-07
5.08488e-07
2.36278e-07
5.17683e-07
2.18451e-07
5.24423e-07
2.01689e-07
5.28961e-07
1.86046e-07
5.31548e-07
1.71553e-07
5.32437e-07
1.5822e-07
5.31881e-07
1.46044e-07
5.30127e-07
1.35002e-07
5.27422e-07
1.25062e-07
5.24006e-07
1.1618e-07
5.20113e-07
1.083e-07
5.15965e-07
1.0136e-07
5.11773e-07
9.52898e-08
5.07731e-07
9.00118e-08
5.04012e-07
8.54457e-08
5.00772e-07
8.15073e-08
4.98137e-07
7.81111e-08
4.9621e-07
7.51712e-08
4.95062e-07
7.26029e-08
4.94728e-07
7.03243e-08
4.95204e-07
6.82576e-08
4.96445e-07
6.63315e-08
4.98354e-07
6.44831e-08
5.00801e-07
6.26329e-08
4.02413e-07
-2.4298e-06
-5.8168e-06
4.01218e-08
4.59358e-08
4.51966e-07
9.06916e-08
4.41672e-07
1.33939e-07
4.29447e-07
1.75369e-07
4.15549e-07
2.14697e-07
4.00239e-07
2.51666e-07
3.83777e-07
2.8606e-07
3.66424e-07
3.17712e-07
3.48442e-07
3.46514e-07
3.30081e-07
3.72415e-07
3.11581e-07
3.95424e-07
2.93162e-07
4.15601e-07
2.75021e-07
4.3305e-07
2.57329e-07
4.4791e-07
2.40231e-07
4.60346e-07
2.23842e-07
4.70541e-07
2.08256e-07
4.78691e-07
1.93538e-07
4.85e-07
1.79737e-07
4.89675e-07
1.66878e-07
4.92923e-07
1.54972e-07
4.94951e-07
1.44016e-07
4.95961e-07
1.33992e-07
4.9615e-07
1.24873e-07
4.95709e-07
1.16621e-07
4.94818e-07
1.09192e-07
4.93646e-07
1.02533e-07
4.92347e-07
9.65882e-08
4.91062e-07
9.12968e-08
4.89913e-07
8.65953e-08
4.89e-07
8.24194e-08
4.88407e-07
7.87047e-08
4.8819e-07
7.53881e-08
4.88384e-07
7.24091e-08
4.88997e-07
6.97107e-08
4.90014e-07
6.72409e-08
4.91392e-07
6.49538e-08
4.93065e-07
6.28104e-08
4.94962e-07
6.07358e-08
3.88471e-07
-2.3233e-06
-5.45963e-06
3.13084e-08
4.09397e-08
4.11027e-07
8.08273e-08
4.01784e-07
1.19376e-07
3.90898e-07
1.5633e-07
3.78596e-07
1.91459e-07
3.6511e-07
2.24568e-07
3.50667e-07
2.555e-07
3.35493e-07
2.84137e-07
3.19805e-07
3.10406e-07
3.03812e-07
3.34279e-07
2.87709e-07
3.55766e-07
2.71675e-07
3.74919e-07
2.55868e-07
3.91819e-07
2.40428e-07
4.06578e-07
2.25472e-07
4.19325e-07
2.11095e-07
4.30207e-07
1.97374e-07
4.39381e-07
1.84365e-07
4.4701e-07
1.72108e-07
4.53262e-07
1.60626e-07
4.58304e-07
1.4993e-07
4.62304e-07
1.40016e-07
4.65422e-07
1.30873e-07
4.67816e-07
1.22479e-07
4.69634e-07
1.14803e-07
4.71016e-07
1.0781e-07
4.7209e-07
1.01459e-07
4.72971e-07
9.57064e-08
4.73764e-07
9.05045e-08
4.74554e-07
8.58051e-08
4.75413e-07
8.15597e-08
4.76398e-07
7.77202e-08
4.77546e-07
7.42403e-08
4.78879e-07
7.10762e-08
4.80402e-07
6.81874e-08
4.82106e-07
6.55373e-08
4.83966e-07
6.30938e-08
4.85947e-07
6.08296e-08
4.88023e-07
5.86592e-08
3.75429e-07
-2.21071e-06
-5.10795e-06
2.37421e-08
3.66521e-08
3.74375e-07
7.2374e-08
3.66062e-07
1.06923e-07
3.56349e-07
1.40086e-07
3.45434e-07
1.71678e-07
3.33517e-07
2.01549e-07
3.20797e-07
2.29578e-07
3.07463e-07
2.55681e-07
2.93702e-07
2.79805e-07
2.79687e-07
3.01936e-07
2.65579e-07
3.22086e-07
2.51525e-07
3.40298e-07
2.37656e-07
3.56641e-07
2.24086e-07
3.71202e-07
2.10911e-07
3.84086e-07
1.98211e-07
3.9541e-07
1.86049e-07
4.05301e-07
1.74474e-07
4.1389e-07
1.63519e-07
4.21312e-07
1.53204e-07
4.27701e-07
1.43541e-07
4.3319e-07
1.34527e-07
4.37909e-07
1.26155e-07
4.4198e-07
1.18407e-07
4.45521e-07
1.11262e-07
4.48639e-07
1.04691e-07
4.51434e-07
9.86638e-08
4.53995e-07
9.31456e-08
4.56399e-07
8.81009e-08
4.58711e-07
8.34928e-08
4.60986e-07
7.92849e-08
4.63265e-07
7.5441e-08
4.65579e-07
7.19268e-08
4.67945e-07
6.87097e-08
4.70373e-07
6.57597e-08
4.7286e-07
6.30496e-08
4.75399e-07
6.05551e-08
4.77974e-07
5.82549e-08
4.80576e-07
5.60572e-08
3.6302e-07
-2.09315e-06
-4.76204e-06
1.7109e-08
3.29741e-08
3.41401e-07
6.51275e-08
3.33909e-07
9.6258e-08
3.25218e-07
1.2619e-07
3.15502e-07
1.54776e-07
3.04932e-07
1.81895e-07
2.93678e-07
2.07455e-07
2.81903e-07
2.31393e-07
2.69764e-07
2.53673e-07
2.57407e-07
2.74284e-07
2.44968e-07
2.93242e-07
2.32567e-07
3.10583e-07
2.20315e-07
3.26363e-07
2.08305e-07
3.40654e-07
1.9662e-07
3.53541e-07
1.85324e-07
3.65118e-07
1.74472e-07
3.75487e-07
1.64105e-07
3.84754e-07
1.54252e-07
3.93026e-07
1.44932e-07
4.00411e-07
1.36155e-07
4.07016e-07
1.27922e-07
4.12944e-07
1.20227e-07
4.18292e-07
1.13059e-07
4.23152e-07
1.06401e-07
4.27611e-07
1.00233e-07
4.31745e-07
9.45299e-08
4.35624e-07
8.92669e-08
4.39308e-07
8.44166e-08
4.4285e-07
7.99511e-08
4.46292e-07
7.58426e-08
4.49669e-07
7.20639e-08
4.53007e-07
6.85888e-08
4.56324e-07
6.53925e-08
4.59632e-07
6.24521e-08
4.62935e-07
5.97467e-08
4.66232e-07
5.72573e-08
4.6952e-07
5.49671e-08
4.72794e-07
5.27839e-08
3.51117e-07
-1.97148e-06
-4.42218e-06
1.12643e-08
2.98094e-08
3.11591e-07
5.88943e-08
3.04824e-07
8.70878e-08
2.97025e-07
1.14247e-07
2.88343e-07
1.40251e-07
2.78927e-07
1.65006e-07
2.68923e-07
1.8844e-07
2.5847e-07
2.10503e-07
2.47701e-07
2.31171e-07
2.3674e-07
2.50438e-07
2.25701e-07
2.68318e-07
2.14687e-07
2.84843e-07
2.0379e-07
3.00059e-07
1.93089e-07
3.14026e-07
1.82653e-07
3.26812e-07
1.72538e-07
3.38493e-07
1.62791e-07
3.49152e-07
1.53446e-07
3.58875e-07
1.4453e-07
3.67748e-07
1.3606e-07
3.75858e-07
1.28045e-07
3.83289e-07
1.2049e-07
3.90126e-07
1.13391e-07
3.96445e-07
1.0674e-07
4.0232e-07
1.00526e-07
4.07819e-07
9.47333e-08
4.13005e-07
8.93442e-08
4.17933e-07
8.43393e-08
4.22651e-07
7.9698e-08
4.27203e-07
7.53991e-08
4.31625e-07
7.14211e-08
4.35946e-07
6.77429e-08
4.4019e-07
6.43443e-08
4.44377e-07
6.12057e-08
4.4852e-07
5.83092e-08
4.52629e-07
5.56382e-08
4.56708e-07
5.31781e-08
4.60758e-07
5.09165e-08
4.64773e-07
4.87695e-08
3.39679e-07
-1.84638e-06
-4.08867e-06
6.16978e-09
2.70718e-08
2.84519e-07
5.35023e-08
2.78394e-07
7.9155e-08
2.71372e-07
1.03913e-07
2.63584e-07
1.27681e-07
2.55159e-07
1.50383e-07
2.46221e-07
1.71961e-07
2.36891e-07
1.9238e-07
2.27282e-07
2.1162e-07
2.175e-07
2.2968e-07
2.07641e-07
2.46573e-07
1.97794e-07
2.62325e-07
1.88037e-07
2.76977e-07
1.78438e-07
2.90576e-07
1.69054e-07
3.03178e-07
1.59935e-07
3.14848e-07
1.51121e-07
3.25651e-07
1.42643e-07
3.35656e-07
1.34524e-07
3.44934e-07
1.26781e-07
3.53556e-07
1.19424e-07
3.61589e-07
1.12457e-07
3.69101e-07
1.05879e-07
3.76154e-07
9.96871e-08
3.82808e-07
9.38721e-08
3.89118e-07
8.84234e-08
3.95134e-07
8.33281e-08
4.00902e-07
7.85718e-08
4.06461e-07
7.41385e-08
4.11848e-07
7.0012e-08
4.17094e-07
6.61755e-08
4.22225e-07
6.26121e-08
4.27264e-07
5.93053e-08
4.3223e-07
5.6239e-08
4.37142e-07
5.33976e-08
4.42014e-07
5.07662e-08
4.46862e-07
4.83304e-08
4.51701e-07
4.60767e-08
4.56545e-07
4.39258e-08
3.28652e-07
-1.71849e-06
-3.76187e-06
1.84522e-09
2.46864e-08
2.59833e-07
4.88033e-08
2.54277e-07
7.22396e-08
2.47936e-07
9.49013e-08
2.40923e-07
1.16711e-07
2.33349e-07
1.37609e-07
2.25324e-07
1.5755e-07
2.1695e-07
1.76507e-07
2.08325e-07
1.94465e-07
1.99541e-07
2.11426e-07
1.9068e-07
2.27402e-07
1.81819e-07
2.42416e-07
1.73023e-07
2.56501e-07
1.64353e-07
2.69697e-07
1.55858e-07
2.82052e-07
1.47581e-07
2.93616e-07
1.39557e-07
3.04445e-07
1.31814e-07
3.14595e-07
1.24374e-07
3.24124e-07
1.17252e-07
3.33089e-07
1.10459e-07
3.41546e-07
1.04e-07
3.4955e-07
9.78761e-08
3.5715e-07
9.20862e-08
3.64397e-07
8.66251e-08
3.71335e-07
8.14854e-08
3.78005e-07
7.66581e-08
3.84445e-07
7.21322e-08
3.90688e-07
6.7896e-08
3.96763e-07
6.39367e-08
4.02697e-07
6.02413e-08
4.08513e-07
5.67962e-08
4.14231e-07
5.35877e-08
4.19867e-07
5.06023e-08
4.25438e-07
4.78265e-08
4.30958e-07
4.52466e-08
4.36439e-07
4.2849e-08
4.41896e-07
4.06201e-08
4.47332e-07
3.84894e-08
3.17085e-07
-1.58824e-06
-3.44199e-06
-2.78981e-09
2.25897e-08
2.37243e-07
4.46715e-08
2.32195e-07
6.61561e-08
2.26451e-07
8.69677e-08
2.20111e-07
1.07045e-07
2.13272e-07
1.26339e-07
2.06029e-07
1.44817e-07
1.98472e-07
1.62457e-07
1.90685e-07
1.7925e-07
1.82748e-07
1.95197e-07
1.74733e-07
2.10311e-07
1.66705e-07
2.24611e-07
1.58723e-07
2.38126e-07
1.50838e-07
2.5089e-07
1.43094e-07
2.62943e-07
1.35529e-07
2.74326e-07
1.28174e-07
2.85086e-07
1.21054e-07
2.95269e-07
1.14191e-07
3.04923e-07
1.07598e-07
3.14096e-07
1.01286e-07
3.22833e-07
9.52625e-08
3.31179e-07
8.95298e-08
3.39177e-07
8.40882e-08
3.46867e-07
7.89355e-08
3.54285e-07
7.40673e-08
3.61465e-07
6.94774e-08
3.68439e-07
6.51581e-08
3.75235e-07
6.11009e-08
3.81875e-07
5.72962e-08
3.88383e-07
5.37338e-08
3.94776e-07
5.04031e-08
4.0107e-07
4.72934e-08
4.07279e-07
4.43937e-08
4.13412e-07
4.16929e-08
4.19479e-07
3.918e-08
4.25483e-07
3.68444e-08
4.31428e-07
3.46756e-08
4.37299e-07
3.26185e-08
3.05104e-07
-1.45605e-06
-3.12934e-06
-7.54935e-09
2.07282e-08
2.16515e-07
4.1002e-08
2.11921e-07
6.07498e-08
2.06703e-07
7.99111e-08
2.0095e-07
9.84369e-08
1.94746e-07
1.1629e-07
1.88176e-07
1.33443e-07
1.81318e-07
1.49882e-07
1.74247e-07
1.65599e-07
1.67031e-07
1.80599e-07
1.59734e-07
1.94891e-07
1.52413e-07
2.08495e-07
1.45119e-07
2.21435e-07
1.37898e-07
2.33739e-07
1.30789e-07
2.45442e-07
1.23826e-07
2.56579e-07
1.17036e-07
2.6719e-07
1.10444e-07
2.77312e-07
1.04068e-07
2.86987e-07
9.7923e-08
2.96254e-07
9.20193e-08
3.05152e-07
8.63646e-08
3.13718e-07
8.09636e-08
3.21988e-07
7.58182e-08
3.29995e-07
7.09284e-08
3.37771e-07
6.6292e-08
3.45343e-07
6.19055e-08
3.52737e-07
5.7764e-08
3.59976e-07
5.38617e-08
3.6708e-07
5.01917e-08
3.74068e-07
4.67467e-08
3.80952e-07
4.35186e-08
3.87746e-07
4.04991e-08
3.94461e-07
3.76796e-08
4.01102e-07
3.50512e-08
4.07677e-07
3.26053e-08
4.14188e-07
3.03329e-08
4.20639e-07
2.82254e-08
4.27017e-07
2.62402e-08
2.93327e-07
-1.32236e-06
-2.82433e-06
-1.16769e-08
1.90576e-08
1.97457e-07
3.77075e-08
1.93271e-07
5.58924e-08
1.88518e-07
7.35643e-08
1.83278e-07
9.06848e-08
1.77626e-07
1.07225e-07
1.71636e-07
1.23164e-07
1.65379e-07
1.38492e-07
1.58919e-07
1.53204e-07
1.52318e-07
1.67306e-07
1.45632e-07
1.80807e-07
1.38912e-07
1.93724e-07
1.32202e-07
2.06079e-07
1.25543e-07
2.17897e-07
1.18971e-07
2.29208e-07
1.12515e-07
2.40041e-07
1.06203e-07
2.50431e-07
1.00054e-07
2.60411e-07
9.4088e-08
2.70016e-07
8.83182e-08
2.7928e-07
8.27559e-08
2.88235e-07
7.74094e-08
2.96914e-07
7.22844e-08
3.05348e-07
6.73846e-08
3.13565e-07
6.27116e-08
3.21591e-07
5.82655e-08
3.29451e-07
5.40452e-08
3.37167e-07
5.00481e-08
3.44758e-07
4.62709e-08
3.52241e-07
4.27093e-08
3.59629e-07
3.93583e-08
3.66935e-07
3.62124e-08
3.74169e-07
3.32656e-08
3.81337e-07
3.05112e-08
3.88445e-07
2.79427e-08
3.95498e-07
2.55527e-08
4.02497e-07
2.3334e-08
4.09443e-07
2.12791e-08
4.16326e-07
1.9357e-08
2.81593e-07
-1.18763e-06
-2.52739e-06
-1.53565e-08
1.75414e-08
1.79916e-07
3.47157e-08
1.76097e-07
5.14778e-08
1.71756e-07
6.77897e-08
1.66966e-07
8.36215e-08
1.61794e-07
9.89508e-08
1.56307e-07
1.13763e-07
1.50567e-07
1.2805e-07
1.44632e-07
1.41811e-07
1.38557e-07
1.5505e-07
1.32393e-07
1.67779e-07
1.26183e-07
1.80013e-07
1.19968e-07
1.9177e-07
1.13786e-07
2.03074e-07
1.07667e-07
2.1395e-07
1.01639e-07
2.24426e-07
9.57269e-08
2.3453e-07
8.99499e-08
2.44293e-07
8.43252e-08
2.53745e-07
7.88667e-08
2.62915e-07
7.35857e-08
2.71833e-07
6.8491e-08
2.80528e-07
6.35894e-08
2.89027e-07
5.88858e-08
2.97355e-07
5.43836e-08
3.05536e-07
5.00848e-08
3.13591e-07
4.59902e-08
3.21539e-07
4.20996e-08
3.29398e-07
3.8412e-08
3.37182e-07
3.49256e-08
3.44902e-07
3.16378e-08
3.52569e-07
2.85456e-08
3.6019e-07
2.56451e-08
3.67769e-07
2.29322e-08
3.75309e-07
2.04019e-08
3.82813e-07
1.80489e-08
3.9028e-07
1.58674e-08
3.97708e-07
1.38512e-08
4.05084e-07
1.19807e-08
2.69804e-07
-1.05234e-06
-2.23899e-06
-1.85934e-08
1.61494e-08
1.63767e-07
3.19677e-08
1.60278e-07
4.74192e-08
1.56305e-07
6.24745e-08
1.51911e-07
7.71102e-08
1.47158e-07
9.13095e-08
1.42108e-07
1.05062e-07
1.36815e-07
1.18362e-07
1.31332e-07
1.3121e-07
1.25709e-07
1.43613e-07
1.1999e-07
1.55581e-07
1.14215e-07
1.67127e-07
1.08422e-07
1.7827e-07
1.02643e-07
1.89029e-07
9.69073e-08
1.99429e-07
9.12398e-08
2.09493e-07
8.56626e-08
2.19248e-07
8.01948e-08
2.28721e-07
7.48522e-08
2.37939e-07
6.96485e-08
2.4693e-07
6.45948e-08
2.55721e-07
5.97004e-08
2.64337e-07
5.49728e-08
2.72805e-07
5.0418e-08
2.81148e-07
4.60407e-08
2.89388e-07
4.18446e-08
2.97546e-07
3.78324e-08
3.05639e-07
3.4006e-08
3.13685e-07
3.03668e-08
3.21695e-07
2.69152e-08
3.29681e-07
2.36515e-08
3.37652e-07
2.05752e-08
3.45612e-07
1.76852e-08
3.53564e-07
1.49797e-08
3.6151e-07
1.24563e-08
3.69447e-07
1.01117e-08
3.77373e-07
7.94136e-09
3.85284e-07
5.93989e-09
3.93169e-07
4.09626e-09
2.57909e-07
-9.17085e-07
-1.95964e-06
-2.1436e-08
1.48571e-08
1.4891e-07
2.94152e-08
1.4572e-07
4.36461e-08
1.42074e-07
5.75269e-08
1.3803e-07
7.10398e-08
1.33646e-07
8.41722e-08
1.28975e-07
9.69165e-08
1.2407e-07
1.0927e-07
1.18979e-07
1.21235e-07
1.13744e-07
1.32817e-07
1.08408e-07
1.44026e-07
1.03006e-07
1.54875e-07
9.75725e-08
1.65382e-07
9.21367e-08
1.75564e-07
8.67251e-08
1.85443e-07
8.13609e-08
1.95041e-07
7.60643e-08
2.04383e-07
7.08529e-08
2.13493e-07
6.57419e-08
2.22397e-07
6.07441e-08
2.31122e-07
5.58705e-08
2.39692e-07
5.11304e-08
2.48133e-07
4.65317e-08
2.5647e-07
4.20811e-08
2.64726e-07
3.77842e-08
2.72925e-07
3.36459e-08
2.81087e-07
2.96706e-08
2.89231e-07
2.58621e-08
2.97374e-07
2.22238e-08
3.0553e-07
1.87589e-08
3.13711e-07
1.54703e-08
3.21926e-07
1.23608e-08
3.30178e-07
9.43262e-09
3.3847e-07
6.68774e-09
3.46799e-07
4.12747e-09
3.55158e-07
1.75235e-09
3.63538e-07
-4.38173e-10
3.71924e-07
-2.44602e-09
3.80292e-07
-4.27172e-09
2.45762e-07
-7.82555e-07
-1.68995e-06
-2.39308e-08
1.3645e-08
1.35265e-07
2.70195e-08
1.32346e-07
4.01016e-08
1.28992e-07
5.28735e-08
1.25258e-07
6.53214e-08
1.21198e-07
7.7436e-08
1.16861e-07
8.92121e-08
1.12294e-07
1.00649e-07
1.07542e-07
1.11748e-07
1.02644e-07
1.22517e-07
9.76386e-08
1.32965e-07
9.25581e-08
1.43105e-07
8.74332e-08
1.5295e-07
8.22911e-08
1.6252e-07
7.71558e-08
1.71832e-07
7.20485e-08
1.80908e-07
6.6988e-08
1.89771e-07
6.19903e-08
1.98443e-07
5.70694e-08
2.0695e-07
5.22374e-08
2.15316e-07
4.75047e-08
2.23566e-07
4.288e-08
2.31727e-07
3.83713e-08
2.39823e-07
3.39851e-08
2.47879e-07
2.97276e-08
2.55921e-07
2.56042e-08
2.63972e-07
2.16202e-08
2.72053e-07
1.77807e-08
2.80186e-07
1.40909e-08
2.88388e-07
1.05563e-08
2.96676e-07
7.18232e-09
3.05062e-07
3.97517e-09
3.13553e-07
9.412e-10
3.22154e-07
-1.91292e-09
3.30862e-07
-4.58034e-09
3.39668e-07
-7.05422e-09
3.48558e-07
-9.32801e-09
3.57508e-07
-1.13957e-08
3.6648e-07
-1.32441e-08
2.3339e-07
-6.49464e-07
-1.43069e-06
-2.58747e-08
1.24972e-08
1.22767e-07
2.47499e-08
1.20093e-07
3.67408e-08
1.17001e-07
4.84558e-08
1.13543e-07
5.98844e-08
1.09769e-07
7.10196e-08
1.05725e-07
8.1858e-08
1.01456e-07
9.23993e-08
9.70006e-08
1.02647e-07
9.23971e-08
1.12606e-07
8.76792e-08
1.22286e-07
8.28779e-08
1.31699e-07
7.80209e-08
1.40857e-07
7.31329e-08
1.49776e-07
6.82361e-08
1.58475e-07
6.33499e-08
1.66972e-07
5.8491e-08
1.75288e-07
5.36743e-08
1.83445e-07
4.89124e-08
1.91466e-07
4.42162e-08
1.99376e-07
3.95949e-08
2.07199e-07
3.50565e-08
2.14963e-07
3.0608e-08
2.22693e-07
2.62552e-08
2.30416e-07
2.20038e-08
2.38162e-07
1.78588e-08
2.45957e-07
1.38252e-08
2.53829e-07
9.90834e-09
2.61806e-07
6.11379e-09
2.69914e-07
2.44797e-09
2.78179e-07
-1.0818e-09
2.86621e-07
-4.46703e-09
2.9526e-07
-7.69785e-09
3.0411e-07
-1.0763e-08
3.13179e-07
-1.36496e-08
3.22468e-07
-1.63435e-08
3.3197e-07
-1.88294e-08
3.41665e-07
-2.1091e-08
3.51522e-07
-2.31011e-08
2.20787e-07
-5.18729e-07
-1.1829e-06
-2.69945e-08
1.14017e-08
1.11366e-07
2.25825e-08
1.08912e-07
3.35286e-08
1.06055e-07
4.42287e-08
1.02843e-07
5.46746e-08
9.93231e-08
6.4861e-08
9.5539e-08
7.47852e-08
9.15315e-08
8.44475e-08
8.73383e-08
9.38508e-08
8.29937e-08
1.03001e-07
7.85295e-08
1.11904e-07
7.3974e-08
1.20572e-07
6.93529e-08
1.29016e-07
6.46891e-08
1.3725e-07
6.00026e-08
1.45289e-07
5.5311e-08
1.5315e-07
5.06299e-08
1.60852e-07
4.59722e-08
1.68415e-07
4.13492e-08
1.75861e-07
3.67703e-08
1.83212e-07
3.22434e-08
1.90494e-07
2.77749e-08
1.97732e-07
2.33702e-08
2.04953e-07
1.90336e-08
2.12188e-07
1.47691e-08
2.19467e-07
1.05798e-08
2.26823e-07
6.46914e-09
2.34291e-07
2.44039e-09
2.41907e-07
-1.50244e-09
2.4971e-07
-5.35446e-09
2.57737e-07
-9.1094e-09
2.6603e-07
-1.27591e-08
2.74625e-07
-1.62932e-08
2.8356e-07
-1.96981e-08
2.92868e-07
-2.29572e-08
3.02574e-07
-2.60498e-08
3.12696e-07
-2.89514e-08
3.23239e-07
-3.16337e-08
3.34191e-07
-3.40534e-08
2.07365e-07
-3.91903e-07
-9.47874e-07
-2.7665e-08
1.0349e-08
1.01017e-07
2.0499e-08
9.87624e-08
3.04384e-08
9.61155e-08
4.01582e-08
9.31232e-08
4.96515e-08
8.98298e-08
5.89138e-08
8.62767e-08
6.79431e-08
8.25022e-08
7.67395e-08
7.85419e-08
8.53053e-08
7.4428e-08
9.36449e-08
7.019e-08
1.01764e-07
6.58545e-08
1.09672e-07
6.14453e-08
1.17378e-07
5.69835e-08
1.24892e-07
5.24877e-08
1.32229e-07
4.79741e-08
1.39403e-07
4.34566e-08
1.46428e-07
3.89467e-08
1.53323e-07
3.44543e-08
1.60106e-07
2.99872e-08
1.66798e-07
2.55517e-08
1.73421e-07
2.11524e-08
1.79998e-07
1.67926e-08
1.86557e-07
1.24745e-08
1.93127e-07
8.19912e-09
1.9974e-07
3.96679e-09
2.06432e-07
-2.22829e-10
2.13243e-07
-4.37037e-09
2.20217e-07
-8.47647e-09
2.27404e-07
-1.25414e-08
2.34859e-07
-1.65644e-08
2.42643e-07
-2.05432e-08
2.50823e-07
-2.44731e-08
2.59471e-07
-2.83458e-08
2.68661e-07
-3.21479e-08
2.78471e-07
-3.58594e-08
2.88971e-07
-3.94512e-08
3.0022e-07
-4.28831e-08
3.12258e-07
-4.60908e-08
1.9266e-07
-2.72306e-07
-7.27157e-07
-2.80575e-08
9.33232e-09
9.16843e-08
1.84858e-08
8.96089e-08
2.74508e-08
8.71505e-08
3.62194e-08
8.43546e-08
4.47857e-08
8.12635e-08
5.31455e-08
7.79168e-08
6.12969e-08
7.43509e-08
6.92394e-08
7.05994e-08
7.69743e-08
6.6693e-08
8.45046e-08
6.26596e-08
9.18348e-08
5.85242e-08
9.89708e-08
5.43093e-08
1.0592e-07
5.00346e-08
1.1269e-07
4.57175e-08
1.19291e-07
4.1373e-08
1.25734e-07
3.70137e-08
1.3203e-07
3.26503e-08
1.38193e-07
2.82912e-08
1.44238e-07
2.3943e-08
1.50179e-07
1.96106e-08
1.56034e-07
1.52968e-08
1.61824e-07
1.1003e-08
1.67569e-07
6.72896e-09
1.73296e-07
2.47286e-09
1.79031e-07
-1.76861e-09
1.84808e-07
-6.00018e-09
1.90666e-07
-1.0228e-08
1.96649e-07
-1.44595e-08
2.02811e-07
-1.87033e-08
2.09216e-07
-2.29692e-08
2.1594e-07
-2.72676e-08
2.23077e-07
-3.16095e-08
2.30736e-07
-3.6005e-08
2.39051e-07
-4.04627e-08
2.48178e-07
-4.49868e-08
2.583e-07
-4.95738e-08
2.69624e-07
-5.42065e-08
2.82373e-07
-5.88401e-08
1.77399e-07
-1.67332e-07
-5.23111e-07
-2.66472e-08
8.34647e-09
8.33378e-08
1.65332e-08
8.14221e-08
2.45516e-08
7.91321e-08
3.23946e-08
7.65116e-08
4.00568e-08
7.36014e-08
4.7534e-08
7.04396e-08
5.48238e-08
6.70611e-08
6.1925e-08
6.34982e-08
6.88377e-08
5.97803e-08
7.55633e-08
5.5934e-08
8.21042e-08
5.19834e-08
8.84638e-08
4.79498e-08
9.46462e-08
4.38522e-08
1.00657e-07
3.97071e-08
1.06501e-07
3.55288e-08
1.12185e-07
3.13293e-08
1.17717e-07
2.71184e-08
1.23104e-07
2.29041e-08
1.28355e-07
1.86922e-08
1.33479e-07
1.44867e-08
1.38486e-07
1.02896e-08
1.43388e-07
6.10094e-09
1.48198e-07
1.91909e-09
1.52931e-07
-2.25971e-09
1.57603e-07
-6.44125e-09
1.62237e-07
-1.06335e-08
1.66856e-07
-1.4847e-08
1.71491e-07
-1.90949e-08
1.76181e-07
-2.33937e-08
1.80976e-07
-2.77635e-08
1.85937e-07
-3.22291e-08
1.91149e-07
-3.6821e-08
1.96721e-07
-4.15768e-08
2.02801e-07
-4.65434e-08
2.09594e-07
-5.17795e-08
2.1738e-07
-5.73598e-08
2.26554e-07
-6.33806e-08
2.3768e-07
-6.99659e-08
1.6227e-07
-9.19216e-08
-3.38812e-07
-2.20283e-08
7.38785e-09
7.59499e-08
1.46341e-08
7.41759e-08
2.17309e-08
7.20353e-08
2.86717e-08
6.95708e-08
3.54511e-08
6.6822e-08
4.2065e-08
6.38257e-08
4.85102e-08
6.06159e-08
5.47847e-08
5.72237e-08
6.08872e-08
5.36777e-08
6.68175e-08
5.00038e-08
7.25757e-08
4.62251e-08
7.81627e-08
4.23627e-08
8.35798e-08
3.84351e-08
8.88285e-08
3.44584e-08
9.39107e-08
3.04466e-08
9.88282e-08
2.64117e-08
1.03583e-07
2.23636e-08
1.08177e-07
1.83101e-08
1.12612e-07
1.42572e-08
1.1689e-07
1.0209e-08
1.21012e-07
6.16782e-09
1.24979e-07
2.13399e-09
1.28792e-07
-1.894e-09
1.32452e-07
-5.91964e-09
1.35959e-07
-9.94854e-09
1.39314e-07
-1.39886e-08
1.42517e-07
-1.80503e-08
1.45569e-07
-2.2147e-08
1.48471e-07
-2.62956e-08
1.51225e-07
-3.05174e-08
1.53835e-07
-3.48387e-08
1.56306e-07
-3.92925e-08
1.5865e-07
-4.39205e-08
1.60882e-07
-4.87754e-08
1.63027e-07
-5.39248e-08
1.65124e-07
-5.94566e-08
1.67229e-07
-6.54855e-08
1.69426e-07
-7.21631e-08
1.46778e-07
-6.92734e-08
-1.77416e-07
-1.46189e-08
6.45375e-09
6.94962e-08
1.27834e-08
6.78463e-08
1.89815e-08
6.58371e-08
2.5042e-08
6.35103e-08
3.09594e-08
6.09046e-08
3.67294e-08
5.80557e-08
4.23482e-08
5.4997e-08
4.7813e-08
5.1759e-08
5.31212e-08
4.83695e-08
5.82709e-08
4.4854e-08
6.32604e-08
4.12356e-08
6.80882e-08
3.7535e-08
7.27528e-08
3.37706e-08
7.72524e-08
2.99587e-08
8.15852e-08
2.61138e-08
8.57488e-08
2.22481e-08
8.97404e-08
1.8372e-08
9.35561e-08
1.44943e-08
9.71913e-08
1.06219e-08
1.0064e-07
6.76008e-09
1.03896e-07
2.91243e-09
1.06949e-07
-9.18923e-10
1.09788e-07
-4.73344e-09
1.124e-07
-8.5321e-09
1.14769e-07
-1.23175e-08
1.16874e-07
-1.60936e-08
1.1869e-07
-1.98662e-08
1.20186e-07
-2.36426e-08
1.21322e-07
-2.74319e-08
1.2205e-07
-3.12449e-08
1.22305e-07
-3.50943e-08
1.22008e-07
-3.89948e-08
1.2105e-07
-4.29626e-08
1.1929e-07
-4.70155e-08
1.16538e-07
-5.11725e-08
1.12533e-07
-5.54519e-08
1.06917e-07
-5.98697e-08
9.91895e-08
-6.44355e-08
9.90629e-08
-6.91468e-08
-8.38638e-08
5.5108e-09
5.54201e-09
6.39542e-08
1.09769e-08
6.24114e-08
1.62978e-08
6.05162e-08
2.14987e-08
5.83094e-08
2.65744e-08
5.58288e-08
3.15203e-08
5.31098e-08
3.63323e-08
5.0185e-08
4.10067e-08
4.70846e-08
4.55402e-08
4.38361e-08
4.99293e-08
4.04649e-08
5.41708e-08
3.69941e-08
5.82614e-08
3.34444e-08
6.21971e-08
2.98348e-08
6.59739e-08
2.6182e-08
6.95868e-08
2.25009e-08
7.303e-08
1.88049e-08
7.62967e-08
1.51053e-08
7.93789e-08
1.14121e-08
8.2267e-08
7.73389e-09
8.49494e-08
4.07767e-09
8.74125e-08
4.49303e-10
8.96401e-08
-3.14651e-09
9.16128e-08
-6.70614e-09
9.33075e-08
-1.02268e-08
9.46967e-08
-1.37066e-08
9.57473e-08
-1.71442e-08
9.64195e-08
-2.05384e-08
9.66652e-08
-2.38884e-08
9.64261e-08
-2.71927e-08
9.56306e-08
-3.04494e-08
9.41911e-08
-3.36548e-08
9.19988e-08
-3.68025e-08
8.89189e-08
-3.98826e-08
8.47826e-08
-4.28792e-08
7.93783e-08
-4.57682e-08
7.24402e-08
-4.85138e-08
6.36337e-08
-5.10632e-08
5.25391e-08
-5.33409e-08
3.86314e-08
-5.52391e-08
-5.66066e-08
1.13742e-08
4.65066e-09
5.93035e-08
9.21085e-09
5.78512e-08
1.36743e-08
5.60528e-08
1.80354e-08
5.39483e-08
2.22892e-08
5.15751e-08
2.6431e-08
4.89681e-08
3.04565e-08
4.61595e-08
3.43617e-08
4.31794e-08
3.81425e-08
4.00553e-08
4.17948e-08
3.68126e-08
4.53144e-08
3.34745e-08
4.86964e-08
3.00624e-08
5.19358e-08
2.65954e-08
5.50265e-08
2.30912e-08
5.79618e-08
1.95656e-08
6.07338e-08
1.60328e-08
6.33335e-08
1.25057e-08
6.575e-08
8.99557e-09
6.79712e-08
5.51275e-09
6.99825e-08
2.06635e-09
7.17672e-08
-1.33545e-09
7.3306e-08
-4.68529e-09
7.45763e-08
-7.97644e-09
7.55521e-08
-1.12026e-08
7.62031e-08
-1.43577e-08
7.64947e-08
-1.74357e-08
7.63865e-08
-2.04302e-08
7.58321e-08
-2.3334e-08
7.47781e-08
-2.61388e-08
7.31633e-08
-2.88346e-08
7.09177e-08
-3.14092e-08
6.7962e-08
-3.38468e-08
6.42075e-08
-3.61281e-08
5.95562e-08
-3.8228e-08
5.39034e-08
-4.01154e-08
4.71412e-08
-4.17515e-08
3.91664e-08
-4.30885e-08
2.98941e-08
-4.40686e-08
1.92786e-08
-4.46236e-08
-4.46759e-08
7.34798e-09
3.77759e-09
5.55259e-08
7.48123e-09
5.41476e-08
1.11054e-08
5.24287e-08
1.4645e-08
5.04087e-08
1.80954e-08
4.81246e-08
2.14524e-08
4.56111e-08
2.47117e-08
4.29002e-08
2.78693e-08
4.00218e-08
3.09209e-08
3.70036e-08
3.38623e-08
3.38712e-08
3.66886e-08
3.06482e-08
3.93947e-08
2.73562e-08
4.19748e-08
2.40153e-08
4.44224e-08
2.06437e-08
4.67299e-08
1.72581e-08
4.88888e-08
1.38739e-08
5.08894e-08
1.05052e-08
5.27202e-08
7.16471e-09
5.43686e-08
3.86437e-09
5.58199e-08
6.15081e-10
5.70574e-08
-2.57302e-09
5.80625e-08
-5.69039e-09
5.8814e-08
-8.72795e-09
5.92884e-08
-1.16769e-08
5.94592e-08
-1.45286e-08
5.92976e-08
-1.72741e-08
5.87717e-08
-1.99043e-08
5.78473e-08
-2.24095e-08
5.64877e-08
-2.47791e-08
5.46544e-08
-2.70013e-08
5.23083e-08
-2.90631e-08
4.94112e-08
-3.09497e-08
4.59279e-08
-3.26448e-08
4.18299e-08
-3.413e-08
3.71e-08
-3.53854e-08
3.17387e-08
-3.63903e-08
2.57736e-08
-3.71234e-08
1.92701e-08
-3.75651e-08
1.23466e-08
-3.77001e-08
-3.75208e-08
5.19148e-09
2.9204e-09
5.26055e-08
5.78327e-09
5.12847e-08
8.584e-09
4.96279e-08
1.13183e-08
4.76743e-08
1.39824e-08
4.54606e-08
1.65723e-08
4.30212e-08
1.90844e-08
4.03881e-08
2.15151e-08
3.75912e-08
2.38603e-08
3.46584e-08
2.61161e-08
3.16154e-08
2.8278e-08
2.84863e-08
3.03411e-08
2.52932e-08
3.22997e-08
2.20566e-08
3.41479e-08
1.87956e-08
3.58784e-08
1.55276e-08
3.74833e-08
1.2269e-08
3.89537e-08
9.03482e-09
4.02792e-08
5.83913e-09
4.14486e-08
2.695e-09
4.2449e-08
-3.85322e-10
4.32663e-08
-3.39028e-09
4.38848e-08
-6.30891e-09
4.42876e-08
-9.13074e-09
4.44563e-08
-1.18456e-08
4.43714e-08
-1.44437e-08
4.40124e-08
-1.69151e-08
4.33582e-08
-1.92502e-08
4.23878e-08
-2.14391e-08
4.10807e-08
-2.34721e-08
3.94183e-08
-2.53389e-08
3.73846e-08
-2.70295e-08
3.49685e-08
-2.85336e-08
3.21649e-08
-2.98412e-08
2.89778e-08
-3.09428e-08
2.54219e-08
-3.18296e-08
2.15262e-08
-3.24945e-08
1.73354e-08
-3.29326e-08
1.29125e-08
-3.31422e-08
8.33803e-09
-3.31257e-08
-3.28907e-08
3.70796e-09
2.07621e-09
5.05293e-08
4.11132e-09
4.92496e-08
6.10183e-09
4.76374e-08
8.04453e-09
4.57316e-08
9.93639e-09
4.35688e-08
1.17745e-08
4.11831e-08
1.35559e-08
3.86066e-08
1.52777e-08
3.58694e-08
1.69368e-08
3.29993e-08
1.85298e-08
3.00224e-08
2.00531e-08
2.6963e-08
2.15028e-08
2.38436e-08
2.28742e-08
2.06852e-08
2.41624e-08
1.75073e-08
2.53618e-08
1.43283e-08
2.64659e-08
1.11649e-08
2.74676e-08
8.03311e-09
2.8359e-08
4.94775e-09
2.91312e-08
1.92274e-09
2.97747e-08
-1.02881e-09
3.02789e-08
-3.8945e-09
3.06326e-08
-6.66261e-09
3.08239e-08
-9.32197e-09
3.08402e-08
-1.18619e-08
3.0669e-08
-1.42724e-08
3.02975e-08
-1.65436e-08
2.97137e-08
-1.86664e-08
2.89066e-08
-2.0632e-08
2.78666e-08
-2.24321e-08
2.65869e-08
-2.40591e-08
2.50637e-08
-2.55063e-08
2.32976e-08
-2.67675e-08
2.12945e-08
-2.78381e-08
1.90661e-08
-2.87144e-08
1.66313e-08
-2.93948e-08
1.40161e-08
-2.98794e-08
1.12541e-08
-3.01706e-08
8.38543e-09
-3.02735e-08
5.45552e-09
-3.01958e-08
-2.99479e-08
2.51272e-09
1.24172e-09
4.92876e-08
2.45877e-09
4.80325e-08
3.64897e-09
4.64472e-08
4.81031e-09
4.45703e-08
5.94088e-09
4.24382e-08
7.03883e-09
4.00851e-08
8.1023e-09
3.75432e-08
9.12939e-09
3.48423e-08
1.01181e-08
3.20106e-08
1.10662e-08
2.90743e-08
1.19715e-08
2.60577e-08
1.28312e-08
2.29838e-08
1.36425e-08
1.98739e-08
1.44021e-08
1.67477e-08
1.51064e-08
1.3624e-08
1.57512e-08
1.052e-08
1.63321e-08
7.45221e-09
1.68441e-08
4.43579e-09
1.72816e-08
1.4852e-09
1.76388e-08
-1.386e-09
1.79093e-08
-4.165e-09
1.80864e-08
-6.83973e-09
1.81632e-08
-9.39879e-09
1.81327e-08
-1.18315e-08
1.7988e-08
-1.41277e-08
1.77226e-08
-1.62782e-08
1.73305e-08
-1.82743e-08
1.68068e-08
-2.01083e-08
1.61481e-08
-2.17733e-08
1.53526e-08
-2.32636e-08
1.44208e-08
-2.45745e-08
1.3356e-08
-2.57027e-08
1.21643e-08
-2.66464e-08
1.08553e-08
-2.74054e-08
9.44174e-09
-2.79813e-08
7.93992e-09
-2.83775e-08
6.36889e-09
-2.85996e-08
4.7501e-09
-2.86547e-08
3.10644e-09
-2.85521e-08
-2.83026e-08
1.46114e-09
4.13231e-10
8.18236e-10
1.21427e-09
1.60066e-09
1.97674e-09
2.34189e-09
2.69546e-09
3.0368e-09
3.36521e-09
3.67995e-09
3.9802e-09
4.26505e-09
4.5335e-09
4.78442e-09
5.01655e-09
5.2285e-09
5.41871e-09
5.58549e-09
5.72698e-09
5.84119e-09
5.92601e-09
5.97924e-09
5.99862e-09
5.98191e-09
5.92695e-09
5.83175e-09
5.69457e-09
5.51408e-09
5.28946e-09
5.02054e-09
4.70789e-09
4.353e-09
3.95829e-09
3.52722e-09
3.06421e-09
2.57463e-09
2.0646e-09
1.54082e-09
1.01027e-09
4.79917e-10
1.88052e-06
-2.46258e-06
3.54733e-06
-1.66681e-06
4.59572e-06
-1.04839e-06
5.2478e-06
-6.52083e-07
5.65682e-06
-4.09014e-07
5.92184e-06
-2.65027e-07
6.10926e-06
-1.87412e-07
6.26794e-06
-1.58681e-07
6.44167e-06
-1.73734e-07
6.68182e-06
-2.40151e-07
7.06413e-06
-3.82313e-07
7.71537e-06
-6.51234e-07
8.85897e-06
-1.1436e-06
1.08934e-05
-2.0344e-06
1.41515e-05
-3.25812e-06
1.71208e-05
-2.96928e-06
1.89824e-05
-1.86165e-06
1.89965e-05
-1.40942e-08
1.89864e-05
1.01198e-08
1.89752e-05
1.12482e-08
1.89626e-05
1.25724e-08
1.89484e-05
1.41396e-08
1.89324e-05
1.60134e-08
1.89141e-05
1.82783e-08
1.88931e-05
2.10512e-08
1.88686e-05
2.45003e-08
1.88397e-05
2.88614e-08
1.88053e-05
3.44788e-08
1.87634e-05
4.18811e-08
1.87115e-05
5.19163e-08
1.86455e-05
6.59833e-08
1.85588e-05
8.66418e-08
1.84396e-05
1.1919e-07
1.82627e-05
1.76977e-07
1.7945e-05
3.17684e-07
1.48341e-05
3.11093e-06
7.88547e-06
6.94859e-06
4.05425e-06
3.83122e-06
1.74329e-06
2.31096e-06
1.74329e-06
8.59474e-06
-1.16833e-05
8.50967e-06
-1.58174e-06
7.5991e-06
-1.37816e-07
6.94391e-06
3.0969e-09
6.5314e-06
3.50594e-09
6.26252e-06
3.84753e-09
6.07097e-06
4.14354e-09
5.90789e-06
4.39359e-09
5.72958e-06
4.57597e-09
5.48479e-06
4.64238e-09
5.09797e-06
4.50561e-09
4.44271e-06
4.02154e-09
3.29613e-06
2.98282e-09
1.2605e-06
1.22419e-09
-7.16336e-09
-1.99046e-06
-9.22648e-07
-2.05379e-06
-2.32189e-06
-4.62408e-07
-2.14705e-06
-1.88934e-07
-2.00171e-06
-1.35221e-07
-1.89912e-06
-9.13407e-08
-1.83104e-06
-5.55109e-08
-1.79131e-06
-2.55902e-08
-1.77572e-06
4.26006e-10
-1.78175e-06
2.43067e-08
-1.80835e-06
4.765e-08
-1.85587e-06
7.20226e-08
-1.92616e-06
9.91505e-08
-2.02287e-06
1.31192e-07
-2.15216e-06
1.71164e-07
-2.32393e-06
2.23692e-07
-2.55436e-06
2.96411e-07
-2.87053e-06
4.02813e-07
-3.31967e-06
5.68329e-07
-3.98662e-06
8.43929e-07
-5.00648e-06
1.33754e-06
-4.17597e-06
2.28042e-06
-3.78143e-07
3.15076e-06
5.8986e-07
2.86321e-06
4.61659e-07
2.43916e-06
2.20495e-06
-5.57128e-07
-1.09986e-05
-6.63548e-07
-1.47532e-06
-6.88526e-07
-1.12838e-07
-6.00118e-07
-8.53117e-08
-5.28079e-07
-6.85327e-08
-4.64728e-07
-5.95035e-08
-4.0396e-07
-5.66241e-08
-3.40169e-07
-5.9398e-08
-2.67219e-07
-6.83735e-08
-1.77208e-07
-8.53686e-08
-5.85932e-08
-1.14109e-07
1.07016e-07
-1.61588e-07
3.50824e-07
-2.40825e-07
7.28553e-07
-3.76504e-07
-6.45179e-07
-6.16728e-07
-2.04368e-06
-6.55291e-07
-2.03201e-06
-4.74081e-07
-1.8936e-06
-3.27344e-07
-1.80335e-06
-2.25466e-07
-1.74422e-06
-1.50469e-07
-1.70769e-06
-9.20454e-08
-1.68937e-06
-4.39129e-08
-1.68701e-06
-1.93204e-09
-1.6996e-06
3.68955e-08
-1.72695e-06
7.50045e-08
-1.76957e-06
1.14644e-07
-1.82861e-06
1.58183e-07
-1.90584e-06
2.08424e-07
-2.00367e-06
2.68992e-07
-2.12486e-06
3.44883e-07
-2.2717e-06
4.43248e-07
-2.44336e-06
5.7448e-07
-2.62845e-06
7.53414e-07
-2.78401e-06
9.99492e-07
-2.77757e-06
1.3311e-06
-2.2343e-06
1.73715e-06
-1.1554e-06
2.07186e-06
-4.46646e-07
2.15446e-06
-1.23172e-07
2.11568e-06
2.08178e-06
-3.5845e-07
-1.04403e-05
-4.4149e-07
-1.39228e-06
-4.64737e-07
-8.95908e-08
-4.66444e-07
-8.36051e-08
-4.55799e-07
-7.91773e-08
-4.37892e-07
-7.74114e-08
-4.15501e-07
-7.90145e-08
-3.90268e-07
-8.46314e-08
-3.63603e-07
-9.50382e-08
-3.37712e-07
-1.11259e-07
-3.1723e-07
-1.34592e-07
-3.12391e-07
-1.66427e-07
-3.45667e-07
-2.07549e-07
-4.66111e-07
-2.5606e-07
-7.81001e-07
-3.01838e-07
-1.12407e-06
-3.12221e-07
-1.31801e-06
-2.80147e-07
-1.41533e-06
-2.30016e-07
-1.46476e-06
-1.76036e-07
-1.49154e-06
-1.23693e-07
-1.50907e-06
-7.45178e-08
-1.52469e-06
-2.82891e-08
-1.5426e-06
1.59755e-08
-1.5653e-06
5.96016e-08
-1.59442e-06
1.04116e-07
-1.63101e-06
1.51243e-07
-1.6758e-06
2.02969e-07
-1.72904e-06
2.61668e-07
-1.7903e-06
3.30252e-07
-1.85777e-06
4.12351e-07
-1.92697e-06
5.12444e-07
-1.98829e-06
6.35804e-07
-2.02276e-06
7.87883e-07
-1.99558e-06
9.72313e-07
-1.85055e-06
1.18607e-06
-1.5237e-06
1.4103e-06
-1.05272e-06
1.60088e-06
-6.1542e-07
1.71716e-06
-2.74332e-07
1.77459e-06
1.80745e-06
-3.22486e-07
-9.90313e-06
-3.83975e-07
-1.33079e-06
-4.07106e-07
-6.64596e-08
-4.23171e-07
-6.75408e-08
-4.33353e-07
-6.8995e-08
-4.39353e-07
-7.14108e-08
-4.43064e-07
-7.5304e-08
-4.46567e-07
-8.11288e-08
-4.52333e-07
-8.92718e-08
-4.63576e-07
-1.00016e-07
-4.84724e-07
-1.13444e-07
-5.21915e-07
-1.29237e-07
-5.83144e-07
-1.4632e-07
-6.76862e-07
-1.62341e-07
-8.05545e-07
-1.73155e-07
-9.44532e-07
-1.73234e-07
-1.06433e-06
-1.60349e-07
-1.15742e-06
-1.36931e-07
-1.22702e-06
-1.06435e-07
-1.27907e-06
-7.16367e-08
-1.31929e-06
-3.42978e-08
-1.3523e-06
4.71659e-09
-1.38155e-06
4.52253e-08
-1.4095e-06
8.755e-08
-1.43777e-06
1.32393e-07
-1.4673e-06
1.80771e-07
-1.49832e-06
2.33987e-07
-1.53028e-06
2.93629e-07
-1.5616e-06
3.61571e-07
-1.58918e-06
4.39935e-07
-1.60772e-06
5.30975e-07
-1.60866e-06
6.36749e-07
-1.57923e-06
7.58457e-07
-1.50213e-06
8.95213e-07
-1.35826e-06
1.0422e-06
-1.13675e-06
1.18878e-06
-8.54898e-07
1.31903e-06
-5.57323e-07
1.41958e-06
-2.72157e-07
1.48943e-06
1.53529e-06
-3.24708e-07
-9.37759e-06
-3.84614e-07
-1.27089e-06
-4.06129e-07
-4.49445e-08
-4.24945e-07
-4.87248e-08
-4.41657e-07
-5.22828e-08
-4.5712e-07
-5.59487e-08
-4.72428e-07
-5.99952e-08
-4.88925e-07
-6.46316e-08
-5.08219e-07
-6.99784e-08
-5.32205e-07
-7.60303e-08
-5.63048e-07
-8.26003e-08
-6.03039e-07
-8.92451e-08
-6.54179e-07
-9.51803e-08
-7.17297e-07
-9.92236e-08
-7.90601e-07
-9.98507e-08
-8.68324e-07
-9.55105e-08
-9.43393e-07
-8.528e-08
-1.01115e-06
-6.91724e-08
-1.06978e-06
-4.78109e-08
-1.1194e-06
-2.20145e-08
-1.16118e-06
7.48441e-09
-1.19665e-06
4.01839e-08
-1.22728e-06
7.58619e-08
-1.25431e-06
1.14575e-07
-1.27855e-06
1.56639e-07
-1.30038e-06
2.02597e-07
-1.31959e-06
2.53195e-07
-1.3353e-06
3.09342e-07
-1.34579e-06
3.72063e-07
-1.34826e-06
4.42404e-07
-1.33857e-06
5.21281e-07
-1.31103e-06
6.09212e-07
-1.25849e-06
7.05917e-07
-1.17304e-06
8.09764e-07
-1.04804e-06
9.17195e-07
-8.81736e-07
1.02248e-06
-6.81183e-07
1.11848e-06
-4.60536e-07
1.19893e-06
-2.3185e-07
1.26074e-06
1.30344e-06
-3.56636e-07
-8.86722e-06
-4.12843e-07
-1.21468e-06
-4.2854e-07
-2.92473e-08
-4.44543e-07
-3.27215e-08
-4.60882e-07
-3.59443e-08
-4.77814e-07
-3.90169e-08
-4.95794e-07
-4.20146e-08
-5.15449e-07
-4.49771e-08
-5.37539e-07
-4.78878e-08
-5.62917e-07
-5.06525e-08
-5.92443e-07
-5.30746e-08
-6.26855e-07
-5.48329e-08
-6.66568e-07
-5.54677e-08
-7.11402e-07
-5.43894e-08
-7.60326e-07
-5.09269e-08
-8.11405e-07
-4.44309e-08
-8.62275e-07
-3.44106e-08
-9.10827e-07
-2.06201e-08
-9.55598e-07
-3.04064e-09
-9.95812e-07
1.82001e-08
-1.03125e-06
4.29233e-08
-1.06205e-06
7.09781e-08
-1.08848e-06
1.02296e-07
-1.11083e-06
1.36923e-07
-1.12922e-06
1.75027e-07
-1.14351e-06
2.16895e-07
-1.15323e-06
2.62916e-07
-1.15744e-06
3.13548e-07
-1.15464e-06
3.69264e-07
-1.14271e-06
4.30473e-07
-1.11883e-06
4.97401e-07
-1.07955e-06
5.69929e-07
-1.02101e-06
6.47376e-07
-9.39521e-07
7.2828e-07
-8.32548e-07
8.10222e-07
-6.99925e-07
8.89858e-07
-5.4474e-07
9.63296e-07
-3.72647e-07
1.02684e-06
-1.89575e-07
1.07767e-06
1.11387e-06
-3.85067e-07
-8.37022e-06
-4.39097e-07
-1.16065e-06
-4.50799e-07
-1.75459e-08
-4.6379e-07
-1.97304e-08
-4.7799e-07
-2.17444e-08
-4.93441e-07
-2.3566e-08
-5.10291e-07
-2.51644e-08
-5.28776e-07
-2.64925e-08
-5.49189e-07
-2.74744e-08
-5.71847e-07
-2.79945e-08
-5.97035e-07
-2.78866e-08
-6.24941e-07
-2.69267e-08
-6.55576e-07
-2.48325e-08
-6.88694e-07
-2.12717e-08
-7.23737e-07
-1.58837e-08
-7.59854e-07
-8.3143e-09
-7.96009e-07
1.7448e-09
-8.31155e-07
1.4526e-08
-8.64374e-07
3.0178e-08
-8.94952e-07
4.87784e-08
-9.22389e-07
7.03608e-08
-9.46356e-07
9.4945e-08
-9.66624e-07
1.22564e-07
-9.82985e-07
1.53284e-07
-9.95173e-07
1.87214e-07
-1.00279e-06
2.24508e-07
-1.00522e-06
2.6535e-07
-1.0016e-06
3.09932e-07
-9.90755e-07
3.58415e-07
-9.71154e-07
4.10872e-07
-9.40966e-07
4.67213e-07
-8.98126e-07
5.27089e-07
-8.40536e-07
5.89786e-07
-7.6639e-07
6.54134e-07
-6.74622e-07
7.18454e-07
-5.65365e-07
7.80601e-07
-4.40206e-07
8.38136e-07
-3.01967e-07
8.88602e-07
-1.54077e-07
9.29781e-07
9.5979e-07
-4.01974e-07
-7.88478e-06
-4.55096e-07
-1.10753e-06
-4.64913e-07
-7.72817e-09
-4.75911e-07
-8.73264e-09
-4.88078e-07
-9.57791e-09
-5.01437e-07
-1.02069e-08
-5.16045e-07
-1.0556e-08
-5.31986e-07
-1.05514e-08
-5.49357e-07
-1.01037e-08
-5.68249e-07
-9.10242e-09
-5.88724e-07
-7.41166e-09
-6.10783e-07
-4.86783e-09
-6.34335e-07
-1.28008e-09
-6.59172e-07
3.56517e-09
-6.84951e-07
9.8952e-09
-7.11203e-07
1.79381e-08
-7.37367e-07
2.79085e-08
-7.62836e-07
3.99952e-08
-7.87012e-07
5.43541e-08
-8.09343e-07
7.11087e-08
-8.29338e-07
9.03556e-08
-8.46566e-07
1.12174e-07
-8.60636e-07
1.36634e-07
-8.7116e-07
1.63808e-07
-8.77719e-07
1.93773e-07
-8.79817e-07
2.26607e-07
-8.76849e-07
2.62382e-07
-8.68067e-07
3.01149e-07
-8.52559e-07
3.42908e-07
-8.29258e-07
3.87571e-07
-7.96968e-07
4.34923e-07
-7.54438e-07
4.84559e-07
-7.00494e-07
5.35841e-07
-6.3421e-07
5.87849e-07
-5.55126e-07
6.3937e-07
-4.63447e-07
6.88922e-07
-3.60148e-07
7.34837e-07
-2.46926e-07
7.75381e-07
-1.26017e-07
8.08872e-07
8.33773e-07
-4.10197e-07
-7.41011e-06
-4.628e-07
-1.05493e-06
-4.71451e-07
9.22929e-10
-4.80939e-07
7.55637e-10
-4.91299e-07
7.82247e-10
-5.02566e-07
1.05966e-09
-5.14773e-07
1.65106e-09
-5.27952e-07
2.62811e-09
-5.42129e-07
4.07311e-09
-5.57313e-07
6.0811e-09
-5.73486e-07
8.76144e-09
-5.90592e-07
1.22385e-08
-6.08523e-07
1.66512e-08
-6.27109e-07
2.21505e-08
-6.46109e-07
2.88955e-08
-6.65219e-07
3.70483e-08
-6.84078e-07
4.67672e-08
-7.02284e-07
5.82011e-08
-7.19415e-07
7.14853e-08
-7.35045e-07
8.67386e-08
-7.48753e-07
1.04064e-07
-7.60128e-07
1.23548e-07
-7.68761e-07
1.45267e-07
-7.74235e-07
1.69282e-07
-7.76108e-07
1.95646e-07
-7.73895e-07
2.24394e-07
-7.67051e-07
2.55538e-07
-7.54959e-07
2.89057e-07
-7.36927e-07
3.24875e-07
-7.12198e-07
3.62842e-07
-6.7998e-07
4.02705e-07
-6.39498e-07
4.44077e-07
-5.9007e-07
4.86414e-07
-5.31212e-07
5.28991e-07
-4.62741e-07
5.70899e-07
-3.84882e-07
6.11063e-07
-2.98323e-07
6.48278e-07
-2.0422e-07
6.81277e-07
-1.04142e-07
7.08794e-07
7.29631e-07
-4.13254e-07
-6.94607e-06
-4.65402e-07
-1.00278e-06
-4.72843e-07
8.36384e-09
-4.80844e-07
8.75602e-09
-4.89443e-07
9.38192e-09
-4.98674e-07
1.02897e-08
-5.08555e-07
1.15328e-08
-5.19099e-07
1.3172e-08
-5.30302e-07
1.52764e-08
-5.42145e-07
1.7924e-08
-5.54586e-07
2.12021e-08
-5.67555e-07
2.52074e-08
-5.80949e-07
3.00452e-08
-5.94627e-07
3.58286e-08
-6.08407e-07
4.26759e-08
-6.22067e-07
5.07082e-08
-6.35346e-07
6.0046e-08
-6.47951e-07
7.08062e-08
-6.59565e-07
8.30987e-08
-6.6985e-07
9.70243e-08
-6.78459e-07
1.12673e-07
-6.85032e-07
1.30121e-07
-6.89199e-07
1.49433e-07
-6.90574e-07
1.70658e-07
-6.88755e-07
1.93827e-07
-6.83309e-07
2.18948e-07
-6.73775e-07
2.46004e-07
-6.59657e-07
2.74939e-07
-6.4043e-07
3.05648e-07
-6.15552e-07
3.37964e-07
-5.84485e-07
3.71639e-07
-5.46737e-07
4.06328e-07
-5.01901e-07
4.41578e-07
-4.4972e-07
4.76811e-07
-3.90151e-07
5.1133e-07
-3.23414e-07
5.44325e-07
-2.50035e-07
5.749e-07
-1.70861e-07
6.02103e-07
-8.70407e-08
6.24974e-07
6.42591e-07
-4.13295e-07
-6.49266e-06
-4.65023e-07
-9.51048e-07
-4.71025e-07
1.43652e-08
-4.7742e-07
1.51518e-08
-4.84232e-07
1.61939e-08
-4.91475e-07
1.75327e-08
-4.99155e-07
1.92126e-08
-5.07267e-07
2.12838e-08
-5.15794e-07
2.38033e-08
-5.24704e-07
2.68344e-08
-5.33949e-07
3.0447e-08
-5.43459e-07
3.47173e-08
-5.53141e-07
3.97274e-08
-5.62877e-07
4.55646e-08
-5.72521e-07
5.23197e-08
-5.81898e-07
6.00856e-08
-5.90808e-07
6.89557e-08
-5.99023e-07
7.90212e-08
-6.06294e-07
9.03692e-08
-6.1235e-07
1.0308e-07
-6.16905e-07
1.17227e-07
-6.19655e-07
1.32872e-07
-6.20285e-07
1.50063e-07
-6.18462e-07
1.68835e-07
-6.13839e-07
1.89203e-07
-6.06052e-07
2.11162e-07
-5.94723e-07
2.34675e-07
-5.7946e-07
2.59676e-07
-5.59864e-07
2.86052e-07
-5.35541e-07
3.13641e-07
-5.0612e-07
3.42217e-07
-4.71276e-07
3.71484e-07
-4.30763e-07
4.01065e-07
-3.8445e-07
4.30498e-07
-3.32357e-07
4.59237e-07
-2.7469e-07
4.86659e-07
-2.11869e-07
5.12078e-07
-1.44535e-07
5.34769e-07
-7.35542e-08
5.53993e-07
5.69036e-07
-4.11376e-07
-6.04997e-06
-4.6259e-07
-8.99834e-07
-4.67045e-07
1.882e-08
-4.71796e-07
1.99027e-08
-4.76845e-07
2.12431e-08
-4.8219e-07
2.28781e-08
-4.87823e-07
2.48455e-08
-4.93727e-07
2.71878e-08
-4.99876e-07
2.99524e-08
-5.06233e-07
3.31914e-08
-5.12748e-07
3.69613e-08
-5.19354e-07
4.13235e-08
-5.25969e-07
4.63429e-08
-5.32493e-07
5.20882e-08
-5.38804e-07
5.86305e-08
-5.4476e-07
6.60422e-08
-5.502e-07
7.4396e-08
-5.54942e-07
8.37629e-08
-5.58784e-07
9.42109e-08
-5.61506e-07
1.05803e-07
-5.62874e-07
1.18595e-07
-5.62636e-07
1.32634e-07
-5.60528e-07
1.47955e-07
-5.56274e-07
1.6458e-07
-5.49584e-07
1.82513e-07
-5.40161e-07
2.01738e-07
-5.27699e-07
2.22214e-07
-5.11892e-07
2.43869e-07
-4.92435e-07
2.66596e-07
-4.69039e-07
2.90245e-07
-4.41442e-07
3.1462e-07
-4.09426e-07
3.39468e-07
-3.72839e-07
3.64478e-07
-3.31619e-07
3.89278e-07
-2.85816e-07
4.13434e-07
-2.35614e-07
4.36457e-07
-1.81352e-07
4.57816e-07
-1.23527e-07
4.76945e-07
-6.28043e-08
4.9327e-07
5.06232e-07
-4.08067e-07
-5.61816e-06
-4.58477e-07
-8.49423e-07
-4.61433e-07
2.17764e-08
-4.64615e-07
2.3084e-08
-4.68009e-07
2.46373e-08
-4.71602e-07
2.64709e-08
-4.75375e-07
2.86188e-08
-4.79305e-07
3.11181e-08
-4.83362e-07
3.4009e-08
-4.87506e-07
3.73352e-08
-4.91688e-07
4.11435e-08
-4.95848e-07
4.54835e-08
-4.99913e-07
5.04078e-08
-5.03796e-07
5.59709e-08
-5.07394e-07
6.22292e-08
-5.10592e-07
6.92394e-08
-5.13254e-07
7.70585e-08
-5.15233e-07
8.57416e-08
-5.16363e-07
9.53411e-08
-5.16465e-07
1.05905e-07
-5.15346e-07
1.17476e-07
-5.128e-07
1.30088e-07
-5.08609e-07
1.43764e-07
-5.02545e-07
1.58516e-07
-4.94373e-07
1.74342e-07
-4.83853e-07
1.91218e-07
-4.7074e-07
2.09101e-07
-4.54795e-07
2.27923e-07
-4.35785e-07
2.47585e-07
-4.13495e-07
2.67955e-07
-3.87736e-07
2.88862e-07
-3.58361e-07
3.10093e-07
-3.25274e-07
3.31391e-07
-2.8845e-07
3.52454e-07
-2.47951e-07
3.72935e-07
-2.03938e-07
3.92444e-07
-1.56683e-07
4.10561e-07
-1.0658e-07
4.26841e-07
-5.41422e-08
4.40833e-07
4.5209e-07
-4.03663e-07
-5.19739e-06
-4.52902e-07
-8.00184e-07
-4.54524e-07
2.33988e-08
-4.56296e-07
2.48558e-08
-4.58202e-07
2.65428e-08
-4.60224e-07
2.84928e-08
-4.62341e-07
3.07365e-08
-4.6453e-07
3.33067e-08
-4.66759e-07
3.6238e-08
-4.68991e-07
3.95673e-08
-4.71181e-07
4.33336e-08
-4.73275e-07
4.75776e-08
-4.75209e-07
5.23418e-08
-4.76908e-07
5.76701e-08
-4.78286e-07
6.36071e-08
-4.79245e-07
7.01979e-08
-4.79673e-07
7.74866e-08
-4.79447e-07
8.5516e-08
-4.78433e-07
9.43264e-08
-4.76481e-07
1.03954e-07
-4.73434e-07
1.14429e-07
-4.69122e-07
1.25776e-07
-4.63368e-07
1.3801e-07
-4.55986e-07
1.51134e-07
-4.46785e-07
1.65141e-07
-4.35572e-07
1.80005e-07
-4.22154e-07
1.95683e-07
-4.06342e-07
2.12112e-07
-3.87959e-07
2.29202e-07
-3.66841e-07
2.46838e-07
-3.42853e-07
2.64874e-07
-3.15891e-07
2.8313e-07
-2.85895e-07
3.01395e-07
-2.52861e-07
3.1942e-07
-2.1685e-07
3.36924e-07
-1.78001e-07
3.53595e-07
-1.36535e-07
3.69095e-07
-9.27631e-08
3.8307e-07
-4.70883e-08
3.95158e-07
4.05002e-07
-3.98275e-07
-4.78785e-06
-4.46239e-07
-7.5222e-07
-4.46705e-07
2.38643e-08
-4.47233e-07
2.53841e-08
-4.47816e-07
2.71256e-08
-4.48441e-07
2.91179e-08
-4.49092e-07
3.13875e-08
-4.49747e-07
3.39623e-08
-4.50381e-07
3.68717e-08
-4.5096e-07
4.01463e-08
-4.51445e-07
4.38182e-08
-4.51788e-07
4.79208e-08
-4.51934e-07
5.24883e-08
-4.5182e-07
5.75559e-08
-4.51372e-07
6.3159e-08
-4.50507e-07
6.9333e-08
-4.49133e-07
7.61124e-08
-4.47147e-07
8.353e-08
-4.44437e-07
9.16162e-08
-4.40881e-07
1.00398e-07
-4.36348e-07
1.09897e-07
-4.30701e-07
1.20129e-07
-4.23793e-07
1.31102e-07
-4.15475e-07
1.42816e-07
-4.05591e-07
1.55257e-07
-3.93987e-07
1.68401e-07
-3.80509e-07
1.82205e-07
-3.65009e-07
1.96612e-07
-3.4735e-07
2.11543e-07
-3.27409e-07
2.26897e-07
-3.05084e-07
2.42549e-07
-2.80302e-07
2.58349e-07
-2.53027e-07
2.74119e-07
-2.23263e-07
2.89656e-07
-1.91068e-07
3.04729e-07
-1.56559e-07
3.19085e-07
-1.19915e-07
3.32451e-07
-8.13847e-08
3.4454e-07
-4.12851e-08
3.55058e-07
3.63717e-07
-3.91874e-07
-4.38981e-06
-4.39098e-07
-7.04997e-07
-4.38471e-07
2.32382e-08
-4.37841e-07
2.47539e-08
-4.37206e-07
2.649e-08
-4.36558e-07
2.84705e-08
-4.35888e-07
3.07172e-08
-4.35178e-07
3.32527e-08
-4.34407e-07
3.61007e-08
-4.33547e-07
3.9286e-08
-4.32563e-07
4.28345e-08
-4.31415e-07
4.6773e-08
-4.30056e-07
5.11289e-08
-4.2843e-07
5.59302e-08
-4.26476e-07
6.12048e-08
-4.24123e-07
6.69803e-08
-4.21294e-07
7.32833e-08
-4.17903e-07
8.01389e-08
-4.13857e-07
8.75696e-08
-4.09054e-07
9.55949e-08
-4.03387e-07
1.0423e-07
-3.96743e-07
1.13484e-07
-3.89002e-07
1.23361e-07
-3.80041e-07
1.33855e-07
-3.69737e-07
1.44953e-07
-3.57964e-07
1.56628e-07
-3.446e-07
1.68841e-07
-3.29529e-07
1.8154e-07
-3.12642e-07
1.94656e-07
-2.93846e-07
2.08101e-07
-2.73065e-07
2.21768e-07
-2.50246e-07
2.3553e-07
-2.25365e-07
2.49238e-07
-1.98433e-07
2.62724e-07
-1.69501e-07
2.75798e-07
-1.38665e-07
2.8825e-07
-1.06073e-07
2.99859e-07
-7.19216e-08
3.10388e-07
-3.6463e-08
3.19599e-07
3.27254e-07
-3.84436e-07
-4.00353e-06
-4.3191e-07
-6.57523e-07
-4.30181e-07
2.15089e-08
-4.28407e-07
2.29801e-08
-4.26598e-07
2.46806e-08
-4.24752e-07
2.66251e-08
-4.22863e-07
2.88282e-08
-4.20917e-07
3.13065e-08
-4.18895e-07
3.4078e-08
-4.1677e-07
3.71619e-08
-4.14515e-07
4.05789e-08
-4.12092e-07
4.435e-08
-4.0946e-07
4.84972e-08
-4.06572e-07
5.30423e-08
-4.03375e-07
5.80074e-08
-3.99808e-07
6.34138e-08
-3.95807e-07
6.92819e-08
-3.91299e-07
7.56305e-08
-3.86205e-07
8.2476e-08
-3.80442e-07
8.98322e-08
-3.73921e-07
9.77089e-08
-3.66548e-07
1.06111e-07
-3.58225e-07
1.15038e-07
-3.48852e-07
1.24482e-07
-3.38327e-07
1.34428e-07
-3.26551e-07
1.44851e-07
-3.13424e-07
1.55714e-07
-2.98854e-07
1.66971e-07
-2.82757e-07
1.78559e-07
-2.65059e-07
1.90403e-07
-2.45703e-07
2.02411e-07
-2.24649e-07
2.14476e-07
-2.01882e-07
2.26472e-07
-1.77415e-07
2.38257e-07
-1.51291e-07
2.49674e-07
-1.23591e-07
2.6055e-07
-9.4432e-08
2.707e-07
-6.39738e-08
2.7993e-07
-3.24163e-08
2.88042e-07
2.94837e-07
-3.76834e-07
-3.62948e-06
-4.24992e-07
-6.09365e-07
-4.21989e-07
1.85061e-08
-4.19001e-07
1.99916e-08
-4.16015e-07
2.16945e-08
-4.13017e-07
2.36275e-08
-4.09992e-07
2.58029e-08
-4.0692e-07
2.82346e-08
-4.0378e-07
3.09376e-08
-4.00546e-07
3.39279e-08
-3.97189e-07
3.72222e-08
-3.93677e-07
4.08379e-08
-3.89972e-07
4.47924e-08
-3.86033e-07
4.91033e-08
-3.81813e-07
5.37877e-08
-3.77262e-07
5.88621e-08
-3.72322e-07
6.4342e-08
-3.66933e-07
7.02413e-08
-3.61028e-07
7.65717e-08
-3.54538e-07
8.33425e-08
-3.47389e-07
9.05592e-08
-3.39501e-07
9.82235e-08
-3.30795e-07
1.06332e-07
-3.21188e-07
1.14876e-07
-3.10598e-07
1.23838e-07
-2.98941e-07
1.33194e-07
-2.8614e-07
1.42913e-07
-2.72119e-07
1.5295e-07
-2.56811e-07
1.63251e-07
-2.40159e-07
1.7375e-07
-2.22117e-07
1.84369e-07
-2.02656e-07
1.95015e-07
-1.81765e-07
2.05581e-07
-1.59458e-07
2.15949e-07
-1.3577e-07
2.25986e-07
-1.10767e-07
2.35547e-07
-8.45456e-08
2.44478e-07
-5.72319e-08
2.52616e-07
-2.89862e-08
2.59796e-07
2.65851e-07
-3.68957e-07
-3.26808e-06
-4.17445e-07
-5.60877e-07
-4.13278e-07
1.43395e-08
-4.09185e-07
1.58981e-08
-4.05136e-07
1.76453e-08
-4.01105e-07
1.95972e-08
-3.9707e-07
2.1768e-08
-3.93008e-07
2.41718e-08
-3.88893e-07
2.68231e-08
-3.84702e-07
2.97363e-08
-3.80405e-07
3.2926e-08
-3.75974e-07
3.64066e-08
-3.71374e-07
4.01926e-08
-3.66569e-07
4.4298e-08
-3.61518e-07
4.87363e-08
-3.56176e-07
5.35204e-08
-3.50495e-07
5.86616e-08
-3.44424e-07
6.417e-08
-3.37906e-07
7.00537e-08
-3.30882e-07
7.63182e-08
-3.23289e-07
8.29662e-08
-3.15062e-07
8.99965e-08
-3.06133e-07
9.74038e-08
-2.96436e-07
1.05178e-07
-2.859e-07
1.13302e-07
-2.74458e-07
1.21753e-07
-2.62047e-07
1.30501e-07
-2.48605e-07
1.39508e-07
-2.34078e-07
1.48724e-07
-2.18419e-07
1.58092e-07
-2.01593e-07
1.67543e-07
-1.83578e-07
1.76999e-07
-1.64365e-07
1.86368e-07
-1.43964e-07
1.95549e-07
-1.22408e-07
2.0443e-07
-9.97488e-08
2.12888e-07
-7.60633e-08
2.20792e-07
-5.14539e-08
2.28007e-07
-2.60486e-08
2.34391e-07
2.39802e-07
-3.60159e-07
-2.91959e-06
-4.08431e-07
-5.12605e-07
-4.03444e-07
9.35208e-09
-3.9851e-07
1.09639e-08
-3.93612e-07
1.27479e-08
-3.88734e-07
1.47189e-08
-3.83857e-07
1.68907e-08
-3.78961e-07
1.92764e-08
-3.74027e-07
2.18891e-08
-3.69032e-07
2.47415e-08
-3.63952e-07
2.78461e-08
-3.58761e-07
3.12151e-08
-3.53428e-07
3.48601e-08
-3.47923e-07
3.87924e-08
-3.42209e-07
4.30223e-08
-3.36248e-07
4.75595e-08
-3.29998e-07
5.24122e-08
-3.23415e-07
5.75872e-08
-3.16452e-07
6.30897e-08
-3.09056e-07
6.89224e-08
-3.01175e-07
7.50854e-08
-2.92754e-07
8.15755e-08
-2.83736e-07
8.83861e-08
-2.74064e-07
9.55058e-08
-2.63681e-07
1.02919e-07
-2.52531e-07
1.10603e-07
-2.40559e-07
1.1853e-07
-2.27717e-07
1.26665e-07
-2.13959e-07
1.34966e-07
-1.99248e-07
1.4338e-07
-1.83554e-07
1.5185e-07
-1.66859e-07
1.60304e-07
-1.49157e-07
1.68667e-07
-1.30458e-07
1.7685e-07
-1.10785e-07
1.84757e-07
-9.01809e-08
1.92284e-07
-6.87085e-08
1.9932e-07
-4.64494e-08
2.05748e-07
-2.35059e-08
2.11447e-07
2.16297e-07
-3.50418e-07
-2.58453e-06
-3.98155e-07
-4.64868e-07
-3.92525e-07
3.72276e-09
-3.8692e-07
5.35881e-09
-3.81335e-07
7.16236e-09
-3.75761e-07
9.14495e-09
-3.70188e-07
1.13177e-08
-3.64603e-07
1.36917e-08
-3.58992e-07
1.62775e-08
-3.53336e-07
1.90857e-08
-3.47616e-07
2.21264e-08
-3.4181e-07
2.54092e-08
-3.35893e-07
2.89431e-08
-3.29838e-07
3.27366e-08
-3.23613e-07
3.67973e-08
-3.17185e-07
4.11319e-08
-3.10519e-07
4.57459e-08
-3.03575e-07
5.06434e-08
-2.96312e-07
5.58269e-08
-2.88687e-07
6.12968e-08
-2.80652e-07
6.70513e-08
-2.72163e-07
7.30858e-08
-2.63169e-07
7.93922e-08
-2.53622e-07
8.59591e-08
-2.43474e-07
9.27706e-08
-2.32677e-07
9.98061e-08
-2.21187e-07
1.0704e-07
-2.08961e-07
1.14439e-07
-1.95962e-07
1.21967e-07
-1.82158e-07
1.29577e-07
-1.67526e-07
1.37217e-07
-1.52049e-07
1.44828e-07
-1.35723e-07
1.52341e-07
-1.18555e-07
1.59681e-07
-1.00563e-07
1.66765e-07
-8.17817e-08
1.73503e-07
-6.22612e-08
1.79799e-07
-4.20669e-08
1.85554e-07
-2.12806e-08
1.90661e-07
1.95016e-07
-3.39616e-07
-2.26351e-06
-3.86874e-07
-4.17609e-07
-3.80656e-07
-2.49596e-09
-3.74454e-07
-8.4288e-10
-3.6827e-07
9.78473e-10
-3.62101e-07
2.97574e-09
-3.55941e-07
5.15738e-09
-3.49781e-07
7.53194e-09
-3.43611e-07
1.01078e-08
-3.37418e-07
1.2893e-08
-3.31187e-07
1.58949e-08
-3.24898e-07
1.91206e-08
-3.18532e-07
2.25765e-08
-3.12063e-07
2.6268e-08
-3.05466e-07
3.02002e-08
-2.98711e-07
3.4377e-08
-2.91766e-07
3.88013e-08
-2.84598e-07
4.34748e-08
-2.77169e-07
4.83978e-08
-2.69441e-07
5.35688e-08
-2.61374e-07
5.89843e-08
-2.52926e-07
6.46384e-08
-2.44057e-07
7.05226e-08
-2.34722e-07
7.66249e-08
-2.24882e-07
8.29301e-08
-2.14494e-07
8.94187e-08
-2.03522e-07
9.60666e-08
-1.91927e-07
1.02845e-07
-1.7968e-07
1.09719e-07
-1.66753e-07
1.1665e-07
-1.53125e-07
1.23589e-07
-1.38783e-07
1.30486e-07
-1.23722e-07
1.3728e-07
-1.07947e-07
1.43905e-07
-9.14719e-08
1.5029e-07
-7.4325e-08
1.56356e-07
-5.65455e-08
1.6202e-07
-3.81857e-08
1.67194e-07
-1.93111e-08
1.71787e-07
1.75705e-07
-3.27792e-07
-1.95715e-06
-3.74623e-07
-3.70778e-07
-3.6781e-07
-9.30872e-09
-3.61046e-07
-7.60694e-09
-3.54321e-07
-5.74659e-09
-3.47629e-07
-3.71646e-09
-3.40964e-07
-1.50693e-09
-3.34322e-07
8.90001e-10
-3.27695e-07
3.481e-09
-3.21074e-07
6.27167e-09
-3.14446e-07
9.26677e-09
-3.07796e-07
1.24703e-08
-3.01105e-07
1.58856e-08
-2.94352e-07
1.95155e-08
-2.87514e-07
2.33619e-08
-2.80563e-07
2.74263e-08
-2.73471e-07
3.1709e-08
-2.66206e-07
3.62098e-08
-2.58735e-07
4.09268e-08
-2.51023e-07
4.58571e-08
-2.43035e-07
5.09958e-08
-2.34733e-07
5.63363e-08
-2.2608e-07
6.18694e-08
-2.17038e-07
6.75835e-08
-2.07572e-07
7.34638e-08
-1.97645e-07
7.9492e-08
-1.87224e-07
8.56459e-08
-1.76279e-07
9.18993e-08
-1.6478e-07
9.82212e-08
-1.52706e-07
1.04576e-07
-1.40038e-07
1.10921e-07
-1.26764e-07
1.17212e-07
-1.12878e-07
1.23394e-07
-9.83848e-08
1.29412e-07
-8.32948e-08
1.352e-07
-6.76296e-08
1.40691e-07
-5.14204e-08
1.45811e-07
-3.47091e-08
1.50483e-07
-1.75481e-08
1.54626e-07
1.58157e-07
-3.14941e-07
-1.66614e-06
-3.60877e-07
-3.24842e-07
-3.53669e-07
-1.65175e-08
-3.46467e-07
-1.48082e-08
-3.3929e-07
-1.29237e-08
-3.3215e-07
-1.08562e-08
-3.25057e-07
-8.60051e-09
-3.18014e-07
-6.15331e-09
-3.1102e-07
-3.51277e-09
-3.0407e-07
-6.77938e-10
-2.97155e-07
2.3516e-09
-2.90261e-07
5.57585e-09
-2.83369e-07
8.99453e-09
-2.76461e-07
1.26071e-08
-2.69512e-07
1.64129e-08
-2.62496e-07
2.04105e-08
-2.55386e-07
2.45985e-08
-2.4815e-07
2.89744e-08
-2.40759e-07
3.35353e-08
-2.33178e-07
3.82767e-08
-2.25376e-07
4.31932e-08
-2.17317e-07
4.82776e-08
-2.08969e-07
5.35208e-08
-2.00296e-07
5.89113e-08
-1.91268e-07
6.44352e-08
-1.81851e-07
7.00755e-08
-1.72017e-07
7.58119e-08
-1.61739e-07
8.16205e-08
-1.50991e-07
8.74733e-08
-1.39753e-07
9.33382e-08
-1.2801e-07
9.91783e-08
-1.15751e-07
1.04952e-07
-1.0297e-07
1.10613e-07
-8.9669e-08
1.16111e-07
-7.58567e-08
1.21388e-07
-6.15498e-08
1.26384e-07
-4.6773e-08
1.31034e-07
-3.15598e-08
1.35269e-07
-1.5952e-08
1.39018e-07
1.42205e-07
-3.00567e-07
-1.39145e-06
-3.46196e-07
-2.79213e-07
-3.38491e-07
-2.42229e-08
-3.30769e-07
-2.25294e-08
-3.2309e-07
-2.06035e-08
-3.15488e-07
-1.84582e-08
-3.07985e-07
-1.61033e-08
-3.00591e-07
-1.35469e-08
-2.93308e-07
-1.07963e-08
-2.86128e-07
-7.85764e-09
-2.7904e-07
-4.7362e-09
-2.72028e-07
-1.43663e-09
-2.6507e-07
2.03701e-09
-2.58144e-07
5.68117e-09
-2.51224e-07
9.49259e-09
-2.44282e-07
1.34682e-08
-2.37288e-07
1.76047e-08
-2.30212e-07
2.18989e-08
-2.23024e-07
2.63467e-08
-2.1569e-07
3.09434e-08
-2.0818e-07
3.56833e-08
-2.00462e-07
4.05592e-08
-1.92504e-07
4.55625e-08
-1.84275e-07
5.06825e-08
-1.75746e-07
5.59061e-08
-1.66888e-07
6.12179e-08
-1.57676e-07
6.65994e-08
-1.48084e-07
7.20289e-08
-1.38092e-07
7.74814e-08
-1.27682e-07
8.29277e-08
-1.16838e-07
8.83351e-08
-1.05553e-07
9.36663e-08
-9.38191e-08
9.88799e-08
-8.16386e-08
1.0393e-07
-6.90177e-08
1.08767e-07
-5.59693e-08
1.13335e-07
-4.25131e-08
1.17578e-07
-2.86759e-08
1.21432e-07
-1.44913e-08
1.24833e-07
1.27713e-07
-2.83883e-07
-1.13456e-06
-3.31234e-07
-2.31861e-07
-3.22385e-07
-3.30719e-08
-3.13759e-07
-3.11551e-08
-3.0537e-07
-2.89924e-08
-2.97223e-07
-2.66057e-08
-2.89314e-07
-2.40127e-08
-2.81632e-07
-2.12286e-08
-2.74162e-07
-1.8266e-08
-2.66884e-07
-1.51359e-08
-2.59773e-07
-1.18473e-08
-2.52802e-07
-8.40759e-09
-2.45942e-07
-4.82293e-09
-2.39163e-07
-1.09832e-09
-2.32432e-07
2.76204e-09
-2.25718e-07
6.75449e-09
-2.18989e-07
1.08757e-08
-2.12213e-07
1.51222e-08
-2.05356e-07
1.94904e-08
-1.98389e-07
2.3976e-08
-1.91279e-07
2.85738e-08
-1.83998e-07
3.32774e-08
-1.76514e-07
3.80792e-08
-1.68801e-07
4.29694e-08
-1.60831e-07
4.79365e-08
-1.5258e-07
5.29664e-08
-1.44023e-07
5.80427e-08
-1.3514e-07
6.31458e-08
-1.25912e-07
6.82531e-08
-1.16323e-07
7.33386e-08
-1.0636e-07
7.83725e-08
-9.60156e-08
8.33216e-08
-8.52843e-08
8.81486e-08
-7.41663e-08
9.28121e-08
-6.26666e-08
9.72671e-08
-5.07955e-08
1.01464e-07
-3.85689e-08
1.05351e-07
-2.60083e-08
1.08872e-07
-1.3141e-08
1.11966e-07
1.14572e-07
-2.65249e-07
-8.96979e-07
-3.13439e-07
-1.83672e-07
-3.03389e-07
-4.31211e-08
-2.9389e-07
-4.06544e-08
-2.8489e-07
-3.7992e-08
-2.76347e-07
-3.51494e-08
-2.68217e-07
-3.21427e-08
-2.60458e-07
-2.8987e-08
-2.53029e-07
-2.56957e-08
-2.45884e-07
-2.22802e-08
-2.38982e-07
-1.87494e-08
-2.3228e-07
-1.51101e-08
-2.25735e-07
-1.13673e-08
-2.19309e-07
-7.52499e-09
-2.12961e-07
-3.5857e-09
-2.06655e-07
4.48467e-10
-2.00355e-07
4.57573e-09
-1.94027e-07
8.79427e-09
-1.87638e-07
1.31019e-08
-1.81158e-07
1.74959e-08
-1.74557e-07
2.19725e-08
-1.67806e-07
2.65268e-08
-1.6088e-07
3.11523e-08
-1.53751e-07
3.58411e-08
-1.46398e-07
4.05829e-08
-1.38797e-07
4.53656e-08
-1.30929e-07
5.01743e-08
-1.22774e-07
5.49917e-08
-1.14319e-07
5.97973e-08
-1.05548e-07
6.45677e-08
-9.64512e-08
6.9276e-08
-8.70217e-08
7.38922e-08
-7.72554e-08
7.83823e-08
-6.71522e-08
8.27089e-08
-5.67162e-08
8.6831e-08
-4.59557e-08
9.07039e-08
-3.48839e-08
9.42794e-08
-2.35183e-08
9.7506e-08
-1.18813e-08
1.00329e-07
1.02691e-07
-2.44882e-07
-6.80154e-07
-2.8931e-07
-1.39244e-07
-2.7887e-07
-5.3561e-08
-2.69129e-07
-5.03953e-08
-2.60061e-07
-4.70601e-08
-2.51614e-07
-4.35962e-08
-2.43725e-07
-4.00326e-08
-2.36322e-07
-3.63898e-08
-2.29336e-07
-3.26815e-08
-2.227e-07
-2.89163e-08
-2.1635e-07
-2.5099e-08
-2.10229e-07
-2.12316e-08
-2.04282e-07
-1.73142e-08
-1.98461e-07
-1.33459e-08
-1.92722e-07
-9.32505e-09
-1.87023e-07
-5.24969e-09
-1.8133e-07
-1.11812e-09
-1.75606e-07
3.07089e-09
-1.69822e-07
7.31786e-09
-1.63948e-07
1.16223e-08
-1.57959e-07
1.59826e-08
-1.51828e-07
2.03957e-08
-1.45532e-07
2.48569e-08
-1.39051e-07
2.93598e-08
-1.32364e-07
3.38958e-08
-1.25452e-07
3.84543e-08
-1.183e-07
4.30222e-08
-1.10892e-07
4.75838e-08
-1.03216e-07
5.21209e-08
-9.52602e-08
5.6612e-08
-8.7017e-08
6.10328e-08
-7.84804e-08
6.53556e-08
-6.96478e-08
6.95496e-08
-6.05193e-08
7.35805e-08
-5.10988e-08
7.74105e-08
-4.13933e-08
8.09985e-08
-3.14139e-08
8.43001e-08
-2.11755e-08
8.72675e-08
-1.06967e-08
8.98502e-08
9.19943e-08
-2.20118e-07
-4.86684e-07
-2.58284e-07
-1.01078e-07
-2.47649e-07
-6.4196e-08
-2.38181e-07
-5.98634e-08
-2.29708e-07
-5.55334e-08
-2.22066e-07
-5.12381e-08
-2.15108e-07
-4.6991e-08
-2.08703e-07
-4.27944e-08
-2.0274e-07
-3.86443e-08
-1.97124e-07
-3.4533e-08
-1.91772e-07
-3.04509e-08
-1.86615e-07
-2.6388e-08
-1.81595e-07
-2.23341e-08
-1.76662e-07
-1.82797e-08
-1.71771e-07
-1.42161e-08
-1.66885e-07
-1.01357e-08
-1.6197e-07
-6.03216e-09
-1.56999e-07
-1.9003e-09
-1.51945e-07
2.26347e-09
-1.46784e-07
6.46126e-09
-1.41495e-07
1.06936e-08
-1.36058e-07
1.49591e-08
-1.30456e-07
1.92548e-08
-1.24672e-07
2.35756e-08
-1.18691e-07
2.79145e-08
-1.12498e-07
3.2262e-08
-1.06083e-07
3.66064e-08
-9.94324e-08
4.09337e-08
-9.25384e-08
4.52268e-08
-8.53927e-08
4.94663e-08
-7.79895e-08
5.36296e-08
-7.03251e-08
5.76912e-08
-6.2398e-08
6.16225e-08
-5.42093e-08
6.53917e-08
-4.57626e-08
6.89638e-08
-3.70646e-08
7.23005e-08
-2.8125e-08
7.53604e-08
-1.89565e-08
7.80991e-08
-9.57516e-09
8.04688e-08
8.24192e-08
-1.89361e-07
-3.19351e-07
-2.15158e-07
-7.52806e-08
-2.0616e-07
-7.31939e-08
-1.9873e-07
-6.72938e-08
-1.92426e-07
-6.18369e-08
-1.86938e-07
-5.67269e-08
-1.82037e-07
-5.18912e-08
-1.77558e-07
-4.72733e-08
-1.73375e-07
-4.28276e-08
-1.69392e-07
-3.85165e-08
-1.65534e-07
-3.43087e-08
-1.61744e-07
-3.01781e-08
-1.57975e-07
-2.61026e-08
-1.54191e-07
-2.20636e-08
-1.50362e-07
-1.80456e-08
-1.46461e-07
-1.40361e-08
-1.42469e-07
-1.00246e-08
-1.38366e-07
-6.00324e-09
-1.34136e-07
-1.9661e-09
-1.29766e-07
2.09066e-09
-1.25241e-07
6.16888e-09
-1.20551e-07
1.02684e-08
-1.15683e-07
1.43871e-08
-1.10628e-07
1.85207e-08
-1.05376e-07
2.26629e-08
-9.99196e-08
2.68052e-08
-9.42498e-08
3.09367e-08
-8.83602e-08
3.50441e-08
-8.22451e-08
3.91117e-08
-7.58999e-08
4.31211e-08
-6.93214e-08
4.70511e-08
-6.25079e-08
5.08778e-08
-5.54596e-08
5.45742e-08
-4.81784e-08
5.81106e-08
-4.06686e-08
6.1454e-08
-3.29365e-08
6.45684e-08
-2.49909e-08
6.74149e-08
-1.68433e-08
6.99514e-08
-8.50745e-09
7.2133e-08
7.39117e-08
-1.57573e-07
-1.76397e-07
-1.53163e-07
-7.96899e-08
-1.51593e-07
-7.47644e-08
-1.50079e-07
-6.88079e-08
-1.48607e-07
-6.33084e-08
-1.47138e-07
-5.81966e-08
-1.45626e-07
-5.34034e-08
-1.44033e-07
-4.88658e-08
-1.42331e-07
-4.45298e-08
-1.40497e-07
-4.03501e-08
-1.38517e-07
-3.6289e-08
-1.3638e-07
-3.23154e-08
-1.34078e-07
-2.84041e-08
-1.31607e-07
-2.45344e-08
-1.28963e-07
-2.06894e-08
-1.26144e-07
-1.68555e-08
-1.23146e-07
-1.30222e-08
-1.19968e-07
-9.18136e-09
-1.16607e-07
-5.3271e-09
-1.13061e-07
-1.45575e-09
-1.09326e-07
2.43433e-09
-1.05401e-07
6.34281e-09
-1.01281e-07
1.02674e-08
-9.6964e-08
1.42037e-08
-9.24465e-08
1.81454e-08
-8.77254e-08
2.20841e-08
-8.27978e-08
2.60091e-08
-7.76612e-08
2.99075e-08
-7.23136e-08
3.3764e-08
-6.67534e-08
3.7561e-08
-6.09803e-08
4.1278e-08
-5.49947e-08
4.48921e-08
-4.87983e-08
4.83778e-08
-4.23942e-08
5.17065e-08
-3.57871e-08
5.48469e-08
-2.89835e-08
5.77647e-08
-2.19915e-08
6.0423e-08
-1.48217e-08
6.27816e-08
-7.48633e-09
6.47976e-08
6.64254e-08
-8.6684e-08
-8.42022e-08
-9.10464e-08
-7.53276e-08
-9.63874e-08
-6.94234e-08
-1.00918e-07
-6.42772e-08
-1.04591e-07
-5.96359e-08
-1.07447e-07
-5.53405e-08
-1.09563e-07
-5.12872e-08
-1.11022e-07
-4.74065e-08
-1.11903e-07
-4.36493e-08
-1.12273e-07
-3.99795e-08
-1.12192e-07
-3.63702e-08
-1.11708e-07
-3.28e-08
-1.1086e-07
-2.92521e-08
-1.09681e-07
-2.57129e-08
-1.08199e-07
-2.21716e-08
-1.06435e-07
-1.86196e-08
-1.04407e-07
-1.50502e-08
-1.02129e-07
-1.14588e-08
-9.96142e-08
-7.84226e-09
-9.68708e-08
-4.19921e-09
-9.39065e-08
-5.29933e-10
-9.07273e-08
3.16363e-09
-8.73378e-08
6.87785e-09
-8.37414e-08
1.06073e-08
-7.99409e-08
1.43449e-08
-7.59381e-08
1.80814e-08
-7.17348e-08
2.18058e-08
-6.73323e-08
2.5505e-08
-6.27319e-08
2.91637e-08
-5.79352e-08
3.27642e-08
-5.2944e-08
3.62867e-08
-4.77607e-08
3.97089e-08
-4.23885e-08
4.30056e-08
-3.68316e-08
4.61495e-08
-3.10951e-08
4.91104e-08
-2.51855e-08
5.18552e-08
-1.91109e-08
5.43483e-08
-1.28807e-08
5.65513e-08
-6.50607e-09
5.8423e-08
5.99193e-08
-1.56814e-08
-5.71466e-08
-3.41749e-08
-5.6834e-08
-4.80372e-08
-5.55611e-08
-5.8617e-08
-5.36973e-08
-6.67892e-08
-5.14638e-08
-7.31367e-08
-4.89929e-08
-7.806e-08
-4.6364e-08
-8.18419e-08
-4.36246e-08
-8.46885e-08
-4.08026e-08
-8.67537e-08
-3.79144e-08
-8.8155e-08
-3.49689e-08
-8.8984e-08
-3.1971e-08
-8.93132e-08
-2.89228e-08
-8.92011e-08
-2.5825e-08
-8.86947e-08
-2.26779e-08
-8.78329e-08
-1.94814e-08
-8.66473e-08
-1.62358e-08
-8.51643e-08
-1.29417e-08
-8.34059e-08
-9.60071e-09
-8.13901e-08
-6.215e-09
-7.91321e-08
-2.78796e-09
-7.66444e-08
6.75925e-10
-7.39374e-08
4.17091e-09
-7.10199e-08
7.68983e-09
-6.78991e-08
1.12241e-08
-6.45811e-08
1.47634e-08
-6.1071e-08
1.82957e-08
-5.73733e-08
2.18073e-08
-5.34921e-08
2.52825e-08
-4.94312e-08
2.87033e-08
-4.51944e-08
3.20499e-08
-4.07855e-08
3.53e-08
-3.6209e-08
3.84291e-08
-3.14697e-08
4.14102e-08
-2.65732e-08
4.42139e-08
-2.1526e-08
4.6808e-08
-1.63357e-08
4.9158e-08
-1.10109e-08
5.12266e-08
-5.56187e-09
5.29739e-08
5.43575e-08
-4.819e-09
-4.49796e-08
-1.62076e-08
-4.54455e-08
-2.63999e-08
-4.53687e-08
-3.52795e-08
-4.48178e-08
-4.28765e-08
-4.38667e-08
-4.92863e-08
-4.25831e-08
-5.46262e-08
-4.10241e-08
-5.90149e-08
-3.92359e-08
-6.25629e-08
-3.72547e-08
-6.53687e-08
-3.51085e-08
-6.75187e-08
-3.28189e-08
-6.90874e-08
-3.04023e-08
-7.01388e-08
-2.78714e-08
-7.07279e-08
-2.5236e-08
-7.09015e-08
-2.25043e-08
-7.06999e-08
-1.9683e-08
-7.01576e-08
-1.67781e-08
-6.93042e-08
-1.37952e-08
-6.81649e-08
-1.074e-08
-6.67614e-08
-7.61844e-09
-6.51124e-08
-4.43697e-09
-6.32338e-08
-1.20274e-09
-6.1139e-08
2.07618e-09
-5.88399e-08
5.39069e-09
-5.63463e-08
8.73048e-09
-5.36668e-08
1.20839e-08
-5.08089e-08
1.54378e-08
-4.7779e-08
1.87774e-08
-4.4583e-08
2.20864e-08
-4.1226e-08
2.53464e-08
-3.77133e-08
2.85371e-08
-3.40495e-08
3.16363e-08
-3.02398e-08
3.46194e-08
-2.62894e-08
3.74598e-08
-2.2204e-08
4.01284e-08
-1.79898e-08
4.25938e-08
-1.36538e-08
4.4822e-08
-9.20405e-09
4.67768e-08
-4.64941e-09
4.84193e-08
4.97081e-08
-2.05158e-09
-3.77365e-08
-9.21804e-09
-3.8279e-08
-1.60774e-08
-3.85094e-08
-2.24677e-08
-3.84276e-08
-2.82894e-08
-3.8045e-08
-3.34926e-08
-3.73799e-08
-3.80632e-08
-3.64535e-08
-4.20112e-08
-3.52879e-08
-4.53619e-08
-3.3904e-08
-4.81492e-08
-3.23212e-08
-5.04112e-08
-3.05569e-08
-5.21873e-08
-2.86262e-08
-5.35161e-08
-2.65426e-08
-5.44343e-08
-2.43178e-08
-5.49763e-08
-2.19624e-08
-5.51734e-08
-1.94859e-08
-5.50544e-08
-1.68971e-08
-5.46449e-08
-1.42047e-08
-5.39679e-08
-1.1417e-08
-5.30439e-08
-8.54239e-09
-5.18911e-08
-5.58979e-09
-5.05254e-08
-2.56849e-09
-4.89607e-08
5.11508e-10
-4.72093e-08
3.63935e-09
-4.5282e-08
6.80318e-09
-4.31882e-08
9.99001e-09
-4.09359e-08
1.31855e-08
-3.85326e-08
1.63741e-08
-3.59847e-08
1.95385e-08
-3.3298e-08
2.26597e-08
-3.04781e-08
2.57172e-08
-2.75301e-08
2.86883e-08
-2.44592e-08
3.15485e-08
-2.12705e-08
3.42711e-08
-1.79693e-08
3.68273e-08
-1.45616e-08
3.9186e-08
-1.10534e-08
4.13139e-08
-7.45186e-09
4.31752e-08
-3.76451e-09
4.47319e-08
4.59436e-08
-9.61348e-10
-3.30672e-08
-5.64308e-09
-3.35973e-08
-1.02344e-08
-3.3918e-08
-1.46436e-08
-3.40183e-08
-1.8796e-08
-3.38927e-08
-2.26354e-08
-3.35405e-08
-2.61238e-08
-3.29651e-08
-2.9239e-08
-3.21727e-08
-3.19717e-08
-3.11713e-08
-3.43228e-08
-2.99701e-08
-3.63009e-08
-2.85788e-08
-3.79197e-08
-2.70074e-08
-3.91965e-08
-2.52658e-08
-4.01504e-08
-2.33638e-08
-4.08018e-08
-2.1311e-08
-4.11708e-08
-1.91168e-08
-4.12773e-08
-1.67907e-08
-4.11401e-08
-1.43419e-08
-4.07769e-08
-1.17802e-08
-4.02042e-08
-9.11514e-09
-3.94369e-08
-6.35709e-09
-3.84886e-08
-3.51671e-09
-3.73717e-08
-6.05374e-10
-3.60972e-08
2.36478e-09
-3.46747e-08
5.38071e-09
-3.3113e-08
8.42832e-09
-3.14198e-08
1.14924e-08
-2.9602e-08
1.45563e-08
-2.76657e-08
1.76022e-08
-2.56166e-08
2.06106e-08
-2.34597e-08
2.35603e-08
-2.11999e-08
2.64285e-08
-1.88419e-08
2.91905e-08
-1.63903e-08
3.18195e-08
-1.38498e-08
3.42868e-08
-1.12253e-08
3.65616e-08
-8.52208e-09
3.86107e-08
-5.74584e-09
4.0399e-08
-2.90283e-09
4.18889e-08
4.30407e-08
-4.5027e-10
-3.01042e-08
-3.43499e-09
-3.06125e-08
-6.39182e-09
-3.09612e-08
-9.27229e-09
-3.11379e-08
-1.20321e-08
-3.11329e-08
-1.4633e-08
-3.09395e-08
-1.70443e-08
-3.05538e-08
-1.92429e-08
-2.99741e-08
-2.12131e-08
-2.92011e-08
-2.29459e-08
-2.82373e-08
-2.44379e-08
-2.70867e-08
-2.56908e-08
-2.57546e-08
-2.67096e-08
-2.4247e-08
-2.75025e-08
-2.2571e-08
-2.80792e-08
-2.07342e-08
-2.84511e-08
-1.8745e-08
-2.86298e-08
-1.66119e-08
-2.86274e-08
-1.43443e-08
-2.84558e-08
-1.19518e-08
-2.81262e-08
-9.4447e-09
-2.76495e-08
-6.83375e-09
-2.70358e-08
-4.13043e-09
-2.62943e-08
-1.34688e-09
-2.54335e-08
1.50393e-09
-2.44609e-08
4.40816e-09
-2.33836e-08
7.35096e-09
-2.22076e-08
1.03164e-08
-2.09385e-08
1.32872e-08
-1.95814e-08
1.62451e-08
-1.81408e-08
1.91699e-08
-1.66208e-08
2.20403e-08
-1.50254e-08
2.48331e-08
-1.33582e-08
2.75233e-08
-1.1623e-08
3.00843e-08
-9.82339e-09
3.24872e-08
-7.96313e-09
3.47013e-08
-6.0462e-09
3.66938e-08
-4.07686e-09
3.84297e-08
-2.05975e-09
3.98718e-08
4.0981e-08
-1.94251e-10
-2.84488e-08
-1.86513e-09
-2.89417e-08
-3.52807e-09
-2.92983e-08
-5.1593e-09
-2.95066e-08
-6.73596e-09
-2.95562e-08
-8.23712e-09
-2.94384e-08
-9.64454e-09
-2.91463e-08
-1.09433e-08
-2.86754e-08
-1.21218e-08
-2.80226e-08
-1.3172e-08
-2.71871e-08
-1.4089e-08
-2.61697e-08
-1.48709e-08
-2.49727e-08
-1.5518e-08
-2.35998e-08
-1.6033e-08
-2.2056e-08
-1.64197e-08
-2.03475e-08
-1.66834e-08
-1.84813e-08
-1.683e-08
-1.64653e-08
-1.6866e-08
-1.43084e-08
-1.67978e-08
-1.202e-08
-1.6632e-08
-9.61049e-09
-1.63749e-08
-7.09079e-09
-1.60327e-08
-4.47265e-09
-1.5611e-08
-1.76862e-09
-1.5115e-08
1.00793e-09
-1.45495e-08
3.84271e-09
-1.3919e-08
6.72044e-09
-1.32274e-08
9.62475e-09
-1.24782e-08
1.25381e-08
-1.16748e-08
1.54416e-08
-1.082e-08
1.83152e-08
-9.91664e-09
2.11369e-08
-8.96715e-09
2.38836e-08
-7.97397e-09
2.65302e-08
-6.93942e-09
2.90497e-08
-5.86582e-09
3.14136e-08
-4.75555e-09
3.3591e-08
-3.61108e-09
3.55493e-08
-2.43504e-09
3.72536e-08
-1.2303e-09
3.86671e-08
3.97507e-08
-5.35332e-11
-5.92406e-10
-1.12973e-09
-1.65832e-09
-2.17115e-09
-2.6616e-09
-3.12374e-09
-3.55251e-09
-3.94386e-09
-4.29475e-09
-4.60316e-09
-4.868e-09
-5.08901e-09
-5.26664e-09
-5.40191e-09
-5.49629e-09
-5.55153e-09
-5.56962e-09
-5.55263e-09
-5.50268e-09
-5.42185e-09
-5.31215e-09
-5.17549e-09
-5.01364e-09
-4.82823e-09
-4.62077e-09
-4.39261e-09
-4.14499e-09
-3.87904e-09
-3.59576e-09
-3.2961e-09
-2.98093e-09
-2.65107e-09
-2.30734e-09
-1.95052e-09
-1.58142e-09
-1.20089e-09
-8.09817e-10
-4.09166e-10
)
;

boundaryField
{
    top
    {
        type            calculated;
        value           nonuniform List<scalar> 
80
(
4.88744e-08
4.76275e-08
4.60512e-08
4.41839e-08
4.20621e-08
3.972e-08
3.71896e-08
3.45009e-08
3.16822e-08
2.87595e-08
2.57575e-08
2.2699e-08
1.96054e-08
1.64968e-08
1.33919e-08
1.03081e-08
7.262e-09
4.26902e-09
1.34371e-09
-1.50021e-09
-4.24982e-09
-6.89295e-09
-9.41817e-09
-1.18148e-08
-1.40727e-08
-1.6183e-08
-1.81371e-08
-1.99278e-08
-2.15487e-08
-2.29947e-08
-2.42619e-08
-2.53478e-08
-2.62517e-08
-2.69743e-08
-2.75183e-08
-2.7888e-08
-2.80895e-08
-2.81309e-08
-2.80215e-08
-2.77723e-08
-2.79154e-08
-2.84028e-08
-2.8761e-08
-2.8978e-08
-2.90434e-08
-2.89479e-08
-2.86842e-08
-2.82466e-08
-2.76313e-08
-2.68362e-08
-2.58613e-08
-2.47079e-08
-2.33788e-08
-2.18784e-08
-2.02122e-08
-1.83869e-08
-1.64101e-08
-1.42903e-08
-1.2037e-08
-9.66044e-09
-7.17161e-09
-4.58235e-09
-1.90528e-09
8.46075e-10
3.6573e-09
6.51298e-09
9.39659e-09
1.22905e-08
1.51757e-08
1.80319e-08
2.08373e-08
2.35684e-08
2.62003e-08
2.8706e-08
3.10568e-08
3.32219e-08
3.51688e-08
3.68625e-08
3.82664e-08
3.93415e-08
)
;
    }
    inlet
    {
        type            calculated;
        value           nonuniform List<scalar> 
80
(
1.69407e-20
4.06576e-20
-2.37169e-20
1.69407e-21
-3.38813e-21
1.35525e-20
1.01644e-20
-4.06576e-20
6.77626e-20
-2.71051e-20
0
1.49078e-19
1.0842e-19
0
-1.0842e-19
6.77626e-20
-1.0842e-19
-2.71051e-20
1.0842e-19
9.48677e-20
2.71051e-20
1.76183e-19
9.48677e-20
-1.35525e-19
6.77626e-20
-1.0842e-19
0
4.20128e-19
-2.71051e-19
2.43945e-19
5.42101e-20
6.77626e-20
-4.06576e-20
2.71051e-20
-4.06576e-20
1.35525e-20
-5.42101e-20
-6.77626e-20
6.77626e-20
6.77626e-20
-8.13152e-20
-8.13152e-20
2.30393e-19
5.42101e-20
-1.76183e-19
-1.0842e-19
1.35525e-20
1.76183e-19
2.03288e-19
-1.49078e-19
-4.33681e-19
-1.76183e-19
2.71051e-20
-6.77626e-20
4.06576e-20
-1.0842e-19
-1.49078e-19
8.13152e-20
-2.84603e-19
-4.06576e-20
-1.76183e-19
2.71051e-20
-1.21973e-19
-1.89735e-19
8.13152e-20
-1.35525e-19
-8.13152e-20
3.52366e-19
5.42101e-20
0
8.13152e-20
-8.13152e-20
-8.13152e-20
-8.13152e-20
0
-2.71051e-20
-1.69407e-21
2.71051e-20
-2.71051e-20
-3.89635e-20
)
;
    }
    axis
    {
        type            calculated;
        value           uniform 0;
    }
    frontAndBack
    {
        type            empty;
        value           nonuniform 0();
    }
}


// ************************************************************************* //
