/*--------------------------------*- C++ -*----------------------------------*\
  =========                 |
  \\      /  F ield         | OpenFOAM: The Open Source CFD Toolbox
   \\    /   O peration     | Website:  https://openfoam.org
    \\  /    A nd           | Version:  7
     \\/     M anipulation  |
\*---------------------------------------------------------------------------*/
FoamFile
{
    version     2.0;
    format      ascii;
    class       surfaceScalarField;
    location    "25000";
    object      phib;
}
// * * * * * * * * * * * * * * * * * * * * * * * * * * * * * * * * * * * * * //

dimensions      [0 3 -1 0 0 0 0];

internalField   nonuniform List<scalar> 
6280
(
-9.74994e-21
-1.71006e-16
-2.1028e-20
-1.67992e-16
-3.6131e-20
-1.65028e-16
-5.90877e-20
-1.62113e-16
-9.88526e-20
-1.59241e-16
-1.24647e-09
-1.56402e-16
-1.31881e-05
-1.53454e-16
-1.51318e-05
-1.39721e-16
-1.56137e-05
-1.27748e-16
-1.58833e-05
-1.16861e-16
-1.60673e-05
-1.06787e-16
-1.62044e-05
-9.73858e-17
-1.63118e-05
-8.85678e-17
-1.63989e-05
-8.02703e-17
-1.64711e-05
-7.24455e-17
-1.65323e-05
-6.50551e-17
-1.65848e-05
-5.80675e-17
-1.66305e-05
-5.14557e-17
-1.66707e-05
-4.51961e-17
-1.67064e-05
-3.9268e-17
-1.67382e-05
-3.36528e-17
-1.67669e-05
-2.83335e-17
-1.67929e-05
-2.32948e-17
-1.68165e-05
-1.18276e-15
-1.61857e-05
-6.52533e-07
-1.44034e-05
-1.80237e-06
-1.18598e-05
-2.56239e-06
-9.65399e-06
-2.22334e-06
-8.32264e-06
-1.34752e-06
-7.51477e-06
-8.22834e-07
-7.00996e-06
-5.18723e-07
-6.67251e-06
-3.50434e-07
-6.41528e-06
-2.69388e-07
-6.17518e-06
-2.51526e-07
-5.89585e-06
-2.90078e-07
-5.51346e-06
-3.92531e-07
-4.94184e-06
-5.81158e-07
-4.05357e-06
-8.9725e-07
-2.66641e-06
-1.39557e-06
-2.09216e-06
-5.82046e-07
-6.10903e-21
-1.71e-16
-1.20979e-20
-1.67986e-16
-1.74583e-20
-1.65023e-16
-2.01783e-20
-1.6211e-16
-1.41234e-20
-1.59247e-16
1.79207e-20
-1.56434e-16
7.26445e-20
-1.53678e-16
5.99714e-20
-1.50985e-16
4.97361e-20
-1.48334e-16
4.28376e-20
-1.45726e-16
3.80159e-20
-1.43161e-16
3.45135e-20
-1.40641e-16
3.18949e-20
-1.38165e-16
2.99024e-20
-1.35732e-16
2.83779e-20
-1.33341e-16
2.72214e-20
-1.30993e-16
2.63678e-20
-1.28686e-16
2.57732e-20
-1.26419e-16
2.54045e-20
-1.24192e-16
2.52284e-20
-1.22005e-16
2.51953e-20
-1.19856e-16
2.52086e-20
-1.17745e-16
2.50662e-20
-1.1567e-16
1.5664e-18
-1.13632e-16
7.26246e-09
-1.11629e-16
2.5684e-08
-1.09686e-16
3.3791e-08
-1.07777e-16
-2.15304e-06
-1.0589e-16
-3.48566e-06
-1.03434e-16
-4.30139e-06
-1.00721e-16
-4.81635e-06
-9.79139e-17
-5.1646e-06
-9.50972e-17
-5.43258e-06
-9.23126e-17
-5.68308e-06
-8.95782e-17
-5.97228e-06
-8.68973e-17
-6.36395e-06
-8.42632e-17
-6.9442e-06
-8.34733e-17
-7.71876e-06
-1.2165e-07
-8.23904e-06
-8.7344e-07
-9.70454e-06
-6.25913e-07
-2.49491e-21
-1.70997e-16
-4.32869e-21
-1.67984e-16
-4.64038e-21
-1.65023e-16
-2.06455e-21
-1.62113e-16
5.28669e-21
-1.59254e-16
1.86791e-20
-1.56447e-16
3.32499e-20
-1.53692e-16
3.69924e-20
-1.50989e-16
3.65002e-20
-1.48334e-16
3.4698e-20
-1.45724e-16
3.26656e-20
-1.43159e-16
3.07757e-20
-1.40639e-16
2.91376e-20
-1.38163e-16
2.77665e-20
-1.3573e-16
2.66473e-20
-1.3334e-16
2.57601e-20
-1.30992e-16
2.50894e-20
-1.28685e-16
2.46301e-20
-1.26419e-16
2.43938e-20
-1.24192e-16
2.44207e-20
-1.22005e-16
2.48043e-20
-1.19856e-16
2.57436e-20
-1.17745e-16
2.76501e-20
-1.15672e-16
3.13605e-20
-1.13636e-16
3.62608e-20
-1.11636e-16
2.2997e-20
-1.09673e-16
-1.0938e-20
-1.07743e-16
-5.19576e-21
-1.05841e-16
-1.52398e-21
-1.03974e-16
9.68206e-22
-1.02142e-16
2.78072e-21
-1.00342e-16
4.21589e-21
-9.85737e-17
5.47534e-21
-9.68371e-17
6.71273e-21
-9.51312e-17
8.06594e-21
-9.34555e-17
9.6802e-21
-9.18095e-17
1.19897e-20
-9.01926e-17
4.55512e-11
-9.61097e-17
6.20146e-10
-7.32875e-07
-9.19013e-06
1.09651e-08
-2.02738e-22
-1.70997e-16
1.34147e-22
-1.67984e-16
1.54976e-21
-1.65024e-16
4.56175e-21
-1.62116e-16
9.4605e-21
-1.59259e-16
1.58193e-20
-1.56454e-16
2.18812e-20
-1.53698e-16
2.5465e-20
-1.50993e-16
2.70176e-20
-1.48335e-16
2.73311e-20
-1.45724e-16
2.6989e-20
-1.43159e-16
2.63456e-20
-1.40639e-16
2.55994e-20
-1.38162e-16
2.48559e-20
-1.3573e-16
2.41692e-20
-1.3334e-16
2.35654e-20
-1.30991e-16
2.30558e-20
-1.28685e-16
2.26447e-20
-1.26418e-16
2.23313e-20
-1.24192e-16
2.21096e-20
-1.22005e-16
2.19608e-20
-1.19856e-16
2.18332e-20
-1.17745e-16
2.15926e-20
-1.15672e-16
2.09058e-20
-1.13635e-16
1.898e-20
-1.11634e-16
1.44504e-20
-1.09668e-16
8.64712e-21
-1.07737e-16
6.1652e-21
-1.05838e-16
5.21723e-21
-1.03974e-16
4.97245e-21
-1.02141e-16
5.04228e-21
-1.00342e-16
5.24507e-21
-9.85739e-17
5.49583e-21
-9.68373e-17
5.75275e-21
-9.51314e-17
5.98895e-21
-9.34557e-17
6.17447e-21
-9.18097e-17
6.25979e-21
-9.01927e-17
6.67683e-21
-9.47287e-17
3.74751e-10
-1.01514e-06
-8.80738e-06
1.09113e-08
9.41283e-22
-1.70998e-16
2.18971e-21
-1.67985e-16
4.01137e-21
-1.65026e-16
6.56565e-21
-1.62118e-16
9.81622e-21
-1.59262e-16
1.34322e-20
-1.56457e-16
1.67992e-20
-1.53702e-16
1.93441e-20
-1.50995e-16
2.09839e-20
-1.48337e-16
2.18817e-20
-1.45725e-16
2.22514e-20
-1.43159e-16
2.22773e-20
-1.40639e-16
2.20951e-20
-1.38162e-16
2.1797e-20
-1.35729e-16
2.1442e-20
-1.33339e-16
2.1065e-20
-1.30991e-16
2.06841e-20
-1.28684e-16
2.03044e-20
-1.26418e-16
1.9919e-20
-1.24191e-16
1.95083e-20
-1.22004e-16
1.90362e-20
-1.19856e-16
1.84439e-20
-1.17745e-16
1.76439e-20
-1.15671e-16
1.65204e-20
-1.13634e-16
1.49582e-20
-1.11633e-16
1.29543e-20
-1.09666e-16
1.08578e-20
-1.07735e-16
9.19206e-21
-1.05837e-16
7.98036e-21
-1.03972e-16
7.11344e-21
-1.02141e-16
6.46896e-21
-1.00341e-16
5.94193e-21
-9.85734e-17
5.44574e-21
-9.68368e-17
4.90477e-21
-9.51309e-17
4.24565e-21
-9.34551e-17
3.38917e-21
-9.18088e-17
2.24368e-21
-9.01916e-17
7.4947e-22
-9.64943e-17
6.11486e-10
-1.59848e-06
-8.428e-06
1.06687e-08
1.39193e-21
-1.70999e-16
2.92424e-21
-1.67987e-16
4.7144e-21
-1.65028e-16
6.80309e-21
-1.62121e-16
9.12828e-21
-1.59265e-16
1.15193e-20
-1.5646e-16
1.37394e-20
-1.53704e-16
1.5586e-20
-1.50997e-16
1.69803e-20
-1.48338e-16
1.79432e-20
-1.45726e-16
1.85447e-20
-1.4316e-16
1.88662e-20
-1.40639e-16
1.89816e-20
-1.38162e-16
1.89498e-20
-1.35729e-16
1.88139e-20
-1.33339e-16
1.86029e-20
-1.30991e-16
1.83336e-20
-1.28684e-16
1.80124e-20
-1.26418e-16
1.76369e-20
-1.24191e-16
1.71961e-20
-1.22004e-16
1.66719e-20
-1.19855e-16
1.60402e-20
-1.17744e-16
1.52756e-20
-1.1567e-16
1.43595e-20
-1.13633e-16
1.32948e-20
-1.11632e-16
1.21251e-20
-1.09665e-16
1.09422e-20
-1.07734e-16
9.84402e-21
-1.05836e-16
8.86916e-21
-1.03971e-16
8.0105e-21
-1.0214e-16
7.23555e-21
-1.0034e-16
6.49985e-21
-9.85726e-17
5.75314e-21
-9.68361e-17
4.9406e-21
-9.51301e-17
4.00117e-21
-9.34541e-17
2.86392e-21
-9.18077e-17
1.44256e-21
-9.01901e-17
-4.28213e-11
-9.72528e-17
1.1952e-09
-2.22808e-06
-8.0502e-06
9.0646e-09
1.48936e-21
-1.71001e-16
3.02661e-21
-1.67989e-16
4.65835e-21
-1.65029e-16
6.38934e-21
-1.62122e-16
8.17654e-21
-1.59267e-16
9.93606e-21
-1.56461e-16
1.15662e-20
-1.53706e-16
1.2981e-20
-1.50999e-16
1.41344e-20
-1.48339e-16
1.50207e-20
-1.45727e-16
1.56611e-20
-1.43161e-16
1.60901e-20
-1.40639e-16
1.63446e-20
-1.38163e-16
1.64584e-20
-1.35729e-16
1.64591e-20
-1.33339e-16
1.63673e-20
-1.30991e-16
1.6197e-20
-1.28684e-16
1.59558e-20
-1.26417e-16
1.56465e-20
-1.24191e-16
1.52679e-20
-1.22003e-16
1.48162e-20
-1.19855e-16
1.42874e-20
-1.17744e-16
1.36798e-20
-1.1567e-16
1.29975e-20
-1.13632e-16
1.22536e-20
-1.11631e-16
1.14717e-20
-1.09664e-16
1.06824e-20
-1.07733e-16
9.91426e-21
-1.05835e-16
9.18413e-21
-1.03971e-16
8.4958e-21
-1.02139e-16
7.84282e-21
-1.0034e-16
7.21231e-21
-9.8572e-17
6.58818e-21
-9.68354e-17
5.9538e-21
-9.51294e-17
5.29428e-21
-9.34535e-17
4.59904e-21
-9.1807e-17
3.86523e-21
-9.01894e-17
3.40633e-21
-9.8072e-17
1.866e-09
-2.58657e-06
-7.67205e-06
6.28309e-09
1.42803e-21
-1.71002e-16
2.85913e-21
-1.6799e-16
4.30799e-21
-1.65031e-16
5.769e-21
-1.62124e-16
7.21538e-21
-1.59268e-16
8.6044e-21
-1.56463e-16
9.88807e-21
-1.53707e-16
1.10254e-20
-1.51e-16
1.19911e-20
-1.4834e-16
1.27772e-20
-1.45728e-16
1.33894e-20
-1.43161e-16
1.38424e-20
-1.4064e-16
1.41545e-20
-1.38163e-16
1.43447e-20
-1.3573e-16
1.443e-20
-1.33339e-16
1.44245e-20
-1.30991e-16
1.43394e-20
-1.28684e-16
1.41828e-20
-1.26417e-16
1.39601e-20
-1.24191e-16
1.36753e-20
-1.22003e-16
1.33316e-20
-1.19854e-16
1.29327e-20
-1.17743e-16
1.24838e-20
-1.15669e-16
1.19925e-20
-1.13632e-16
1.14696e-20
-1.1163e-16
1.09284e-20
-1.09664e-16
1.03833e-20
-1.07732e-16
9.84764e-21
-1.05834e-16
9.33149e-21
-1.0397e-16
8.84157e-21
-1.02139e-16
8.38188e-21
-1.00339e-16
7.95521e-21
-9.85716e-17
7.56517e-21
-9.68351e-17
7.21834e-21
-9.51291e-17
6.92694e-21
-9.34532e-17
6.71189e-21
-9.18067e-17
6.60683e-21
-9.01893e-17
7.37637e-21
-1.0051e-16
2.20231e-09
-2.69711e-06
-7.29455e-06
4.12609e-09
1.30627e-21
-1.71004e-16
2.59628e-21
-1.67991e-16
3.87097e-21
-1.65032e-16
5.12223e-21
-1.62125e-16
6.3329e-21
-1.59269e-16
7.47969e-21
-1.56464e-16
8.53787e-21
-1.53708e-16
9.48627e-21
-1.51001e-16
1.03108e-20
-1.48341e-16
1.10054e-20
-1.45728e-16
1.15714e-20
-1.43162e-16
1.20153e-20
-1.4064e-16
1.23467e-20
-1.38163e-16
1.25763e-20
-1.3573e-16
1.27151e-20
-1.33339e-16
1.27729e-20
-1.30991e-16
1.27584e-20
-1.28684e-16
1.26792e-20
-1.26417e-16
1.25417e-20
-1.2419e-16
1.23515e-20
-1.22003e-16
1.21143e-20
-1.19854e-16
1.1836e-20
-1.17743e-16
1.1523e-20
-1.15669e-16
1.11828e-20
-1.13632e-16
1.08238e-20
-1.1163e-16
1.0455e-20
-1.09664e-16
1.00856e-20
-1.07732e-16
9.72448e-21
-1.05834e-16
9.37947e-21
-1.0397e-16
9.05771e-21
-1.02138e-16
8.76581e-21
-1.00339e-16
8.51049e-21
-9.85713e-17
8.29932e-21
-9.68348e-17
8.14156e-21
-9.51289e-17
8.0488e-21
-9.34531e-17
8.03547e-21
-9.18067e-17
8.11885e-21
-9.01894e-17
9.43769e-21
-1.03861e-16
2.21837e-09
-2.68524e-06
-6.91947e-06
2.76447e-09
1.17006e-21
-1.71005e-16
2.31697e-21
-1.67992e-16
3.43622e-21
-1.65033e-16
4.51964e-21
-1.62126e-16
5.55551e-21
-1.5927e-16
6.53001e-21
-1.56465e-16
7.42927e-21
-1.53709e-16
8.24155e-21
-1.51002e-16
8.95875e-21
-1.48342e-16
9.57696e-21
-1.45729e-16
1.00963e-20
-1.43162e-16
1.05199e-20
-1.40641e-16
1.08533e-20
-1.38164e-16
1.11032e-20
-1.3573e-16
1.12768e-20
-1.33339e-16
1.13812e-20
-1.30991e-16
1.14234e-20
-1.28684e-16
1.14098e-20
-1.26417e-16
1.13466e-20
-1.2419e-16
1.12397e-20
-1.22003e-16
1.10948e-20
-1.19854e-16
1.0918e-20
-1.17743e-16
1.07154e-20
-1.15669e-16
1.04935e-20
-1.13631e-16
1.02589e-20
-1.1163e-16
1.00184e-20
-1.09663e-16
9.77879e-21
-1.07732e-16
9.54658e-21
-1.05834e-16
9.32791e-21
-1.0397e-16
9.1286e-21
-1.02138e-16
8.95419e-21
-1.00339e-16
8.81006e-21
-9.85712e-17
8.70157e-21
-9.68347e-17
8.63405e-21
-9.51289e-17
8.61268e-21
-9.34531e-17
8.64213e-21
-9.18068e-17
8.72584e-21
-9.01895e-17
1.03936e-20
-1.11779e-16
2.09535e-09
-2.62187e-06
-6.54802e-06
1.91152e-09
1.03927e-21
-1.71006e-16
2.0542e-21
-1.67993e-16
3.03854e-21
-1.65034e-16
3.98485e-21
-1.62127e-16
4.88462e-21
-1.59271e-16
5.7289e-21
-1.56466e-16
6.50927e-21
-1.5371e-16
7.21874e-21
-1.51002e-16
7.85248e-21
-1.48342e-16
8.40809e-21
-1.4573e-16
8.88548e-21
-1.43163e-16
9.28658e-21
-1.40641e-16
9.61483e-21
-1.38164e-16
9.87473e-21
-1.3573e-16
1.00714e-20
-1.3334e-16
1.02101e-20
-1.30991e-16
1.02965e-20
-1.28684e-16
1.03359e-20
-1.26417e-16
1.03337e-20
-1.2419e-16
1.02953e-20
-1.22003e-16
1.02258e-20
-1.19854e-16
1.01307e-20
-1.17743e-16
1.00151e-20
-1.15669e-16
9.88451e-21
-1.13631e-16
9.74416e-21
-1.1163e-16
9.59927e-21
-1.09663e-16
9.45489e-21
-1.07731e-16
9.31581e-21
-1.05834e-16
9.1865e-21
-1.03969e-16
9.07107e-21
-1.02138e-16
8.97323e-21
-1.00339e-16
8.89626e-21
-9.85711e-17
8.8429e-21
-9.68347e-17
8.81531e-21
-9.51288e-17
8.8148e-21
-9.34531e-17
8.84161e-21
-9.18068e-17
8.8946e-21
-9.01895e-17
1.13205e-20
-1.33972e-16
1.92947e-09
-2.53554e-06
-6.18093e-06
1.34318e-09
9.21385e-22
-1.71007e-16
1.81966e-21
-1.67994e-16
2.68843e-21
-1.65035e-16
3.52123e-21
-1.62128e-16
4.31159e-21
-1.59272e-16
5.05327e-21
-1.56466e-16
5.74075e-21
-1.5371e-16
6.36962e-21
-1.51003e-16
6.93687e-21
-1.48343e-16
7.44103e-21
-1.4573e-16
7.88213e-21
-1.43163e-16
8.26153e-21
-1.40641e-16
8.58165e-21
-1.38164e-16
8.84574e-21
-1.35731e-16
9.05759e-21
-1.3334e-16
9.22137e-21
-1.30991e-16
9.34144e-21
-1.28684e-16
9.42227e-21
-1.26417e-16
9.46835e-21
-1.2419e-16
9.4842e-21
-1.22003e-16
9.47428e-21
-1.19854e-16
9.44304e-21
-1.17743e-16
9.39485e-21
-1.15669e-16
9.33401e-21
-1.13631e-16
9.26466e-21
-1.11629e-16
9.19079e-21
-1.09663e-16
9.11611e-21
-1.07731e-16
9.0441e-21
-1.05834e-16
8.97787e-21
-1.03969e-16
8.92014e-21
-1.02138e-16
8.87321e-21
-1.00339e-16
8.83889e-21
-9.85711e-17
8.81843e-21
-9.68347e-17
8.81248e-21
-9.51288e-17
8.82097e-21
-9.34531e-17
8.84307e-21
-9.18068e-17
8.87708e-21
-9.01896e-17
1.34947e-20
-1.71563e-16
1.75551e-09
-2.437e-06
-5.81866e-06
9.43022e-10
8.18245e-22
-1.71008e-16
1.61547e-21
-1.67995e-16
2.38582e-21
-1.65036e-16
3.12382e-21
-1.62129e-16
3.82436e-21
-1.59273e-16
4.48288e-21
-1.56467e-16
5.09553e-21
-1.53711e-16
5.65934e-21
-1.51003e-16
6.17238e-21
-1.48344e-16
6.63375e-21
-1.45731e-16
7.04361e-21
-1.43164e-16
7.40302e-21
-1.40642e-16
7.71384e-21
-1.38165e-16
7.97853e-21
-1.35731e-16
8.20005e-21
-1.3334e-16
8.38165e-21
-1.30991e-16
8.52683e-21
-1.28684e-16
8.63921e-21
-1.26417e-16
8.72248e-21
-1.2419e-16
8.78034e-21
-1.22003e-16
8.81646e-21
-1.19854e-16
8.83445e-21
-1.17743e-16
8.83782e-21
-1.15669e-16
8.82997e-21
-1.13631e-16
8.81409e-21
-1.11629e-16
8.79321e-21
-1.09663e-16
8.77008e-21
-1.07731e-16
8.74719e-21
-1.05834e-16
8.72671e-21
-1.03969e-16
8.71046e-21
-1.02138e-16
8.69989e-21
-1.00339e-16
8.69603e-21
-9.85711e-17
8.69948e-21
-9.68347e-17
8.71041e-21
-9.51289e-17
8.72852e-21
-9.34531e-17
8.75306e-21
-9.18068e-17
8.78286e-21
-9.01896e-17
1.70846e-20
-2.30378e-16
1.58468e-09
-2.33047e-06
-5.46156e-06
6.51392e-10
7.2925e-22
-1.71008e-16
1.43976e-21
-1.67996e-16
2.12643e-21
-1.65036e-16
2.78467e-21
-1.62129e-16
3.41041e-21
-1.59273e-16
4.00018e-21
-1.56468e-16
4.55117e-21
-1.53712e-16
5.06128e-21
-1.51004e-16
5.52921e-21
-1.48344e-16
5.95443e-21
-1.45731e-16
6.33718e-21
-1.43164e-16
6.67835e-21
-1.40642e-16
6.9794e-21
-1.38165e-16
7.24229e-21
-1.35731e-16
7.46936e-21
-1.3334e-16
7.66319e-21
-1.30992e-16
7.8266e-21
-1.28684e-16
7.96249e-21
-1.26417e-16
8.07385e-21
-1.24191e-16
8.16368e-21
-1.22003e-16
8.23492e-21
-1.19854e-16
8.29047e-21
-1.17743e-16
8.33311e-21
-1.15669e-16
8.36549e-21
-1.13631e-16
8.39011e-21
-1.11629e-16
8.40923e-21
-1.09663e-16
8.42494e-21
-1.07731e-16
8.43905e-21
-1.05834e-16
8.45313e-21
-1.03969e-16
8.46844e-21
-1.02138e-16
8.48598e-21
-1.00339e-16
8.50643e-21
-9.85711e-17
8.53017e-21
-9.68347e-17
8.5573e-21
-9.51289e-17
8.58765e-21
-9.34531e-17
8.62078e-21
-9.18069e-17
8.65607e-21
-9.01896e-17
2.2628e-20
-2.75524e-16
1.42059e-09
-2.21784e-06
-5.10993e-06
4.35425e-10
6.52877e-22
-1.71009e-16
1.28918e-21
-1.67996e-16
1.9046e-21
-1.65037e-16
2.49531e-21
-1.6213e-16
3.05807e-21
-1.59274e-16
3.59015e-21
-1.56468e-16
4.08943e-21
-1.53712e-16
4.55438e-21
-1.51004e-16
4.98412e-21
-1.48344e-16
5.37832e-21
-1.45731e-16
5.73724e-21
-1.43164e-16
6.06166e-21
-1.40643e-16
6.35277e-21
-1.38165e-16
6.61214e-21
-1.35731e-16
6.84164e-21
-1.3334e-16
7.04336e-21
-1.30992e-16
7.21955e-21
-1.28684e-16
7.37254e-21
-1.26418e-16
7.50475e-21
-1.24191e-16
7.61855e-21
-1.22003e-16
7.71633e-21
-1.19854e-16
7.80038e-21
-1.17743e-16
7.8729e-21
-1.15669e-16
7.93597e-21
-1.13631e-16
7.99152e-21
-1.1163e-16
8.04131e-21
-1.09663e-16
8.08692e-21
-1.07731e-16
8.12974e-21
-1.05834e-16
8.17093e-21
-1.03969e-16
8.21145e-21
-1.02138e-16
8.25205e-21
-1.00339e-16
8.29326e-21
-9.85711e-17
8.33541e-21
-9.68347e-17
8.37865e-21
-9.51289e-17
8.42296e-21
-9.34532e-17
8.46819e-21
-9.18069e-17
8.51405e-21
-9.01897e-17
2.66555e-20
-3.06628e-16
1.26467e-09
-2.10019e-06
-4.76404e-06
2.75333e-10
5.8736e-22
-1.71009e-16
1.1601e-21
-1.67997e-16
1.71462e-21
-1.65038e-16
2.2478e-21
-1.6213e-16
2.75699e-21
-1.59274e-16
3.24005e-21
-1.56469e-16
3.69536e-21
-1.53712e-16
4.12176e-21
-1.51005e-16
4.51862e-21
-1.48345e-16
4.88576e-21
-1.45732e-16
5.22345e-21
-1.43165e-16
5.53235e-21
-1.40643e-16
5.81344e-21
-1.38165e-16
6.06801e-21
-1.35732e-16
6.29756e-21
-1.33341e-16
6.50378e-21
-1.30992e-16
6.68848e-21
-1.28685e-16
6.85354e-21
-1.26418e-16
7.00089e-21
-1.24191e-16
7.13244e-21
-1.22003e-16
7.2501e-21
-1.19854e-16
7.35568e-21
-1.17743e-16
7.45095e-21
-1.15669e-16
7.53753e-21
-1.13631e-16
7.61695e-21
-1.1163e-16
7.69058e-21
-1.09663e-16
7.75967e-21
-1.07731e-16
7.8253e-21
-1.05834e-16
7.88839e-21
-1.03969e-16
7.94971e-21
-1.02138e-16
8.00986e-21
-1.00339e-16
8.06932e-21
-9.85712e-17
8.12841e-21
-9.68348e-17
8.18733e-21
-9.5129e-17
8.24616e-21
-9.34532e-17
8.3049e-21
-9.1807e-17
8.36347e-21
-9.01897e-17
2.91885e-20
-3.18937e-16
1.11772e-09
-1.97833e-06
-4.42416e-06
1.58278e-10
5.30989e-22
-1.7101e-16
1.04907e-21
-1.67998e-16
1.55128e-21
-1.65038e-16
2.03505e-21
-1.62131e-16
2.49827e-21
-1.59275e-16
2.93922e-21
-1.56469e-16
3.35664e-21
-1.53713e-16
3.74965e-21
-1.51005e-16
4.1178e-21
-1.48345e-16
4.46099e-21
-1.45732e-16
4.77949e-21
-1.43165e-16
5.07385e-21
-1.40643e-16
5.34489e-21
-1.38166e-16
5.59368e-21
-1.35732e-16
5.82143e-21
-1.33341e-16
6.02951e-21
-1.30992e-16
6.21938e-21
-1.28685e-16
6.39257e-21
-1.26418e-16
6.55062e-21
-1.24191e-16
6.69507e-21
-1.22003e-16
6.82746e-21
-1.19854e-16
6.94923e-21
-1.17743e-16
7.06179e-21
-1.15669e-16
7.16644e-21
-1.13631e-16
7.2644e-21
-1.1163e-16
7.35678e-21
-1.09663e-16
7.44455e-21
-1.07732e-16
7.5286e-21
-1.05834e-16
7.60968e-21
-1.03969e-16
7.68844e-21
-1.02138e-16
7.76541e-21
-1.00339e-16
7.84102e-21
-9.85713e-17
7.9156e-21
-9.68349e-17
7.9894e-21
-9.51291e-17
8.06258e-21
-9.34533e-17
8.13524e-21
-9.1807e-17
8.2074e-21
-9.01898e-17
2.98467e-20
-3.15398e-16
9.80356e-10
-1.85295e-06
-4.09056e-06
7.52838e-11
4.82225e-22
-1.7101e-16
9.53026e-22
-1.67998e-16
1.40997e-21
-1.65039e-16
1.85099e-21
-1.62131e-16
2.27436e-21
-1.59275e-16
2.67874e-21
-1.5647e-16
3.06311e-21
-1.53713e-16
3.42683e-21
-1.51006e-16
3.76955e-21
-1.48346e-16
4.09124e-21
-1.45732e-16
4.39215e-21
-1.43165e-16
4.67275e-21
-1.40643e-16
4.93373e-21
-1.38166e-16
5.17596e-21
-1.35732e-16
5.40045e-21
-1.33341e-16
5.60832e-21
-1.30992e-16
5.80075e-21
-1.28685e-16
5.97897e-21
-1.26418e-16
6.14424e-21
-1.24191e-16
6.29781e-21
-1.22004e-16
6.44091e-21
-1.19854e-16
6.57472e-21
-1.17743e-16
6.70035e-21
-1.15669e-16
6.81888e-21
-1.13631e-16
6.93128e-21
-1.1163e-16
7.03844e-21
-1.09663e-16
7.14118e-21
-1.07732e-16
7.24021e-21
-1.05834e-16
7.33617e-21
-1.0397e-16
7.42961e-21
-1.02138e-16
7.521e-21
-1.00339e-16
7.61076e-21
-9.85714e-17
7.69923e-21
-9.6835e-17
7.78672e-21
-9.51291e-17
7.8735e-21
-9.34534e-17
7.95985e-21
-9.18071e-17
8.04606e-21
-9.01899e-17
2.89926e-20
-3.03643e-16
8.5285e-10
-1.72462e-06
-3.76351e-06
1.94346e-11
4.39734e-22
-1.71011e-16
8.69322e-22
-1.67998e-16
1.28679e-21
-1.65039e-16
1.69046e-21
-1.62132e-16
2.07895e-21
-1.59276e-16
2.4512e-21
-1.5647e-16
2.80641e-21
-1.53714e-16
3.14408e-21
-1.51006e-16
3.46397e-21
-1.48346e-16
3.76609e-21
-1.45733e-16
4.05067e-21
-1.43166e-16
4.31811e-21
-1.40644e-16
4.569e-21
-1.38166e-16
4.80406e-21
-1.35732e-16
5.02413e-21
-1.33341e-16
5.23012e-21
-1.30993e-16
5.42302e-21
-1.28685e-16
5.60382e-21
-1.26418e-16
5.77356e-21
-1.24191e-16
5.93325e-21
-1.22004e-16
6.08389e-21
-1.19855e-16
6.22645e-21
-1.17743e-16
6.36185e-21
-1.15669e-16
6.49094e-21
-1.13632e-16
6.61452e-21
-1.1163e-16
6.73333e-21
-1.09664e-16
6.84804e-21
-1.07732e-16
6.95924e-21
-1.05834e-16
7.06746e-21
-1.0397e-16
7.17316e-21
-1.02138e-16
7.27676e-21
-1.00339e-16
7.3786e-21
-9.85715e-17
7.47901e-21
-9.68351e-17
7.57825e-21
-9.51292e-17
7.67657e-21
-9.34535e-17
7.7742e-21
-9.18072e-17
7.8714e-21
-9.019e-17
2.73473e-20
-2.89546e-16
7.33186e-10
-1.59382e-06
-3.44332e-06
-8.88384e-12
4.02385e-22
-1.71011e-16
7.95725e-22
-1.67999e-16
1.17843e-21
-1.65039e-16
1.54914e-21
-1.62132e-16
1.90677e-21
-1.59276e-16
2.25046e-21
-1.5647e-16
2.5796e-21
-1.53714e-16
2.89382e-21
-1.51006e-16
3.19295e-21
-1.48346e-16
3.47701e-21
-1.45733e-16
3.74622e-21
-1.43166e-16
4.00095e-21
-1.40644e-16
4.24169e-21
-1.38166e-16
4.46906e-21
-1.35733e-16
4.68374e-21
-1.33342e-16
4.88651e-21
-1.30993e-16
5.07817e-21
-1.28685e-16
5.25956e-21
-1.26418e-16
5.43153e-21
-1.24192e-16
5.59492e-21
-1.22004e-16
5.75055e-21
-1.19855e-16
5.89923e-21
-1.17743e-16
6.04169e-21
-1.15669e-16
6.17866e-21
-1.13632e-16
6.3108e-21
-1.1163e-16
6.43871e-21
-1.09664e-16
6.56294e-21
-1.07732e-16
6.68398e-21
-1.05834e-16
6.80226e-21
-1.0397e-16
6.91818e-21
-1.02138e-16
7.03206e-21
-1.00339e-16
7.14418e-21
-9.85716e-17
7.25477e-21
-9.68352e-17
7.36403e-21
-9.51294e-17
7.47209e-21
-9.34536e-17
7.57905e-21
-9.18073e-17
7.68494e-21
-9.01901e-17
2.54911e-20
-2.72774e-16
6.22351e-10
-1.46096e-06
-3.13032e-06
-2.06529e-11
3.69227e-22
-1.71012e-16
7.30361e-22
-1.67999e-16
1.08212e-21
-1.6504e-16
1.42344e-21
-1.62132e-16
1.75344e-21
-1.59276e-16
2.07145e-21
-1.56471e-16
2.377e-21
-1.53714e-16
2.66982e-21
-1.51007e-16
2.94979e-21
-1.48346e-16
3.21697e-21
-1.45733e-16
3.47156e-21
-1.43166e-16
3.71388e-21
-1.40644e-16
3.94437e-21
-1.38167e-16
4.16355e-21
-1.35733e-16
4.37201e-21
-1.33342e-16
4.5704e-21
-1.30993e-16
4.75939e-21
-1.28685e-16
4.93971e-21
-1.26419e-16
5.11205e-21
-1.24192e-16
5.27712e-21
-1.22004e-16
5.43561e-21
-1.19855e-16
5.5882e-21
-1.17744e-16
5.73551e-21
-1.15669e-16
5.87814e-21
-1.13632e-16
6.01664e-21
-1.1163e-16
6.15152e-21
-1.09664e-16
6.28323e-21
-1.07732e-16
6.41218e-21
-1.05834e-16
6.53873e-21
-1.0397e-16
6.66319e-21
-1.02138e-16
6.78582e-21
-1.00339e-16
6.90685e-21
-9.85717e-17
7.02645e-21
-9.68353e-17
7.14475e-21
-9.51295e-17
7.26187e-21
-9.34537e-17
7.37785e-21
-9.18075e-17
7.49275e-21
-9.01902e-17
2.3448e-20
-2.53696e-16
5.21868e-10
-1.32646e-06
-2.82484e-06
-2.7228e-11
3.39469e-22
-1.71012e-16
6.71676e-22
-1.68e-16
9.95599e-22
-1.6504e-16
1.31039e-21
-1.62133e-16
1.61535e-21
-1.59277e-16
1.90997e-21
-1.56471e-16
2.1939e-21
-1.53715e-16
2.46693e-21
-1.51007e-16
2.729e-21
-1.48347e-16
2.98018e-21
-1.45734e-16
3.22067e-21
-1.43166e-16
3.45076e-21
-1.40644e-16
3.67084e-21
-1.38167e-16
3.88136e-21
-1.35733e-16
4.08283e-21
-1.33342e-16
4.27581e-21
-1.30993e-16
4.46088e-21
-1.28686e-16
4.63866e-21
-1.26419e-16
4.80974e-21
-1.24192e-16
4.97475e-21
-1.22004e-16
5.13427e-21
-1.19855e-16
5.28887e-21
-1.17744e-16
5.4391e-21
-1.1567e-16
5.58546e-21
-1.13632e-16
5.72844e-21
-1.1163e-16
5.86845e-21
-1.09664e-16
6.00589e-21
-1.07732e-16
6.1411e-21
-1.05834e-16
6.27439e-21
-1.0397e-16
6.406e-21
-1.02139e-16
6.53614e-21
-1.00339e-16
6.66499e-21
-9.85718e-17
6.79268e-21
-9.68354e-17
6.9193e-21
-9.51296e-17
7.04493e-21
-9.34538e-17
7.16959e-21
-9.18076e-17
7.29333e-21
-9.01903e-17
2.126e-20
-2.34305e-16
4.31293e-10
-1.19074e-06
-2.52727e-06
-3.02437e-11
3.12461e-22
-1.71012e-16
6.18384e-22
-1.68e-16
9.16963e-22
-1.6504e-16
1.20752e-21
-1.62133e-16
1.48953e-21
-1.59277e-16
1.76259e-21
-1.56471e-16
2.02643e-21
-1.53715e-16
2.28092e-21
-1.51007e-16
2.52604e-21
-1.48347e-16
2.76188e-21
-1.45734e-16
2.98862e-21
-1.43167e-16
3.20653e-21
-1.40645e-16
3.41596e-21
-1.38167e-16
3.61732e-21
-1.35733e-16
3.81105e-21
-1.33342e-16
3.99765e-21
-1.30993e-16
4.17764e-21
-1.28686e-16
4.35154e-21
-1.26419e-16
4.5199e-21
-1.24192e-16
4.68325e-21
-1.22004e-16
4.84211e-21
-1.19855e-16
4.99699e-21
-1.17744e-16
5.14838e-21
-1.1567e-16
5.29672e-21
-1.13632e-16
5.44245e-21
-1.11631e-16
5.58593e-21
-1.09664e-16
5.72751e-21
-1.07732e-16
5.8675e-21
-1.05835e-16
6.00615e-21
-1.0397e-16
6.14368e-21
-1.02139e-16
6.28024e-21
-1.00339e-16
6.41598e-21
-9.8572e-17
6.55099e-21
-9.68355e-17
6.68531e-21
-9.51297e-17
6.81897e-21
-9.3454e-17
6.95198e-21
-9.18077e-17
7.08429e-21
-9.01905e-17
1.91028e-20
-2.14361e-16
3.50326e-10
-1.05427e-06
-2.23803e-06
-3.06007e-11
2.87666e-22
-1.71013e-16
5.69434e-22
-1.68e-16
8.44669e-22
-1.65041e-16
1.11284e-21
-1.62133e-16
1.37355e-21
-1.59277e-16
1.62648e-21
-1.56471e-16
1.87144e-21
-1.53715e-16
2.10835e-21
-1.51007e-16
2.33722e-21
-1.48347e-16
2.55816e-21
-1.45734e-16
2.77133e-21
-1.43167e-16
2.977e-21
-1.40645e-16
3.17548e-21
-1.38167e-16
3.36714e-21
-1.35733e-16
3.55238e-21
-1.33342e-16
3.73165e-21
-1.30994e-16
3.90542e-21
-1.28686e-16
4.07416e-21
-1.26419e-16
4.23836e-21
-1.24192e-16
4.39852e-21
-1.22005e-16
4.5551e-21
-1.19855e-16
4.70859e-21
-1.17744e-16
4.85942e-21
-1.1567e-16
5.00803e-21
-1.13632e-16
5.15481e-21
-1.11631e-16
5.30012e-21
-1.09664e-16
5.44429e-21
-1.07732e-16
5.5876e-21
-1.05835e-16
5.73029e-21
-1.0397e-16
5.87255e-21
-1.02139e-16
6.01452e-21
-1.0034e-16
6.15631e-21
-9.85721e-17
6.29797e-21
-9.68357e-17
6.4395e-21
-9.51299e-17
6.58088e-21
-9.34541e-17
6.72207e-21
-9.18079e-17
6.86299e-21
-9.01906e-17
1.69608e-20
-1.94475e-16
2.78729e-10
-9.17565e-07
-1.9576e-06
-2.9112e-11
2.64647e-22
-1.71013e-16
5.23967e-22
-1.68e-16
7.77459e-22
-1.65041e-16
1.02472e-21
-1.62134e-16
1.26542e-21
-1.59277e-16
1.49934e-21
-1.56472e-16
1.72635e-21
-1.53715e-16
1.9464e-21
-1.51007e-16
2.15953e-21
-1.48347e-16
2.36583e-21
-1.45734e-16
2.5655e-21
-1.43167e-16
2.75876e-21
-1.40645e-16
2.94591e-21
-1.38167e-16
3.12728e-21
-1.35734e-16
3.30325e-21
-1.33343e-16
3.47423e-21
-1.30994e-16
3.64063e-21
-1.28686e-16
3.80291e-21
-1.26419e-16
3.96152e-21
-1.24192e-16
4.11692e-21
-1.22005e-16
4.26958e-21
-1.19855e-16
4.41994e-21
-1.17744e-16
4.56844e-21
-1.1567e-16
4.71551e-21
-1.13632e-16
4.86156e-21
-1.11631e-16
5.00694e-21
-1.09664e-16
5.15201e-21
-1.07733e-16
5.29706e-21
-1.05835e-16
5.44234e-21
-1.0397e-16
5.58807e-21
-1.02139e-16
5.7344e-21
-1.0034e-16
5.8814e-21
-9.85722e-17
6.0291e-21
-9.68358e-17
6.17746e-21
-9.513e-17
6.32636e-21
-9.34543e-17
6.47563e-21
-9.1808e-17
6.625e-21
-9.01907e-17
1.48815e-20
-1.75188e-16
2.16138e-10
-7.81191e-07
-1.68655e-06
-2.64165e-11
2.43055e-22
-1.71013e-16
4.81293e-22
-1.68001e-16
7.14322e-22
-1.65041e-16
9.41824e-22
-1.62134e-16
1.16356e-21
-1.59278e-16
1.37935e-21
-1.56472e-16
1.58912e-21
-1.53715e-16
1.79283e-21
-1.51008e-16
1.99055e-21
-1.48348e-16
2.18238e-21
-1.45734e-16
2.36849e-21
-1.43167e-16
2.54909e-21
-1.40645e-16
2.72447e-21
-1.38168e-16
2.89493e-21
-1.35734e-16
3.06081e-21
-1.33343e-16
3.22248e-21
-1.30994e-16
3.38035e-21
-1.28686e-16
3.53483e-21
-1.26419e-16
3.68636e-21
-1.24193e-16
3.83538e-21
-1.22005e-16
3.98234e-21
-1.19856e-16
4.1277e-21
-1.17744e-16
4.27191e-21
-1.1567e-16
4.41543e-21
-1.13633e-16
4.55867e-21
-1.11631e-16
4.70207e-21
-1.09665e-16
4.84602e-21
-1.07733e-16
4.99089e-21
-1.05835e-16
5.137e-21
-1.03971e-16
5.28463e-21
-1.02139e-16
5.43401e-21
-1.0034e-16
5.58526e-21
-9.85724e-17
5.73846e-21
-9.6836e-17
5.89357e-21
-9.51302e-17
6.05044e-21
-9.34544e-17
6.2088e-21
-9.18082e-17
6.36821e-21
-9.01909e-17
1.29172e-20
-1.56937e-16
1.62333e-10
-6.45749e-07
-1.42557e-06
-2.27903e-11
2.22611e-22
-1.71013e-16
4.40866e-22
-1.68001e-16
6.54456e-22
-1.65041e-16
8.63132e-22
-1.62134e-16
1.06671e-21
-1.59278e-16
1.26506e-21
-1.56472e-16
1.45812e-21
-1.53716e-16
1.64589e-21
-1.51008e-16
1.82842e-21
-1.48348e-16
2.00583e-21
-1.45735e-16
2.17826e-21
-1.43167e-16
2.34592e-21
-1.40645e-16
2.50905e-21
-1.38168e-16
2.66793e-21
-1.35734e-16
2.82288e-21
-1.33343e-16
2.97424e-21
-1.30994e-16
3.12237e-21
-1.28686e-16
3.26767e-21
-1.2642e-16
3.41055e-21
-1.24193e-16
3.55144e-21
-1.22005e-16
3.6908e-21
-1.19856e-16
3.82909e-21
-1.17744e-16
3.96678e-21
-1.1567e-16
4.10436e-21
-1.13633e-16
4.24233e-21
-1.11631e-16
4.38118e-21
-1.09665e-16
4.5214e-21
-1.07733e-16
4.6635e-21
-1.05835e-16
4.80793e-21
-1.03971e-16
4.95514e-21
-1.02139e-16
5.10552e-21
-1.0034e-16
5.2594e-21
-9.85725e-17
5.41705e-21
-9.68361e-17
5.5786e-21
-9.51303e-17
5.74406e-21
-9.34546e-17
5.91331e-21
-9.18083e-17
6.08601e-21
-9.01911e-17
1.10977e-20
-1.39965e-16
1.16958e-10
-5.11921e-07
-1.17545e-06
-1.85375e-11
2.03096e-22
-1.71014e-16
4.02258e-22
-1.68001e-16
5.97237e-22
-1.65042e-16
7.87837e-22
-1.62134e-16
9.73908e-22
-1.59278e-16
1.15535e-21
-1.56472e-16
1.33213e-21
-1.53716e-16
1.50425e-21
-1.51008e-16
1.67175e-21
-1.48348e-16
1.83473e-21
-1.45735e-16
1.99333e-21
-1.43167e-16
2.14773e-21
-1.40646e-16
2.29814e-21
-1.38168e-16
2.4448e-21
-1.35734e-16
2.588e-21
-1.33343e-16
2.72803e-21
-1.30994e-16
2.86522e-21
-1.28687e-16
2.99994e-21
-1.2642e-16
3.13258e-21
-1.24193e-16
3.26353e-21
-1.22005e-16
3.39323e-21
-1.19856e-16
3.52216e-21
-1.17745e-16
3.65079e-21
-1.1567e-16
3.77966e-21
-1.13633e-16
3.90932e-21
-1.11631e-16
4.04036e-21
-1.09665e-16
4.17338e-21
-1.07733e-16
4.30905e-21
-1.05835e-16
4.44803e-21
-1.03971e-16
4.59102e-21
-1.02139e-16
4.73873e-21
-1.0034e-16
4.89184e-21
-9.85727e-17
5.051e-21
-9.68363e-17
5.21679e-21
-9.51305e-17
5.38969e-21
-9.34547e-17
5.56999e-21
-9.18085e-17
5.75778e-21
-9.01913e-17
9.40831e-21
-1.24032e-16
7.93683e-11
-3.80863e-07
-9.3724e-07
-1.4376e-11
1.84345e-22
-1.71014e-16
3.65144e-22
-1.68001e-16
5.42193e-22
-1.65042e-16
7.1533e-22
-1.62134e-16
8.84432e-22
-1.59278e-16
1.04942e-21
-1.56472e-16
1.21026e-21
-1.53716e-16
1.36695e-21
-1.51008e-16
1.51953e-21
-1.48348e-16
1.66808e-21
-1.45735e-16
1.81271e-21
-1.43168e-16
1.95357e-21
-1.40646e-16
2.09082e-21
-1.38168e-16
2.22468e-21
-1.35734e-16
2.35537e-21
-1.33343e-16
2.48315e-21
-1.30994e-16
2.6083e-21
-1.28687e-16
2.73111e-21
-1.2642e-16
2.85194e-21
-1.24193e-16
2.97114e-21
-1.22005e-16
3.0891e-21
-1.19856e-16
3.20627e-21
-1.17745e-16
3.32311e-21
-1.15671e-16
3.44014e-21
-1.13633e-16
3.55793e-21
-1.11631e-16
3.67713e-21
-1.09665e-16
3.79845e-21
-1.07733e-16
3.92268e-21
-1.05835e-16
4.0507e-21
-1.03971e-16
4.18349e-21
-1.0214e-16
4.32215e-21
-1.0034e-16
4.46786e-21
-9.85728e-17
4.6219e-21
-9.68365e-17
4.78561e-21
-9.51307e-17
4.96035e-21
-9.34549e-17
5.14738e-21
-9.18087e-17
5.34776e-21
-9.01915e-17
7.78905e-21
-1.09134e-16
4.92511e-11
-2.55282e-07
-7.1225e-07
-1.05998e-11
1.66235e-22
-1.71014e-16
3.29284e-22
-1.68001e-16
4.88975e-22
-1.65042e-16
6.45169e-22
-1.62135e-16
7.97758e-22
-1.59278e-16
9.46671e-22
-1.56473e-16
1.09187e-21
-1.53716e-16
1.23335e-21
-1.51008e-16
1.37113e-21
-1.48348e-16
1.50526e-21
-1.45735e-16
1.63583e-21
-1.43168e-16
1.76295e-21
-1.40646e-16
1.88673e-21
-1.38168e-16
2.00732e-21
-1.35734e-16
2.12491e-21
-1.33343e-16
2.23967e-21
-1.30994e-16
2.35183e-21
-1.28687e-16
2.46161e-21
-1.2642e-16
2.56927e-21
-1.24193e-16
2.6751e-21
-1.22005e-16
2.77941e-21
-1.19856e-16
2.88254e-21
-1.17745e-16
2.98488e-21
-1.15671e-16
3.08688e-21
-1.13633e-16
3.18904e-21
-1.11631e-16
3.29196e-21
-1.09665e-16
3.3963e-21
-1.07733e-16
3.50287e-21
-1.05835e-16
3.61263e-21
-1.03971e-16
3.72672e-21
-1.0214e-16
3.8465e-21
-1.0034e-16
3.97362e-21
-9.8573e-17
4.11005e-21
-9.68366e-17
4.25816e-21
-9.51308e-17
4.42074e-21
-9.34551e-17
4.60105e-21
-9.18089e-17
4.80275e-21
-9.01917e-17
6.1967e-21
-9.52474e-17
2.66928e-11
-1.41404e-07
-5.02281e-07
-6.91523e-12
1.48674e-22
-1.71014e-16
2.94503e-22
-1.68001e-16
4.37333e-22
-1.65042e-16
5.77039e-22
-1.62135e-16
7.13523e-22
-1.59279e-16
8.46713e-22
-1.56473e-16
9.76565e-22
-1.53716e-16
1.10306e-21
-1.51008e-16
1.22619e-21
-1.48348e-16
1.34599e-21
-1.45735e-16
1.46251e-21
-1.43168e-16
1.57579e-21
-1.40646e-16
1.68591e-21
-1.38168e-16
1.79298e-21
-1.35734e-16
1.89708e-21
-1.33343e-16
1.99833e-21
-1.30994e-16
2.09687e-21
-1.28687e-16
2.19283e-21
-1.2642e-16
2.28636e-21
-1.24193e-16
2.37763e-21
-1.22005e-16
2.46682e-21
-1.19856e-16
2.55414e-21
-1.17745e-16
2.63982e-21
-1.15671e-16
2.72412e-21
-1.13633e-16
2.80735e-21
-1.11632e-16
2.88989e-21
-1.09665e-16
2.97216e-21
-1.07733e-16
3.05473e-21
-1.05836e-16
3.13828e-21
-1.03971e-16
3.22368e-21
-1.0214e-16
3.31206e-21
-1.00341e-16
3.40489e-21
-9.85731e-17
3.50414e-21
-9.68367e-17
3.61246e-21
-9.51309e-17
3.73345e-21
-9.34552e-17
3.87215e-21
-9.1809e-17
4.03556e-21
-9.01918e-17
4.55157e-21
-9.09293e-17
1.14843e-11
-5.27746e-08
-3.09949e-07
-3.59944e-12
1.31598e-22
-1.71014e-16
2.60674e-22
-1.68002e-16
3.87088e-22
-1.65042e-16
5.10723e-22
-1.62135e-16
6.31484e-22
-1.59279e-16
7.49295e-22
-1.56473e-16
8.64102e-22
-1.53716e-16
9.75868e-22
-1.51009e-16
1.08457e-21
-1.48348e-16
1.19021e-21
-1.45735e-16
1.29278e-21
-1.43168e-16
1.3923e-21
-1.40646e-16
1.48879e-21
-1.38168e-16
1.58228e-21
-1.35735e-16
1.67281e-21
-1.33343e-16
1.76041e-21
-1.30995e-16
1.8451e-21
-1.28687e-16
1.92694e-21
-1.2642e-16
2.00594e-21
-1.24193e-16
2.08214e-21
-1.22005e-16
2.15556e-21
-1.19856e-16
2.22622e-21
-1.17745e-16
2.29414e-21
-1.15671e-16
2.35933e-21
-1.13633e-16
2.42181e-21
-1.11632e-16
2.48157e-21
-1.09665e-16
2.53863e-21
-1.07733e-16
2.59299e-21
-1.05836e-16
2.64469e-21
-1.03971e-16
2.69374e-21
-1.0214e-16
2.74023e-21
-1.00341e-16
2.78425e-21
-9.85731e-17
2.826e-21
-9.68367e-17
2.86576e-21
-9.5131e-17
2.90397e-21
-9.34552e-17
2.94132e-21
-9.18091e-17
2.97881e-21
-9.01919e-17
3.09726e-21
-8.94057e-17
3.12971e-12
-2.29394e-08
-1.39545e-07
-1.29105e-12
1.14959e-22
-1.71014e-16
2.27707e-22
-1.68002e-16
3.38114e-22
-1.65042e-16
4.46068e-22
-1.62135e-16
5.51474e-22
-1.59279e-16
6.54253e-22
-1.56473e-16
7.5434e-22
-1.53717e-16
8.51682e-22
-1.51009e-16
9.46237e-22
-1.48349e-16
1.03797e-21
-1.45735e-16
1.12685e-21
-1.43168e-16
1.21284e-21
-1.40646e-16
1.29593e-21
-1.38169e-16
1.37608e-21
-1.35735e-16
1.45326e-21
-1.33344e-16
1.52743e-21
-1.30995e-16
1.59853e-21
-1.28687e-16
1.6665e-21
-1.2642e-16
1.73125e-21
-1.24193e-16
1.79268e-21
-1.22006e-16
1.85067e-21
-1.19856e-16
1.90505e-21
-1.17745e-16
1.95563e-21
-1.15671e-16
2.00217e-21
-1.13633e-16
2.04436e-21
-1.11632e-16
2.08186e-21
-1.09665e-16
2.11421e-21
-1.07733e-16
2.14085e-21
-1.05836e-16
2.16109e-21
-1.03971e-16
2.17405e-21
-1.0214e-16
2.1786e-21
-1.00341e-16
2.1733e-21
-9.85731e-17
2.15623e-21
-9.68367e-17
2.12489e-21
-9.51309e-17
2.07586e-21
-9.34552e-17
2.00452e-21
-9.1809e-17
1.90449e-21
-9.01918e-17
1.78286e-21
-8.86031e-17
7.99873e-13
-8.70423e-17
-8.55093e-17
3.92232e-13
9.87187e-23
-1.71014e-16
1.95529e-22
-1.68002e-16
2.90309e-22
-1.65042e-16
3.82952e-22
-1.62135e-16
4.73365e-22
-1.59279e-16
5.61465e-22
-1.56473e-16
6.4718e-22
-1.53717e-16
7.30445e-22
-1.51009e-16
8.11197e-22
-1.48349e-16
8.8938e-22
-1.45735e-16
9.64934e-22
-1.43168e-16
1.0378e-21
-1.40646e-16
1.1079e-21
-1.38169e-16
1.17518e-21
-1.35735e-16
1.23953e-21
-1.33344e-16
1.30087e-21
-1.30995e-16
1.35906e-21
-1.28687e-16
1.41396e-21
-1.2642e-16
1.4654e-21
-1.24193e-16
1.51319e-21
-1.22006e-16
1.55706e-21
-1.19856e-16
1.59674e-21
-1.17745e-16
1.63188e-21
-1.15671e-16
1.66207e-21
-1.13633e-16
1.68681e-21
-1.11632e-16
1.70553e-21
-1.09665e-16
1.7175e-21
-1.07733e-16
1.72188e-21
-1.05836e-16
1.71762e-21
-1.03971e-16
1.70345e-21
-1.0214e-16
1.67781e-21
-1.00341e-16
1.63876e-21
-9.85731e-17
1.58389e-21
-9.68367e-17
1.51021e-21
-9.51309e-17
1.41395e-21
-9.34551e-17
1.29036e-21
-9.18089e-17
1.13349e-21
-9.01916e-17
9.35868e-22
-8.86029e-17
6.88133e-22
-8.70421e-17
-8.55088e-17
2.02607e-22
8.28412e-23
-1.71014e-16
1.64071e-22
-1.68002e-16
2.43578e-22
-1.65042e-16
3.21261e-22
-1.62135e-16
3.97033e-22
-1.59279e-16
4.70809e-22
-1.56473e-16
5.42515e-22
-1.53717e-16
6.12077e-22
-1.51009e-16
6.79424e-22
-1.48349e-16
7.44483e-22
-1.45735e-16
8.07175e-22
-1.43168e-16
8.67419e-22
-1.40646e-16
9.25121e-22
-1.38169e-16
9.80176e-22
-1.35735e-16
1.03246e-21
-1.33344e-16
1.08184e-21
-1.30995e-16
1.12815e-21
-1.28687e-16
1.17119e-21
-1.2642e-16
1.21076e-21
-1.24193e-16
1.24658e-21
-1.22006e-16
1.27837e-21
-1.19856e-16
1.30578e-21
-1.17745e-16
1.32841e-21
-1.15671e-16
1.34579e-21
-1.13633e-16
1.35739e-21
-1.11632e-16
1.36258e-21
-1.09665e-16
1.36066e-21
-1.07733e-16
1.35078e-21
-1.05836e-16
1.33201e-21
-1.03971e-16
1.30324e-21
-1.0214e-16
1.26324e-21
-1.00341e-16
1.21059e-21
-9.8573e-17
1.14371e-21
-9.68366e-17
1.06086e-21
-9.51308e-17
9.6017e-22
-9.3455e-17
8.39716e-22
-9.18087e-17
6.97663e-22
-9.01915e-17
5.32497e-22
-8.86027e-17
3.43407e-22
-8.70419e-17
-8.55086e-17
1.30888e-22
6.72895e-23
-1.71015e-16
1.33262e-22
-1.68002e-16
1.97818e-22
-1.65042e-16
2.60868e-22
-1.62135e-16
3.2233e-22
-1.59279e-16
3.82127e-22
-1.56473e-16
4.40184e-22
-1.53717e-16
4.9643e-22
-1.51009e-16
5.50788e-22
-1.48349e-16
6.03182e-22
-1.45736e-16
6.53526e-22
-1.43168e-16
7.0173e-22
-1.40646e-16
7.47689e-22
-1.38169e-16
7.91287e-22
-1.35735e-16
8.32391e-22
-1.33344e-16
8.70847e-22
-1.30995e-16
9.06482e-22
-1.28687e-16
9.39094e-22
-1.2642e-16
9.68457e-22
-1.24193e-16
9.94308e-22
-1.22006e-16
1.01635e-21
-1.19856e-16
1.03426e-21
-1.17745e-16
1.04764e-21
-1.15671e-16
1.05609e-21
-1.13633e-16
1.05913e-21
-1.11632e-16
1.05626e-21
-1.09665e-16
1.04689e-21
-1.07733e-16
1.03042e-21
-1.05836e-16
1.0062e-21
-1.03971e-16
9.73547e-22
-1.0214e-16
9.31757e-22
-1.00341e-16
8.80152e-22
-9.8573e-17
8.18105e-22
-9.68365e-17
7.45108e-22
-9.51307e-17
6.60854e-22
-9.34549e-17
5.65355e-22
-9.18086e-17
4.59099e-22
-9.01914e-17
3.43255e-22
-8.86026e-17
2.19928e-22
-8.70418e-17
-8.55084e-17
9.24747e-23
5.20204e-23
-1.71015e-16
1.03016e-22
-1.68002e-16
1.52905e-22
-1.65043e-16
2.01611e-22
-1.62135e-16
2.49065e-22
-1.59279e-16
2.95199e-22
-1.56473e-16
3.39947e-22
-1.53717e-16
3.83243e-22
-1.51009e-16
4.25019e-22
-1.48349e-16
4.65201e-22
-1.45736e-16
5.03711e-22
-1.43168e-16
5.40459e-22
-1.40646e-16
5.75349e-22
-1.38169e-16
6.08269e-22
-1.35735e-16
6.39094e-22
-1.33344e-16
6.67682e-22
-1.30995e-16
6.93873e-22
-1.28687e-16
7.17486e-22
-1.2642e-16
7.38316e-22
-1.24193e-16
7.56136e-22
-1.22006e-16
7.70693e-22
-1.19856e-16
7.81711e-22
-1.17745e-16
7.88886e-22
-1.15671e-16
7.91891e-22
-1.13633e-16
7.90378e-22
-1.11632e-16
7.83983e-22
-1.09665e-16
7.72331e-22
-1.07733e-16
7.55045e-22
-1.05836e-16
7.31762e-22
-1.03971e-16
7.0215e-22
-1.0214e-16
6.65925e-22
-1.0034e-16
6.22886e-22
-9.85729e-17
5.72947e-22
-9.68365e-17
5.16175e-22
-9.51306e-17
4.52836e-22
-9.34549e-17
3.83442e-22
-9.18086e-17
3.08793e-22
-9.01913e-17
2.30007e-22
-8.86025e-17
1.48524e-22
-8.70417e-17
-8.55084e-17
6.60491e-23
3.69831e-23
-1.71015e-16
7.32341e-23
-1.68002e-16
1.08691e-22
-1.65043e-16
1.43296e-22
-1.62135e-16
1.76995e-22
-1.59279e-16
2.09737e-22
-1.56473e-16
2.41469e-22
-1.53717e-16
2.72139e-22
-1.51009e-16
3.01692e-22
-1.48349e-16
3.30068e-22
-1.45736e-16
3.57202e-22
-1.43168e-16
3.83024e-22
-1.40646e-16
4.07454e-22
-1.38169e-16
4.30401e-22
-1.35735e-16
4.51764e-22
-1.33344e-16
4.71431e-22
-1.30995e-16
4.89275e-22
-1.28687e-16
5.05153e-22
-1.2642e-16
5.18909e-22
-1.24193e-16
5.30371e-22
-1.22006e-16
5.39353e-22
-1.19856e-16
5.45653e-22
-1.17745e-16
5.49059e-22
-1.15671e-16
5.4935e-22
-1.13633e-16
5.463e-22
-1.11632e-16
5.39683e-22
-1.09665e-16
5.29285e-22
-1.07733e-16
5.14907e-22
-1.05836e-16
4.96382e-22
-1.03971e-16
4.73586e-22
-1.0214e-16
4.46454e-22
-1.0034e-16
4.14996e-22
-9.85729e-17
3.79314e-22
-9.68365e-17
3.39621e-22
-9.51306e-17
2.9625e-22
-9.34548e-17
2.49667e-22
-9.18085e-17
2.00467e-22
-9.01912e-17
1.49368e-22
-8.86024e-17
9.71781e-23
-8.70416e-17
-8.55083e-17
4.47586e-23
2.21186e-23
-1.71015e-16
4.37976e-23
-1.68002e-16
6.49984e-23
-1.65043e-16
8.56851e-23
-1.62135e-16
1.05824e-22
-1.59279e-16
1.25381e-22
-1.56473e-16
1.44325e-22
-1.53717e-16
1.6262e-22
-1.51009e-16
1.80231e-22
-1.48349e-16
1.97121e-22
-1.45736e-16
2.13246e-22
-1.43168e-16
2.2856e-22
-1.40646e-16
2.43011e-22
-1.38169e-16
2.56542e-22
-1.35735e-16
2.69087e-22
-1.33344e-16
2.80573e-22
-1.30995e-16
2.9092e-22
-1.28687e-16
3.0004e-22
-1.2642e-16
3.07834e-22
-1.24193e-16
3.14196e-22
-1.22006e-16
3.19014e-22
-1.19856e-16
3.22169e-22
-1.17745e-16
3.23538e-22
-1.15671e-16
3.22995e-22
-1.13633e-16
3.20417e-22
-1.11632e-16
3.15689e-22
-1.09665e-16
3.08704e-22
-1.07733e-16
2.99377e-22
-1.05836e-16
2.87643e-22
-1.03971e-16
2.73472e-22
-1.0214e-16
2.56875e-22
-1.0034e-16
2.37907e-22
-9.85729e-17
2.1668e-22
-9.68364e-17
1.93362e-22
-9.51306e-17
1.68184e-22
-9.34548e-17
1.41432e-22
-9.18085e-17
1.13448e-22
-9.01912e-17
8.46126e-23
-8.86024e-17
5.53343e-23
-8.70416e-17
-8.55083e-17
2.6027e-23
7.3608e-24
1.45751e-23
2.16296e-23
2.85122e-23
3.52113e-23
4.17156e-23
4.80137e-23
5.40939e-23
5.99438e-23
6.55502e-23
7.08984e-23
7.59725e-23
8.07543e-23
8.52239e-23
8.93588e-23
9.31342e-23
9.65224e-23
9.94931e-23
1.02013e-22
1.04048e-22
1.05559e-22
1.06507e-22
1.06852e-22
1.06555e-22
1.05576e-22
1.0388e-22
1.01436e-22
9.82212e-23
9.42201e-23
8.94298e-23
8.38607e-23
7.75391e-23
7.05083e-23
6.28296e-23
5.45821e-23
4.58613e-23
3.67763e-23
2.74463e-23
1.79957e-23
8.54866e-24
1.88046e-06
-2.46507e-06
3.54721e-06
-1.66956e-06
4.59556e-06
-1.05139e-06
5.24761e-06
-6.55319e-07
5.65659e-06
-4.12479e-07
5.9216e-06
-2.68725e-07
6.10899e-06
-1.91353e-07
6.26765e-06
-1.62885e-07
6.44137e-06
-1.78226e-07
6.68149e-06
-2.44965e-07
7.06376e-06
-3.87486e-07
7.71494e-06
-6.5681e-07
8.85844e-06
-1.14963e-06
1.08927e-05
-2.04091e-06
1.41505e-05
-3.26515e-06
1.71195e-05
-2.97685e-06
1.89808e-05
-1.86989e-06
1.89947e-05
-2.32426e-08
1.89843e-05
-2.05903e-14
1.89728e-05
-2.55534e-14
1.89598e-05
-3.08195e-14
1.89452e-05
-3.63598e-14
1.89286e-05
-4.21868e-14
1.89096e-05
-4.8314e-14
1.88876e-05
-5.47554e-14
1.88617e-05
-6.1526e-14
1.88311e-05
-6.86423e-14
1.8794e-05
-7.6122e-14
1.87483e-05
-8.39845e-14
1.86906e-05
-9.22517e-14
1.86151e-05
-1.00949e-13
1.85116e-05
-1.10107e-13
1.8359e-05
-1.19763e-13
1.81017e-05
-1.2997e-13
1.749e-05
-1.40809e-13
7.61003e-06
-1.52434e-13
7.80951e-12
-1.61674e-13
7.20448e-17
-1.64645e-13
3.09781e-17
-1.67626e-13
-1.70643e-13
8.59374e-06
-1.16846e-05
8.50812e-06
-1.58362e-06
7.597e-06
-1.40384e-07
6.94137e-06
-8.24934e-14
6.52838e-06
-8.35133e-14
6.25897e-06
-8.6001e-14
6.06674e-06
-8.85308e-14
5.90282e-06
-9.11146e-14
5.72341e-06
-9.37577e-14
5.47722e-06
-9.64587e-14
5.08869e-06
-9.9206e-14
4.43161e-06
-1.01972e-13
3.28412e-06
-1.04701e-13
1.25314e-06
-1.07278e-13
-6.82026e-09
-1.09481e-13
-2.88517e-08
-1.11445e-13
-8.69751e-11
-1.13414e-13
-3.82118e-17
-1.15443e-13
-3.55541e-17
-1.17512e-13
-3.37315e-17
-1.19618e-13
-3.25218e-17
-1.21763e-13
-3.18157e-17
-1.23946e-13
-3.15385e-17
-1.26168e-13
-3.16451e-17
-1.2843e-13
-3.21172e-17
-1.30732e-13
-3.29609e-17
-1.33076e-13
-3.42089e-17
-1.35462e-13
-3.59262e-17
-1.3789e-13
-3.8222e-17
-1.40362e-13
-4.12724e-17
-1.42879e-13
-4.53644e-17
-1.45439e-13
-5.09792e-17
-1.48046e-13
-5.89555e-17
-1.50697e-13
-7.08e-17
-1.53395e-13
-8.89119e-17
-1.56137e-13
-7.41626e-17
-1.58921e-13
-6.71557e-18
-1.61756e-13
1.04755e-17
-1.64662e-13
8.19876e-18
-1.67624e-13
-1.70634e-13
-5.39877e-10
-1.09686e-05
-3.097e-11
-1.40101e-06
-1.24469e-17
-1.16726e-13
-1.06584e-17
-9.00118e-14
-9.37884e-18
-9.16256e-14
-8.25364e-18
-9.32684e-14
-7.17435e-18
-9.49408e-14
-6.04136e-18
-9.66433e-14
-4.74576e-18
-9.83765e-14
-3.14716e-18
-1.00141e-13
-1.04059e-18
-1.01937e-13
1.90057e-18
-1.03766e-13
6.23047e-18
-1.05628e-13
1.29387e-17
-1.07524e-13
-1.1458e-17
-1.09457e-13
-3.62945e-17
-1.1142e-13
-3.60871e-17
-1.13414e-13
-3.36291e-17
-1.15445e-13
-3.20264e-17
-1.17514e-13
-3.09763e-17
-1.19619e-13
-3.03275e-17
-1.21763e-13
-3.00021e-17
-1.23946e-13
-2.99602e-17
-1.26168e-13
-3.01838e-17
-1.28429e-13
-3.06696e-17
-1.30732e-13
-3.14265e-17
-1.33075e-13
-3.24749e-17
-1.35461e-13
-3.38465e-17
-1.37889e-13
-3.55838e-17
-1.40361e-13
-3.77361e-17
-1.42876e-13
-4.03439e-17
-1.45437e-13
-4.33926e-17
-1.48043e-13
-4.66796e-17
-1.50694e-13
-4.94422e-17
-1.53392e-13
-4.93279e-17
-1.56137e-13
-3.96798e-17
-1.5893e-13
-2.05192e-17
-1.61775e-13
-7.93214e-18
-1.64675e-13
-2.18745e-18
-1.67629e-13
-1.70637e-13
-2.4555e-10
-1.04269e-05
-1.03528e-17
-1.35201e-06
-8.25343e-18
-1.15534e-13
-8.28374e-18
-9.00118e-14
-8.0947e-18
-9.16258e-14
-7.77667e-18
-9.32687e-14
-7.37903e-18
-9.49412e-14
-6.9309e-18
-9.66438e-14
-6.45736e-18
-9.8377e-14
-5.99755e-18
-1.00141e-13
-5.6338e-18
-1.01937e-13
-5.54786e-18
-1.03766e-13
-6.13882e-18
-1.05627e-13
-8.27784e-18
-1.07522e-13
-1.38701e-17
-1.09451e-13
-1.99628e-17
-1.11414e-13
-2.34069e-17
-1.13411e-13
-2.51354e-17
-1.15444e-13
-2.60132e-17
-1.17513e-13
-2.64888e-17
-1.19619e-13
-2.68e-17
-1.21763e-13
-2.70775e-17
-1.23946e-13
-2.73955e-17
-1.26167e-13
-2.77988e-17
-1.28429e-13
-2.83158e-17
-1.30731e-13
-2.89658e-17
-1.33075e-13
-2.97611e-17
-1.3546e-13
-3.07067e-17
-1.37888e-13
-3.17946e-17
-1.4036e-13
-3.29928e-17
-1.42875e-13
-3.42217e-17
-1.45436e-13
-3.53108e-17
-1.48041e-13
-3.59229e-17
-1.50694e-13
-3.54402e-17
-1.53393e-13
-3.28646e-17
-1.5614e-13
-2.70599e-17
-1.58936e-13
-1.86957e-17
-1.61783e-13
-1.09295e-17
-1.64683e-13
-4.87196e-18
-1.67635e-13
-1.70641e-13
-2.1066e-10
-9.89447e-06
-8.91207e-18
-1.30287e-06
-7.22994e-18
-1.14917e-13
-7.51524e-18
-9.00115e-14
-7.69607e-18
-9.16256e-14
-7.80263e-18
-9.32686e-14
-7.86853e-18
-9.49412e-14
-7.93073e-18
-9.66437e-14
-8.03314e-18
-9.83768e-14
-8.23281e-18
-1.00141e-13
-8.60839e-18
-1.01937e-13
-9.26887e-18
-1.03765e-13
-1.03563e-17
-1.05626e-13
-1.20206e-17
-1.0752e-13
-1.4306e-17
-1.09449e-13
-1.67743e-17
-1.11411e-13
-1.89018e-17
-1.13409e-13
-2.0555e-17
-1.15442e-13
-2.1791e-17
-1.17511e-13
-2.27155e-17
-1.19618e-13
-2.34298e-17
-1.21762e-13
-2.40159e-17
-1.23945e-13
-2.45354e-17
-1.26167e-13
-2.50318e-17
-1.28429e-13
-2.55339e-17
-1.30731e-13
-2.60583e-17
-1.33074e-13
-2.66092e-17
-1.3546e-13
-2.71768e-17
-1.37888e-13
-2.7733e-17
-1.40359e-13
-2.82229e-17
-1.42875e-13
-2.8552e-17
-1.45435e-13
-2.85688e-17
-1.48041e-13
-2.80462e-17
-1.50694e-13
-2.66769e-17
-1.53394e-13
-2.41218e-17
-1.56142e-13
-2.01879e-17
-1.5894e-13
-1.51824e-17
-1.61788e-13
-9.8977e-18
-1.64688e-13
-4.83333e-18
-1.6764e-13
-1.70646e-13
-2.01922e-10
-9.37305e-06
-8.87929e-18
-1.25328e-06
-7.21259e-18
-1.13767e-13
-7.54675e-18
-9.00112e-14
-7.84355e-18
-9.16253e-14
-8.11815e-18
-9.32684e-14
-8.39002e-18
-9.49409e-14
-8.683e-18
-9.66434e-14
-9.02564e-18
-9.83765e-14
-9.45161e-18
-1.00141e-13
-9.99937e-18
-1.01936e-13
-1.07096e-17
-1.03764e-13
-1.16178e-17
-1.05625e-13
-1.27387e-17
-1.07519e-13
-1.40406e-17
-1.09447e-13
-1.54209e-17
-1.1141e-13
-1.67541e-17
-1.13407e-13
-1.79574e-17
-1.15441e-13
-1.89985e-17
-1.1751e-13
-1.98798e-17
-1.19617e-13
-2.06218e-17
-1.21762e-13
-2.12517e-17
-1.23944e-13
-2.17958e-17
-1.26166e-13
-2.22757e-17
-1.28428e-13
-2.27063e-17
-1.3073e-13
-2.30939e-17
-1.33074e-13
-2.3435e-17
-1.35459e-13
-2.37141e-17
-1.37887e-13
-2.39004e-17
-1.40359e-13
-2.39443e-17
-1.42875e-13
-2.37721e-17
-1.45435e-13
-2.32831e-17
-1.48042e-13
-2.235e-17
-1.50695e-13
-2.08325e-17
-1.53396e-13
-1.86125e-17
-1.56145e-13
-1.56591e-17
-1.58943e-13
-1.20974e-17
-1.61792e-13
-8.17882e-18
-1.64692e-13
-4.11751e-18
-1.67645e-13
-1.7065e-13
-2.10665e-10
-8.86448e-06
-9.43549e-18
-1.2035e-06
-7.6106e-18
-1.12459e-13
-7.8948e-18
-9.00109e-14
-8.18497e-18
-9.1625e-14
-8.48566e-18
-9.32681e-14
-8.80499e-18
-9.49406e-14
-9.15404e-18
-9.66431e-14
-9.54635e-18
-9.83761e-14
-9.99705e-18
-1.0014e-13
-1.05214e-17
-1.01936e-13
-1.11325e-17
-1.03764e-13
-1.18378e-17
-1.05625e-13
-1.2634e-17
-1.07519e-13
-1.35029e-17
-1.09446e-13
-1.441e-17
-1.11409e-13
-1.53134e-17
-1.13407e-13
-1.61757e-17
-1.1544e-13
-1.69708e-17
-1.1751e-13
-1.7685e-17
-1.19616e-13
-1.83144e-17
-1.21761e-13
-1.88612e-17
-1.23944e-13
-1.93307e-17
-1.26166e-13
-1.97276e-17
-1.28428e-13
-2.00541e-17
-1.3073e-13
-2.0308e-17
-1.33073e-13
-2.04807e-17
-1.35459e-13
-2.05554e-17
-1.37887e-13
-2.05057e-17
-1.40359e-13
-2.02938e-17
-1.42875e-13
-1.98697e-17
-1.45436e-13
-1.9172e-17
-1.48043e-13
-1.81324e-17
-1.50696e-13
-1.66853e-17
-1.53397e-13
-1.47855e-17
-1.56147e-13
-1.24302e-17
-1.58945e-13
-9.67422e-18
-1.61795e-13
-6.61797e-18
-1.64695e-13
-3.36673e-18
-1.67648e-13
-1.70654e-13
-2.15621e-10
-8.36838e-06
-9.92011e-18
-1.15387e-06
-8.0059e-18
-1.10947e-13
-8.23661e-18
-9.00107e-14
-8.48879e-18
-9.16248e-14
-8.76319e-18
-9.32678e-14
-9.06244e-18
-9.49403e-14
-9.39071e-18
-9.66428e-14
-9.75324e-18
-9.83758e-14
-1.01556e-17
-1.0014e-13
-1.0603e-17
-1.01935e-13
-1.10985e-17
-1.03763e-13
-1.16426e-17
-1.05624e-13
-1.22308e-17
-1.07518e-13
-1.28531e-17
-1.09446e-13
-1.34945e-17
-1.11408e-13
-1.41366e-17
-1.13406e-13
-1.47608e-17
-1.15439e-13
-1.53507e-17
-1.17509e-13
-1.58938e-17
-1.19616e-13
-1.6381e-17
-1.2176e-13
-1.68067e-17
-1.23943e-13
-1.71666e-17
-1.26165e-13
-1.74572e-17
-1.28427e-13
-1.76736e-17
-1.3073e-13
-1.78088e-17
-1.33073e-13
-1.78521e-17
-1.35459e-13
-1.77878e-17
-1.37887e-13
-1.75952e-17
-1.40359e-13
-1.72471e-17
-1.42875e-13
-1.6711e-17
-1.45436e-13
-1.59501e-17
-1.48043e-13
-1.49274e-17
-1.50697e-13
-1.36106e-17
-1.53398e-13
-1.19809e-17
-1.56148e-13
-1.00405e-17
-1.58947e-13
-7.81777e-18
-1.61797e-13
-5.36274e-18
-1.64698e-13
-2.73631e-18
-1.6765e-13
-1.70656e-13
-2.12977e-10
-7.88383e-06
-1.01432e-17
-1.10454e-06
-8.25656e-18
-1.09557e-13
-8.45187e-18
-9.00105e-14
-8.66794e-18
-9.16245e-14
-8.90519e-18
-9.32676e-14
-9.16463e-18
-9.494e-14
-9.44773e-18
-9.66425e-14
-9.75622e-18
-9.83754e-14
-1.00917e-17
-1.00139e-13
-1.04554e-17
-1.01935e-13
-1.08471e-17
-1.03763e-13
-1.12654e-17
-1.05624e-13
-1.17065e-17
-1.07518e-13
-1.21643e-17
-1.09445e-13
-1.26305e-17
-1.11408e-13
-1.30952e-17
-1.13405e-13
-1.35475e-17
-1.15439e-13
-1.39768e-17
-1.17509e-13
-1.43734e-17
-1.19615e-13
-1.47285e-17
-1.2176e-13
-1.50345e-17
-1.23943e-13
-1.52843e-17
-1.26165e-13
-1.54712e-17
-1.28427e-13
-1.55877e-17
-1.3073e-13
-1.5625e-17
-1.33073e-13
-1.55723e-17
-1.35459e-13
-1.54163e-17
-1.37887e-13
-1.51409e-17
-1.40359e-13
-1.47271e-17
-1.42876e-13
-1.41536e-17
-1.45437e-13
-1.33983e-17
-1.48044e-13
-1.24403e-17
-1.50698e-13
-1.12632e-17
-1.534e-13
-9.85868e-18
-1.5615e-13
-8.23052e-18
-1.58949e-13
-6.396e-18
-1.61799e-13
-4.38525e-18
-1.647e-13
-2.23798e-18
-1.67653e-13
-1.70659e-13
-2.05266e-10
-7.4102e-06
-1.01855e-17
-1.05548e-06
-8.37266e-18
-1.08154e-13
-8.54117e-18
-9.00103e-14
-8.72516e-18
-9.16244e-14
-8.92524e-18
-9.32674e-14
-9.14203e-18
-9.49398e-14
-9.37609e-18
-9.66422e-14
-9.62787e-18
-9.83752e-14
-9.89751e-18
-1.00139e-13
-1.01847e-17
-1.01935e-13
-1.04885e-17
-1.03763e-13
-1.0807e-17
-1.05623e-13
-1.1137e-17
-1.07517e-13
-1.14745e-17
-1.09445e-13
-1.18139e-17
-1.11407e-13
-1.21488e-17
-1.13405e-13
-1.24721e-17
-1.15438e-13
-1.27763e-17
-1.17508e-13
-1.30539e-17
-1.19615e-13
-1.32974e-17
-1.2176e-13
-1.34994e-17
-1.23943e-13
-1.36527e-17
-1.26165e-13
-1.37499e-17
-1.28427e-13
-1.37832e-17
-1.3073e-13
-1.37439e-17
-1.33073e-13
-1.36223e-17
-1.35459e-13
-1.34076e-17
-1.37888e-13
-1.30873e-17
-1.4036e-13
-1.26482e-17
-1.42876e-13
-1.2076e-17
-1.45437e-13
-1.13571e-17
-1.48045e-13
-1.04793e-17
-1.50699e-13
-9.43398e-18
-1.53401e-13
-8.21798e-18
-1.56151e-13
-6.83525e-18
-1.5895e-13
-5.29802e-18
-1.618e-13
-3.62681e-18
-1.64701e-13
-1.84949e-18
-1.67654e-13
-1.70661e-13
-1.94922e-10
-6.9472e-06
-1.01115e-17
-1.00651e-06
-8.39739e-18
-1.06866e-13
-8.53948e-18
-9.00102e-14
-8.6922e-18
-9.16242e-14
-8.85612e-18
-9.32672e-14
-9.03161e-18
-9.49396e-14
-9.21887e-18
-9.66421e-14
-9.41783e-18
-9.8375e-14
-9.62815e-18
-1.00139e-13
-9.84909e-18
-1.01935e-13
-1.00794e-17
-1.03762e-13
-1.03173e-17
-1.05623e-13
-1.05602e-17
-1.07517e-13
-1.08049e-17
-1.09445e-13
-1.10475e-17
-1.11407e-13
-1.12833e-17
-1.13405e-13
-1.15072e-17
-1.15438e-13
-1.17134e-17
-1.17508e-13
-1.18961e-17
-1.19615e-13
-1.2049e-17
-1.2176e-13
-1.21657e-17
-1.23943e-13
-1.22397e-17
-1.26165e-13
-1.22642e-17
-1.28427e-13
-1.22318e-17
-1.3073e-13
-1.21351e-17
-1.33073e-13
-1.19658e-17
-1.35459e-13
-1.17151e-17
-1.37888e-13
-1.13736e-17
-1.4036e-13
-1.09318e-17
-1.42876e-13
-1.03801e-17
-1.45438e-13
-9.70969e-18
-1.48046e-13
-8.91343e-18
-1.507e-13
-7.98675e-18
-1.53402e-13
-6.92883e-18
-1.56152e-13
-5.74362e-18
-1.58952e-13
-4.44046e-18
-1.61802e-13
-3.03438e-18
-1.64703e-13
-1.54579e-18
-1.67656e-13
-1.70662e-13
-1.83305e-10
-6.49475e-06
-9.98288e-18
-9.57452e-07
-8.36509e-18
-1.05452e-13
-8.47868e-18
-9.00101e-14
-8.59965e-18
-9.16241e-14
-8.72829e-18
-9.32671e-14
-8.86467e-18
-9.49395e-14
-9.00873e-18
-9.66419e-14
-9.16017e-18
-9.83748e-14
-9.31841e-18
-1.00139e-13
-9.48259e-18
-1.01934e-13
-9.65148e-18
-1.03762e-13
-9.82343e-18
-1.05623e-13
-9.99634e-18
-1.07517e-13
-1.01676e-17
-1.09445e-13
-1.03341e-17
-1.11407e-13
-1.04924e-17
-1.13405e-13
-1.06383e-17
-1.15438e-13
-1.07674e-17
-1.17508e-13
-1.08749e-17
-1.19615e-13
-1.09558e-17
-1.2176e-13
-1.10047e-17
-1.23943e-13
-1.10159e-17
-1.26165e-13
-1.09835e-17
-1.28427e-13
-1.09014e-17
-1.3073e-13
-1.07631e-17
-1.33074e-13
-1.05619e-17
-1.35459e-13
-1.02908e-17
-1.37888e-13
-9.94283e-18
-1.4036e-13
-9.51086e-18
-1.42877e-13
-8.98836e-18
-1.45439e-13
-8.36955e-18
-1.48046e-13
-7.65007e-18
-1.507e-13
-6.82758e-18
-1.53402e-13
-5.90244e-18
-1.56153e-13
-4.87832e-18
-1.58953e-13
-3.76265e-18
-1.61803e-13
-2.56685e-18
-1.64704e-13
-1.30627e-18
-1.67657e-13
-1.70663e-13
-1.71067e-10
-6.05289e-06
-9.79906e-18
-9.08292e-07
-8.29441e-18
-1.04241e-13
-8.37879e-18
-9.001e-14
-8.46846e-18
-9.1624e-14
-8.56339e-18
-9.3267e-14
-8.66342e-18
-9.49394e-14
-8.76828e-18
-9.66418e-14
-8.87748e-18
-9.83747e-14
-8.99037e-18
-1.00139e-13
-9.10607e-18
-1.01934e-13
-9.22339e-18
-1.03762e-13
-9.34087e-18
-1.05623e-13
-9.45673e-18
-1.07517e-13
-9.5688e-18
-1.09445e-13
-9.67459e-18
-1.11407e-13
-9.7712e-18
-1.13405e-13
-9.85541e-18
-1.15438e-13
-9.92364e-18
-1.17508e-13
-9.97199e-18
-1.19615e-13
-9.99628e-18
-1.2176e-13
-9.99205e-18
-1.23943e-13
-9.95462e-18
-1.26165e-13
-9.87906e-18
-1.28427e-13
-9.76025e-18
-1.3073e-13
-9.5929e-18
-1.33074e-13
-9.3716e-18
-1.3546e-13
-9.09087e-18
-1.37888e-13
-8.74533e-18
-1.40361e-13
-8.32983e-18
-1.42877e-13
-7.83972e-18
-1.45439e-13
-7.27114e-18
-1.48047e-13
-6.62138e-18
-1.50701e-13
-5.88934e-18
-1.53403e-13
-5.07591e-18
-1.56154e-13
-4.18436e-18
-1.58954e-13
-3.22069e-18
-1.61804e-13
-2.19377e-18
-1.64705e-13
-1.11536e-18
-1.67658e-13
-1.70665e-13
-1.58593e-10
-5.62171e-06
-9.60032e-18
-8.59309e-07
-8.19476e-18
-1.03056e-13
-8.25126e-18
-9.00099e-14
-8.31154e-18
-9.16239e-14
-8.37534e-18
-9.32669e-14
-8.44236e-18
-9.49393e-14
-8.51215e-18
-9.66417e-14
-8.5842e-18
-9.83747e-14
-8.65779e-18
-1.00139e-13
-8.73206e-18
-1.01934e-13
-8.80594e-18
-1.03762e-13
-8.87813e-18
-1.05623e-13
-8.94709e-18
-1.07517e-13
-9.011e-18
-1.09444e-13
-9.06778e-18
-1.11407e-13
-9.11506e-18
-1.13405e-13
-9.1502e-18
-1.15438e-13
-9.17028e-18
-1.17508e-13
-9.17209e-18
-1.19615e-13
-9.15222e-18
-1.2176e-13
-9.107e-18
-1.23943e-13
-9.03256e-18
-1.26165e-13
-8.92488e-18
-1.28427e-13
-8.77975e-18
-1.3073e-13
-8.59291e-18
-1.33074e-13
-8.36004e-18
-1.3546e-13
-8.07686e-18
-1.37889e-13
-7.73926e-18
-1.40361e-13
-7.3434e-18
-1.42878e-13
-6.88595e-18
-1.4544e-13
-6.36426e-18
-1.48047e-13
-5.77666e-18
-1.50702e-13
-5.12269e-18
-1.53404e-13
-4.40346e-18
-1.56154e-13
-3.6218e-18
-1.58954e-13
-2.78259e-18
-1.61804e-13
-1.89279e-18
-1.64706e-13
-9.61531e-19
-1.67659e-13
-1.70665e-13
-1.46161e-10
-5.20139e-06
-9.37569e-18
-8.10929e-07
-8.07206e-18
-1.01896e-13
-8.10353e-18
-9.00099e-14
-8.13737e-18
-9.16239e-14
-8.17328e-18
-9.32669e-14
-8.21089e-18
-9.49393e-14
-8.24975e-18
-9.66417e-14
-8.28934e-18
-9.83746e-14
-8.32898e-18
-1.00139e-13
-8.36787e-18
-1.01934e-13
-8.40506e-18
-1.03762e-13
-8.43941e-18
-1.05623e-13
-8.46958e-18
-1.07517e-13
-8.49406e-18
-1.09444e-13
-8.51108e-18
-1.11407e-13
-8.51868e-18
-1.13405e-13
-8.51467e-18
-1.15438e-13
-8.49665e-18
-1.17508e-13
-8.46199e-18
-1.19615e-13
-8.40788e-18
-1.2176e-13
-8.33131e-18
-1.23943e-13
-8.22912e-18
-1.26165e-13
-8.09802e-18
-1.28427e-13
-7.93462e-18
-1.3073e-13
-7.73549e-18
-1.33074e-13
-7.49719e-18
-1.3546e-13
-7.21638e-18
-1.37889e-13
-6.8899e-18
-1.40361e-13
-6.51486e-18
-1.42878e-13
-6.08885e-18
-1.4544e-13
-5.61002e-18
-1.48048e-13
-5.0773e-18
-1.50702e-13
-4.49064e-18
-1.53404e-13
-3.85112e-18
-1.56155e-13
-3.16118e-18
-1.58955e-13
-2.42477e-18
-1.61805e-13
-1.64741e-18
-1.64707e-13
-8.36257e-19
-1.6766e-13
-1.70666e-13
-1.33976e-10
-4.7921e-06
-9.1336e-18
-7.63331e-07
-7.93319e-18
-1.00827e-13
-7.94257e-18
-9.00099e-14
-7.95292e-18
-9.16239e-14
-7.96402e-18
-9.32669e-14
-7.97558e-18
-9.49393e-14
-7.98722e-18
-9.66417e-14
-7.99848e-18
-9.83746e-14
-8.00876e-18
-1.00139e-13
-8.01737e-18
-1.01934e-13
-8.02346e-18
-1.03762e-13
-8.02606e-18
-1.05623e-13
-8.02404e-18
-1.07517e-13
-8.01608e-18
-1.09444e-13
-8.00072e-18
-1.11407e-13
-7.97631e-18
-1.13405e-13
-7.94104e-18
-1.15438e-13
-7.89291e-18
-1.17508e-13
-7.82976e-18
-1.19615e-13
-7.74927e-18
-1.2176e-13
-7.64897e-18
-1.23943e-13
-7.5263e-18
-1.26165e-13
-7.37856e-18
-1.28428e-13
-7.20303e-18
-1.3073e-13
-6.99695e-18
-1.33074e-13
-6.75759e-18
-1.3546e-13
-6.48232e-18
-1.37889e-13
-6.16871e-18
-1.40362e-13
-5.81457e-18
-1.42878e-13
-5.41809e-18
-1.4544e-13
-4.97799e-18
-1.48048e-13
-4.49359e-18
-1.50703e-13
-3.965e-18
-1.53405e-13
-3.39325e-18
-1.56156e-13
-2.78039e-18
-1.58956e-13
-2.12961e-18
-1.61806e-13
-1.44534e-18
-1.64707e-13
-7.33196e-19
-1.67661e-13
-1.70667e-13
-1.22123e-10
-4.39409e-06
-8.89309e-18
-7.15976e-07
-7.78697e-18
-9.97897e-14
-7.77578e-18
-9.00099e-14
-7.76449e-18
-9.16239e-14
-7.75299e-18
-9.32669e-14
-7.74109e-18
-9.49393e-14
-7.72848e-18
-9.66417e-14
-7.71479e-18
-9.83746e-14
-7.69951e-18
-1.00139e-13
-7.68204e-18
-1.01934e-13
-7.66166e-18
-1.03762e-13
-7.63752e-18
-1.05623e-13
-7.60865e-18
-1.07517e-13
-7.57394e-18
-1.09444e-13
-7.53216e-18
-1.11407e-13
-7.48191e-18
-1.13405e-13
-7.42169e-18
-1.15438e-13
-7.34983e-18
-1.17508e-13
-7.26453e-18
-1.19615e-13
-7.16389e-18
-1.2176e-13
-7.04589e-18
-1.23943e-13
-6.90842e-18
-1.26165e-13
-6.74929e-18
-1.28428e-13
-6.56629e-18
-1.3073e-13
-6.35721e-18
-1.33075e-13
-6.11988e-18
-1.35461e-13
-5.85222e-18
-1.3789e-13
-5.55232e-18
-1.40362e-13
-5.21852e-18
-1.42879e-13
-4.84946e-18
-1.45441e-13
-4.4442e-18
-1.48049e-13
-4.00233e-18
-1.50703e-13
-3.52403e-18
-1.53405e-13
-3.01022e-18
-1.56156e-13
-2.46261e-18
-1.58956e-13
-1.88379e-18
-1.61806e-13
-1.27728e-18
-1.64708e-13
-6.47559e-19
-1.67661e-13
-1.70668e-13
-1.10539e-10
-4.00763e-06
-8.65742e-18
-6.67837e-07
-7.63974e-18
-9.87894e-14
-7.60823e-18
-9.00099e-14
-7.5761e-18
-9.16239e-14
-7.54333e-18
-9.32669e-14
-7.50978e-18
-9.49393e-14
-7.47522e-18
-9.66417e-14
-7.4393e-18
-9.83747e-14
-7.40157e-18
-1.00139e-13
-7.36152e-18
-1.01934e-13
-7.31849e-18
-1.03762e-13
-7.27175e-18
-1.05623e-13
-7.22046e-18
-1.07517e-13
-7.16368e-18
-1.09445e-13
-7.10034e-18
-1.11407e-13
-7.02928e-18
-1.13405e-13
-6.94921e-18
-1.15438e-13
-6.85875e-18
-1.17508e-13
-6.75641e-18
-1.19615e-13
-6.6406e-18
-1.2176e-13
-6.50965e-18
-1.23943e-13
-6.36184e-18
-1.26166e-13
-6.19538e-18
-1.28428e-13
-6.00847e-18
-1.30731e-13
-5.79933e-18
-1.33075e-13
-5.56621e-18
-1.35461e-13
-5.30746e-18
-1.3789e-13
-5.02158e-18
-1.40362e-13
-4.70728e-18
-1.42879e-13
-4.36352e-18
-1.45441e-13
-3.98962e-18
-1.48049e-13
-3.5853e-18
-1.50704e-13
-3.15077e-18
-1.53406e-13
-2.68683e-18
-1.56157e-13
-2.19489e-18
-1.58957e-13
-1.67705e-18
-1.61807e-13
-1.13613e-18
-1.64708e-13
-5.75693e-19
-1.67662e-13
-1.70668e-13
-9.93261e-11
-3.63301e-06
-8.43327e-18
-6.18291e-07
-7.49426e-18
-9.78452e-14
-7.44119e-18
-9.001e-14
-7.38815e-18
-9.1624e-14
-7.33492e-18
-9.3267e-14
-7.28119e-18
-9.49394e-14
-7.22664e-18
-9.66418e-14
-7.17087e-18
-9.83747e-14
-7.11343e-18
-1.00139e-13
-7.05382e-18
-1.01934e-13
-6.99145e-18
-1.03762e-13
-6.92565e-18
-1.05623e-13
-6.8557e-18
-1.07517e-13
-6.78076e-18
-1.09445e-13
-6.69992e-18
-1.11407e-13
-6.61219e-18
-1.13405e-13
-6.51649e-18
-1.15438e-13
-6.41163e-18
-1.17508e-13
-6.29637e-18
-1.19615e-13
-6.1694e-18
-1.2176e-13
-6.02932e-18
-1.23943e-13
-5.87471e-18
-1.26166e-13
-5.7041e-18
-1.28428e-13
-5.51602e-18
-1.30731e-13
-5.30901e-18
-1.33075e-13
-5.08166e-18
-1.35461e-13
-4.83266e-18
-1.3789e-13
-4.5608e-18
-1.40363e-13
-4.26506e-18
-1.42879e-13
-3.94465e-18
-1.45441e-13
-3.59903e-18
-1.48049e-13
-3.22804e-18
-1.50704e-13
-2.83187e-18
-1.53406e-13
-2.41119e-18
-1.56157e-13
-1.96716e-18
-1.58957e-13
-1.50147e-18
-1.61807e-13
-1.0164e-18
-1.64709e-13
-5.14776e-19
-1.67662e-13
-1.70669e-13
-8.83689e-11
-3.27058e-06
-8.20424e-18
-5.67714e-07
-7.33956e-18
-9.69462e-14
-7.26686e-18
-9.001e-14
-7.19495e-18
-9.16241e-14
-7.12337e-18
-9.3267e-14
-7.05171e-18
-9.49394e-14
-6.97956e-18
-9.66419e-14
-6.90649e-18
-9.83748e-14
-6.83205e-18
-1.00139e-13
-6.75575e-18
-1.01934e-13
-6.67706e-18
-1.03762e-13
-6.59537e-18
-1.05623e-13
-6.51003e-18
-1.07517e-13
-6.42032e-18
-1.09445e-13
-6.32545e-18
-1.11407e-13
-6.22457e-18
-1.13405e-13
-6.11675e-18
-1.15438e-13
-6.00099e-18
-1.17508e-13
-5.87625e-18
-1.19615e-13
-5.7414e-18
-1.2176e-13
-5.59529e-18
-1.23943e-13
-5.43673e-18
-1.26166e-13
-5.2645e-18
-1.28428e-13
-5.07739e-18
-1.30731e-13
-4.87421e-18
-1.33075e-13
-4.65379e-18
-1.35461e-13
-4.41506e-18
-1.3789e-13
-4.15707e-18
-1.40363e-13
-3.87898e-18
-1.4288e-13
-3.58017e-18
-1.45442e-13
-3.26022e-18
-1.4805e-13
-2.91901e-18
-1.50704e-13
-2.55672e-18
-1.53407e-13
-2.17389e-18
-1.56157e-13
-1.77147e-18
-1.58957e-13
-1.35083e-18
-1.61808e-13
-9.13789e-19
-1.64709e-13
-4.62606e-19
-1.67663e-13
-1.70669e-13
-7.76371e-11
-2.92074e-06
-7.95326e-18
-5.16857e-07
-7.1649e-18
-9.60722e-14
-7.07727e-18
-9.00101e-14
-6.9903e-18
-9.16242e-14
-6.90366e-18
-9.32671e-14
-6.81704e-18
-9.49395e-14
-6.7301e-18
-9.66419e-14
-6.64248e-18
-9.83749e-14
-6.55377e-18
-1.00139e-13
-6.46356e-18
-1.01935e-13
-6.37136e-18
-1.03762e-13
-6.27666e-18
-1.05623e-13
-6.17888e-18
-1.07517e-13
-6.0774e-18
-1.09445e-13
-5.97154e-18
-1.11407e-13
-5.86056e-18
-1.13405e-13
-5.74365e-18
-1.15438e-13
-5.61998e-18
-1.17508e-13
-5.48863e-18
-1.19615e-13
-5.34867e-18
-1.2176e-13
-5.19912e-18
-1.23944e-13
-5.03897e-18
-1.26166e-13
-4.86721e-18
-1.28428e-13
-4.68281e-18
-1.30731e-13
-4.48478e-18
-1.33075e-13
-4.27218e-18
-1.35462e-13
-4.04411e-18
-1.37891e-13
-3.79977e-18
-1.40363e-13
-3.53851e-18
-1.4288e-13
-3.2598e-18
-1.45442e-13
-2.96331e-18
-1.4805e-13
-2.64894e-18
-1.50705e-13
-2.31685e-18
-1.53407e-13
-1.96746e-18
-1.56158e-13
-1.60155e-18
-1.58958e-13
-1.22022e-18
-1.61808e-13
-8.24912e-19
-1.6471e-13
-4.17449e-19
-1.67663e-13
-1.7067e-13
-6.73278e-11
-2.58394e-06
-7.68317e-18
-4.66102e-07
-6.971e-18
-9.52091e-14
-6.87145e-18
-9.00102e-14
-6.77226e-18
-9.16242e-14
-6.67327e-18
-9.32672e-14
-6.5743e-18
-9.49396e-14
-6.47512e-18
-9.6642e-14
-6.37546e-18
-9.8375e-14
-6.27502e-18
-1.00139e-13
-6.17344e-18
-1.01935e-13
-6.07033e-18
-1.03762e-13
-5.96525e-18
-1.05623e-13
-5.8577e-18
-1.07517e-13
-5.74715e-18
-1.09445e-13
-5.633e-18
-1.11407e-13
-5.51461e-18
-1.13405e-13
-5.3913e-18
-1.15439e-13
-5.26231e-18
-1.17509e-13
-5.12689e-18
-1.19616e-13
-4.98421e-18
-1.2176e-13
-4.83343e-18
-1.23944e-13
-4.67371e-18
-1.26166e-13
-4.50416e-18
-1.28429e-13
-4.32394e-18
-1.30731e-13
-4.1322e-18
-1.33076e-13
-3.92814e-18
-1.35462e-13
-3.71101e-18
-1.37891e-13
-3.48016e-18
-1.40363e-13
-3.23501e-18
-1.4288e-13
-2.97515e-18
-1.45442e-13
-2.7003e-18
-1.4805e-13
-2.41036e-18
-1.50705e-13
-2.10545e-18
-1.53407e-13
-1.78593e-18
-1.56158e-13
-1.45239e-18
-1.58958e-13
-1.10572e-18
-1.61809e-13
-7.47082e-19
-1.6471e-13
-3.7793e-19
-1.67664e-13
-1.7067e-13
-5.7539e-11
-2.2607e-06
-7.39835e-18
-4.15312e-07
-6.7602e-18
-9.43684e-14
-6.65006e-18
-9.00103e-14
-6.54024e-18
-9.16244e-14
-6.43068e-18
-9.32673e-14
-6.32127e-18
-9.49397e-14
-6.21188e-18
-9.66422e-14
-6.10231e-18
-9.83751e-14
-5.99233e-18
-1.00139e-13
-5.88166e-18
-1.01935e-13
-5.76998e-18
-1.03763e-13
-5.65691e-18
-1.05623e-13
-5.54204e-18
-1.07517e-13
-5.42488e-18
-1.09445e-13
-5.30491e-18
-1.11408e-13
-5.18158e-18
-1.13405e-13
-5.05427e-18
-1.15439e-13
-4.92234e-18
-1.17509e-13
-4.78509e-18
-1.19616e-13
-4.64183e-18
-1.21761e-13
-4.49181e-18
-1.23944e-13
-4.33429e-18
-1.26166e-13
-4.16852e-18
-1.28429e-13
-3.99376e-18
-1.30732e-13
-3.80928e-18
-1.33076e-13
-3.61441e-18
-1.35462e-13
-3.40851e-18
-1.37891e-13
-3.191e-18
-1.40364e-13
-2.96143e-18
-1.4288e-13
-2.71941e-18
-1.45442e-13
-2.4647e-18
-1.4805e-13
-2.19723e-18
-1.50705e-13
-1.91706e-18
-1.53408e-13
-1.62448e-18
-1.56158e-13
-1.31996e-18
-1.58958e-13
-1.00421e-18
-1.61809e-13
-6.78154e-19
-1.6471e-13
-3.42953e-19
-1.67664e-13
-1.7067e-13
-4.83126e-11
-1.95162e-06
-7.10072e-18
-3.64354e-07
-6.53207e-18
-9.35402e-14
-6.41194e-18
-9.00105e-14
-6.29251e-18
-9.16245e-14
-6.17366e-18
-9.32674e-14
-6.0553e-18
-9.49399e-14
-5.93735e-18
-9.66423e-14
-5.81966e-18
-9.83752e-14
-5.70207e-18
-1.00139e-13
-5.58436e-18
-1.01935e-13
-5.46625e-18
-1.03763e-13
-5.34743e-18
-1.05623e-13
-5.22751e-18
-1.07517e-13
-5.10606e-18
-1.09445e-13
-4.98262e-18
-1.11408e-13
-4.85667e-18
-1.13405e-13
-4.72765e-18
-1.15439e-13
-4.59497e-18
-1.17509e-13
-4.45801e-18
-1.19616e-13
-4.31614e-18
-1.21761e-13
-4.1687e-18
-1.23944e-13
-4.01503e-18
-1.26167e-13
-3.85446e-18
-1.28429e-13
-3.68634e-18
-1.30732e-13
-3.51005e-18
-1.33076e-13
-3.32499e-18
-1.35462e-13
-3.1306e-18
-1.37891e-13
-2.9264e-18
-1.40364e-13
-2.71197e-18
-1.42881e-13
-2.48699e-18
-1.45443e-13
-2.25124e-18
-1.48051e-13
-2.00465e-18
-1.50705e-13
-1.74725e-18
-1.53408e-13
-1.47926e-18
-1.56159e-13
-1.20106e-18
-1.58959e-13
-9.13193e-19
-1.61809e-13
-6.16412e-19
-1.64711e-13
-3.11643e-19
-1.67664e-13
-1.70671e-13
-3.96826e-11
-1.65739e-06
-6.78009e-18
-3.13859e-07
-6.28093e-18
-9.27578e-14
-6.15304e-18
-9.00106e-14
-6.02558e-18
-9.16246e-14
-5.89878e-18
-9.32676e-14
-5.7728e-18
-9.494e-14
-5.64772e-18
-9.66424e-14
-5.52351e-18
-9.83753e-14
-5.40009e-18
-1.00139e-13
-5.27728e-18
-1.01935e-13
-5.15484e-18
-1.03763e-13
-5.03246e-18
-1.05623e-13
-4.90977e-18
-1.07517e-13
-4.78636e-18
-1.09445e-13
-4.66176e-18
-1.11408e-13
-4.53549e-18
-1.13405e-13
-4.40699e-18
-1.15439e-13
-4.27572e-18
-1.17509e-13
-4.1411e-18
-1.19616e-13
-4.00253e-18
-1.21761e-13
-3.85941e-18
-1.23944e-13
-3.71115e-18
-1.26167e-13
-3.55714e-18
-1.28429e-13
-3.39679e-18
-1.30732e-13
-3.22956e-18
-1.33076e-13
-3.05492e-18
-1.35462e-13
-2.87237e-18
-1.37891e-13
-2.6815e-18
-1.40364e-13
-2.48193e-18
-1.42881e-13
-2.27338e-18
-1.45443e-13
-2.05566e-18
-1.48051e-13
-1.82868e-18
-1.50706e-13
-1.59246e-18
-1.53408e-13
-1.34717e-18
-1.56159e-13
-1.09308e-18
-1.58959e-13
-8.30659e-19
-1.61809e-13
-5.60482e-19
-1.64711e-13
-2.83298e-19
-1.67664e-13
-1.70671e-13
-3.17254e-11
-1.37882e-06
-6.44979e-18
-2.63117e-07
-6.01137e-18
-9.19869e-14
-5.87425e-18
-9.00107e-14
-5.73786e-18
-9.16247e-14
-5.60286e-18
-9.32677e-14
-5.46961e-18
-9.49401e-14
-5.33831e-18
-9.66425e-14
-5.20895e-18
-9.83755e-14
-5.08145e-18
-1.00139e-13
-4.95557e-18
-1.01935e-13
-4.83104e-18
-1.03763e-13
-4.70747e-18
-1.05624e-13
-4.58447e-18
-1.07517e-13
-4.46157e-18
-1.09445e-13
-4.33828e-18
-1.11408e-13
-4.21408e-18
-1.13406e-13
-4.08842e-18
-1.15439e-13
-3.96076e-18
-1.17509e-13
-3.83052e-18
-1.19616e-13
-3.69715e-18
-1.21761e-13
-3.56008e-18
-1.23944e-13
-3.41874e-18
-1.26167e-13
-3.2726e-18
-1.28429e-13
-3.12113e-18
-1.30732e-13
-2.96383e-18
-1.33076e-13
-2.80022e-18
-1.35462e-13
-2.62988e-18
-1.37892e-13
-2.45243e-18
-1.40364e-13
-2.26754e-18
-1.42881e-13
-2.07497e-18
-1.45443e-13
-1.87454e-18
-1.48051e-13
-1.66617e-18
-1.50706e-13
-1.44985e-18
-1.53408e-13
-1.22571e-18
-1.56159e-13
-9.93978e-19
-1.58959e-13
-7.55005e-19
-1.6181e-13
-5.09265e-19
-1.64711e-13
-2.57357e-19
-1.67665e-13
-1.70671e-13
-2.43546e-11
-1.11687e-06
-6.11969e-18
-2.09269e-07
-5.72535e-18
-9.12128e-14
-5.57216e-18
-9.00109e-14
-5.42318e-18
-9.16249e-14
-5.27849e-18
-9.32678e-14
-5.13802e-18
-9.49403e-14
-5.0016e-18
-9.66427e-14
-4.86895e-18
-9.83756e-14
-4.73969e-18
-1.0014e-13
-4.6134e-18
-1.01935e-13
-4.4896e-18
-1.03763e-13
-4.36777e-18
-1.05624e-13
-4.24737e-18
-1.07518e-13
-4.12784e-18
-1.09446e-13
-4.00861e-18
-1.11408e-13
-3.88911e-18
-1.13406e-13
-3.76876e-18
-1.15439e-13
-3.647e-18
-1.17509e-13
-3.52326e-18
-1.19616e-13
-3.397e-18
-1.21761e-13
-3.26768e-18
-1.23944e-13
-3.13478e-18
-1.26167e-13
-2.9978e-18
-1.28429e-13
-2.85626e-18
-1.30732e-13
-2.70972e-18
-1.33076e-13
-2.55776e-18
-1.35463e-13
-2.4e-18
-1.37892e-13
-2.23612e-18
-1.40364e-13
-2.06582e-18
-1.42881e-13
-1.88889e-18
-1.45443e-13
-1.70518e-18
-1.48051e-13
-1.51459e-18
-1.50706e-13
-1.31715e-18
-1.53408e-13
-1.11292e-18
-1.56159e-13
-9.02096e-19
-1.58959e-13
-6.84959e-19
-1.6181e-13
-4.61891e-19
-1.64711e-13
-2.33376e-19
-1.67665e-13
-1.70671e-13
-1.74392e-11
-8.72749e-07
-5.74212e-18
-1.52749e-07
-5.388e-18
-9.04944e-14
-5.2193e-18
-9.0011e-14
-5.05947e-18
-9.16251e-14
-4.90774e-18
-9.3268e-14
-4.76336e-18
-9.49404e-14
-4.62557e-18
-9.66428e-14
-4.49362e-18
-9.83757e-14
-4.36675e-18
-1.0014e-13
-4.24417e-18
-1.01935e-13
-4.12514e-18
-1.03763e-13
-4.00891e-18
-1.05624e-13
-3.89478e-18
-1.07518e-13
-3.78205e-18
-1.09446e-13
-3.67006e-18
-1.11408e-13
-3.55817e-18
-1.13406e-13
-3.44579e-18
-1.15439e-13
-3.33234e-18
-1.17509e-13
-3.21726e-18
-1.19616e-13
-3.10002e-18
-1.21761e-13
-2.98013e-18
-1.23945e-13
-2.85712e-18
-1.26167e-13
-2.73052e-18
-1.28429e-13
-2.59993e-18
-1.30732e-13
-2.46494e-18
-1.33077e-13
-2.32521e-18
-1.35463e-13
-2.18039e-18
-1.37892e-13
-2.03022e-18
-1.40364e-13
-1.87446e-18
-1.42881e-13
-1.71291e-18
-1.45443e-13
-1.54545e-18
-1.48051e-13
-1.37201e-18
-1.50706e-13
-1.19258e-18
-1.53409e-13
-1.00724e-18
-1.56159e-13
-8.16144e-19
-1.5896e-13
-6.19515e-19
-1.6181e-13
-4.17669e-19
-1.64712e-13
-2.11005e-19
-1.67665e-13
-1.70672e-13
-1.12234e-11
-6.47938e-07
-5.2583e-18
-9.85436e-08
-4.95256e-18
-8.97544e-14
-4.77956e-18
-9.00112e-14
-4.61852e-18
-9.16252e-14
-4.46851e-18
-9.32681e-14
-4.32839e-18
-9.49405e-14
-4.19692e-18
-9.66429e-14
-4.07286e-18
-9.83758e-14
-3.95501e-18
-1.0014e-13
-3.84224e-18
-1.01935e-13
-3.73353e-18
-1.03763e-13
-3.62791e-18
-1.05624e-13
-3.52454e-18
-1.07518e-13
-3.42261e-18
-1.09446e-13
-3.32142e-18
-1.11408e-13
-3.2203e-18
-1.13406e-13
-3.11865e-18
-1.15439e-13
-3.01593e-18
-1.17509e-13
-2.91162e-18
-1.19616e-13
-2.80524e-18
-1.21761e-13
-2.69636e-18
-1.23945e-13
-2.58456e-18
-1.26167e-13
-2.46945e-18
-1.2843e-13
-2.35069e-18
-1.30732e-13
-2.22795e-18
-1.33077e-13
-2.10094e-18
-1.35463e-13
-1.96938e-18
-1.37892e-13
-1.83305e-18
-1.40365e-13
-1.69176e-18
-1.42881e-13
-1.54537e-18
-1.45444e-13
-1.39376e-18
-1.48052e-13
-1.2369e-18
-1.50706e-13
-1.07478e-18
-1.53409e-13
-9.07481e-19
-1.5616e-13
-7.35118e-19
-1.5896e-13
-5.57891e-19
-1.6181e-13
-3.76063e-19
-1.64712e-13
-1.89966e-19
-1.67665e-13
-1.70672e-13
-6.15657e-12
-4.44417e-07
-4.65596e-18
-4.79854e-08
-4.39809e-18
-8.89681e-14
-4.22994e-18
-9.00114e-14
-4.07946e-18
-9.16254e-14
-3.94375e-18
-9.32683e-14
-3.82017e-18
-9.49407e-14
-3.70643e-18
-9.6643e-14
-3.60053e-18
-9.83759e-14
-3.50079e-18
-1.0014e-13
-3.40574e-18
-1.01936e-13
-3.31417e-18
-1.03763e-13
-3.22502e-18
-1.05624e-13
-3.1374e-18
-1.07518e-13
-3.05053e-18
-1.09446e-13
-2.96376e-18
-1.11408e-13
-2.87649e-18
-1.13406e-13
-2.78821e-18
-1.1544e-13
-2.69844e-18
-1.17509e-13
-2.60679e-18
-1.19617e-13
-2.51286e-18
-1.21761e-13
-2.4163e-18
-1.23945e-13
-2.31681e-18
-1.26167e-13
-2.21409e-18
-1.2843e-13
-2.10787e-18
-1.30733e-13
-1.9979e-18
-1.33077e-13
-1.88396e-18
-1.35463e-13
-1.76586e-18
-1.37892e-13
-1.64342e-18
-1.40365e-13
-1.51652e-18
-1.42882e-13
-1.38504e-18
-1.45444e-13
-1.24893e-18
-1.48052e-13
-1.10815e-18
-1.50706e-13
-9.62722e-19
-1.53409e-13
-8.12714e-19
-1.5616e-13
-6.58244e-19
-1.5896e-13
-4.99482e-19
-1.6181e-13
-3.36656e-19
-1.64712e-13
-1.70049e-19
-1.67666e-13
-1.70672e-13
-2.3957e-12
-2.64967e-07
-3.84453e-18
-1.91589e-09
-3.66127e-18
-8.87466e-14
-3.52931e-18
-9.00115e-14
-3.41737e-18
-9.16255e-14
-3.31989e-18
-9.32684e-14
-3.23287e-18
-9.49408e-14
-3.15332e-18
-9.66431e-14
-3.07903e-18
-9.8376e-14
-3.00829e-18
-1.0014e-13
-2.93977e-18
-1.01936e-13
-2.87246e-18
-1.03763e-13
-2.80554e-18
-1.05624e-13
-2.73834e-18
-1.07518e-13
-2.67033e-18
-1.09446e-13
-2.60106e-18
-1.11408e-13
-2.53016e-18
-1.13406e-13
-2.45729e-18
-1.1544e-13
-2.38218e-18
-1.1751e-13
-2.30456e-18
-1.19617e-13
-2.2242e-18
-1.21762e-13
-2.1409e-18
-1.23945e-13
-2.05445e-18
-1.26167e-13
-1.96468e-18
-1.2843e-13
-1.87142e-18
-1.30733e-13
-1.77451e-18
-1.33077e-13
-1.67382e-18
-1.35463e-13
-1.56922e-18
-1.37892e-13
-1.46062e-18
-1.40365e-13
-1.34793e-18
-1.42882e-13
-1.2311e-18
-1.45444e-13
-1.1101e-18
-1.48052e-13
-9.84926e-19
-1.50707e-13
-8.55618e-19
-1.53409e-13
-7.22248e-19
-1.5616e-13
-5.84931e-19
-1.5896e-13
-4.43823e-19
-1.61811e-13
-2.99126e-19
-1.64712e-13
-1.51087e-19
-1.67666e-13
-1.70672e-13
-6.70263e-14
-1.13963e-07
-2.72996e-18
-9.2974e-09
-2.69219e-18
-8.85277e-14
-2.6653e-18
-9.00115e-14
-2.63917e-18
-9.16255e-14
-2.61307e-18
-9.32684e-14
-2.58622e-18
-9.49408e-14
-2.55793e-18
-9.66432e-14
-2.5277e-18
-9.83761e-14
-2.49514e-18
-1.0014e-13
-2.45997e-18
-1.01936e-13
-2.42201e-18
-1.03763e-13
-2.38114e-18
-1.05624e-13
-2.33726e-18
-1.07518e-13
-2.29031e-18
-1.09446e-13
-2.24024e-18
-1.11408e-13
-2.187e-18
-1.13406e-13
-2.13056e-18
-1.1544e-13
-2.07087e-18
-1.1751e-13
-2.00789e-18
-1.19617e-13
-1.94157e-18
-1.21762e-13
-1.87185e-18
-1.23945e-13
-1.79869e-18
-1.26167e-13
-1.72202e-18
-1.2843e-13
-1.64179e-18
-1.30733e-13
-1.55795e-18
-1.33077e-13
-1.47044e-18
-1.35463e-13
-1.37921e-18
-1.37892e-13
-1.28424e-18
-1.40365e-13
-1.1855e-18
-1.42882e-13
-1.08297e-18
-1.45444e-13
-9.7667e-19
-1.48052e-13
-8.66626e-19
-1.50707e-13
-7.52894e-19
-1.53409e-13
-6.35556e-19
-1.5616e-13
-5.14728e-19
-1.5896e-13
-3.90556e-19
-1.61811e-13
-2.63224e-19
-1.64712e-13
-1.32952e-19
-1.67666e-13
-1.70672e-13
-1.90136e-13
-8.53383e-14
-1.61879e-18
-8.68684e-14
-1.71178e-18
-8.84259e-14
-1.79224e-18
-9.00115e-14
-1.85746e-18
-9.16254e-14
-1.90819e-18
-9.32684e-14
-1.94577e-18
-9.49407e-14
-1.97168e-18
-9.66431e-14
-1.98732e-18
-9.8376e-14
-1.9939e-18
-1.0014e-13
-1.99246e-18
-1.01936e-13
-1.98385e-18
-1.03763e-13
-1.96879e-18
-1.05624e-13
-1.94787e-18
-1.07518e-13
-1.92154e-18
-1.09446e-13
-1.89021e-18
-1.11408e-13
-1.8542e-18
-1.13406e-13
-1.81375e-18
-1.1544e-13
-1.76908e-18
-1.1751e-13
-1.72036e-18
-1.19617e-13
-1.66772e-18
-1.21762e-13
-1.61126e-18
-1.23945e-13
-1.55106e-18
-1.26168e-13
-1.48719e-18
-1.2843e-13
-1.4197e-18
-1.30733e-13
-1.34861e-18
-1.33077e-13
-1.27396e-18
-1.35463e-13
-1.19578e-18
-1.37892e-13
-1.11408e-18
-1.40365e-13
-1.02889e-18
-1.42882e-13
-9.4025e-19
-1.45444e-13
-8.48199e-19
-1.48052e-13
-7.52792e-19
-1.50707e-13
-6.54105e-19
-1.53409e-13
-5.52228e-19
-1.5616e-13
-4.47279e-19
-1.5896e-13
-3.39397e-19
-1.61811e-13
-2.28753e-19
-1.64712e-13
-1.15544e-19
-1.67666e-13
-1.70672e-13
-2.78492e-19
-8.53378e-14
-6.06925e-19
-8.6868e-14
-8.53109e-19
-8.84257e-14
-1.041e-18
-9.00113e-14
-1.18613e-18
-9.16253e-14
-1.29886e-18
-9.32682e-14
-1.38629e-18
-9.49407e-14
-1.45346e-18
-9.66431e-14
-1.50401e-18
-9.8376e-14
-1.54069e-18
-1.0014e-13
-1.56558e-18
-1.01936e-13
-1.5803e-18
-1.03763e-13
-1.58615e-18
-1.05624e-13
-1.58415e-18
-1.07518e-13
-1.57516e-18
-1.09446e-13
-1.55985e-18
-1.11408e-13
-1.5388e-18
-1.13406e-13
-1.51246e-18
-1.1544e-13
-1.48123e-18
-1.1751e-13
-1.44544e-18
-1.19617e-13
-1.40533e-18
-1.21762e-13
-1.36115e-18
-1.23945e-13
-1.31308e-18
-1.26168e-13
-1.26127e-18
-1.2843e-13
-1.20584e-18
-1.30733e-13
-1.14692e-18
-1.33077e-13
-1.08458e-18
-1.35463e-13
-1.01891e-18
-1.37892e-13
-9.49986e-19
-1.40365e-13
-8.77867e-19
-1.42882e-13
-8.02623e-19
-1.45444e-13
-7.24325e-19
-1.48052e-13
-6.43049e-19
-1.50707e-13
-5.58882e-19
-1.53409e-13
-4.71924e-19
-1.5616e-13
-3.82288e-19
-1.5896e-13
-2.90111e-19
-1.61811e-13
-1.95547e-19
-1.64712e-13
-9.87752e-20
-1.67666e-13
-1.70673e-13
-8.55824e-20
-8.53376e-14
-2.87836e-19
-8.68678e-14
-4.68846e-19
-8.84255e-14
-6.2654e-19
-9.00111e-14
-7.61459e-19
-9.16252e-14
-8.75293e-19
-9.32681e-14
-9.70126e-19
-9.49406e-14
-1.04807e-18
-9.6643e-14
-1.11108e-18
-9.83759e-14
-1.16091e-18
-1.0014e-13
-1.19909e-18
-1.01936e-13
-1.22695e-18
-1.03763e-13
-1.24562e-18
-1.05624e-13
-1.25608e-18
-1.07518e-13
-1.25916e-18
-1.09446e-13
-1.25558e-18
-1.11408e-13
-1.24595e-18
-1.13406e-13
-1.2308e-18
-1.1544e-13
-1.21056e-18
-1.1751e-13
-1.18564e-18
-1.19617e-13
-1.15635e-18
-1.21762e-13
-1.12299e-18
-1.23945e-13
-1.08579e-18
-1.26168e-13
-1.04496e-18
-1.2843e-13
-1.00067e-18
-1.30733e-13
-9.53088e-19
-1.33077e-13
-9.02333e-19
-1.35463e-13
-8.48525e-19
-1.37892e-13
-7.91765e-19
-1.40365e-13
-7.32148e-19
-1.42882e-13
-6.69763e-19
-1.45444e-13
-6.04698e-19
-1.48052e-13
-5.3704e-19
-1.50707e-13
-4.66883e-19
-1.53409e-13
-3.94328e-19
-1.5616e-13
-3.19487e-19
-1.58961e-13
-2.42483e-19
-1.61811e-13
-1.63458e-19
-1.64712e-13
-8.25705e-20
-1.67666e-13
-1.70673e-13
-3.64348e-20
-8.53374e-14
-1.63707e-19
-8.68677e-14
-2.85525e-19
-8.84254e-14
-3.99012e-19
-9.0011e-14
-5.02402e-19
-9.16251e-14
-5.94808e-19
-9.3268e-14
-6.75978e-19
-9.49405e-14
-7.46092e-19
-9.66429e-14
-8.05598e-19
-9.83759e-14
-8.55098e-19
-1.0014e-13
-8.95271e-19
-1.01936e-13
-9.26813e-19
-1.03763e-13
-9.50411e-19
-1.05624e-13
-9.66718e-19
-1.07518e-13
-9.76343e-19
-1.09446e-13
-9.79845e-19
-1.11408e-13
-9.7773e-19
-1.13406e-13
-9.70457e-19
-1.1544e-13
-9.58435e-19
-1.1751e-13
-9.42026e-19
-1.19617e-13
-9.21553e-19
-1.21762e-13
-8.97298e-19
-1.23945e-13
-8.6951e-19
-1.26168e-13
-8.38408e-19
-1.2843e-13
-8.0418e-19
-1.30733e-13
-7.66994e-19
-1.33077e-13
-7.26996e-19
-1.35463e-13
-6.84314e-19
-1.37892e-13
-6.39065e-19
-1.40365e-13
-5.91352e-19
-1.42882e-13
-5.41272e-19
-1.45444e-13
-4.88917e-19
-1.48052e-13
-4.34379e-19
-1.50707e-13
-3.7775e-19
-1.53409e-13
-3.19124e-19
-1.5616e-13
-2.58604e-19
-1.58961e-13
-1.96302e-19
-1.61811e-13
-1.3234e-19
-1.64713e-13
-6.68552e-20
-1.67666e-13
-1.70673e-13
-1.70729e-20
-8.53373e-14
-1.00217e-19
-8.68676e-14
-1.81756e-19
-8.84253e-14
-2.60061e-19
-9.00109e-14
-3.33804e-19
-9.1625e-14
-4.0199e-19
-9.3268e-14
-4.63942e-19
-9.49404e-14
-5.19265e-19
-9.66429e-14
-5.67797e-19
-9.83758e-14
-6.09552e-19
-1.0014e-13
-6.44681e-19
-1.01936e-13
-6.7343e-19
-1.03763e-13
-6.96104e-19
-1.05624e-13
-7.13046e-19
-1.07518e-13
-7.24614e-19
-1.09446e-13
-7.31167e-19
-1.11408e-13
-7.33058e-19
-1.13406e-13
-7.30621e-19
-1.1544e-13
-7.24171e-19
-1.1751e-13
-7.14e-19
-1.19617e-13
-7.00373e-19
-1.21762e-13
-6.83533e-19
-1.23945e-13
-6.63698e-19
-1.26168e-13
-6.41063e-19
-1.2843e-13
-6.15801e-19
-1.30733e-13
-5.88066e-19
-1.33077e-13
-5.57996e-19
-1.35463e-13
-5.25713e-19
-1.37893e-13
-4.91325e-19
-1.40365e-13
-4.54934e-19
-1.42882e-13
-4.16629e-19
-1.45444e-13
-3.76496e-19
-1.48052e-13
-3.3462e-19
-1.50707e-13
-2.91081e-19
-1.53409e-13
-2.45963e-19
-1.5616e-13
-1.99354e-19
-1.58961e-13
-1.51347e-19
-1.61811e-13
-1.02042e-19
-1.64713e-13
-5.15524e-20
-1.67666e-13
-1.70673e-13
-7.99651e-21
-8.53373e-14
-6.10033e-20
-8.68676e-14
-1.13515e-19
-8.84252e-14
-1.6467e-19
-9.00109e-14
-2.13681e-19
-9.16249e-14
-2.59872e-19
-9.32679e-14
-3.02696e-19
-9.49404e-14
-3.41742e-19
-9.66428e-14
-3.76731e-19
-9.83758e-14
-4.07504e-19
-1.0014e-13
-4.34002e-19
-1.01935e-13
-4.56252e-19
-1.03763e-13
-4.74346e-19
-1.05624e-13
-4.88426e-19
-1.07518e-13
-4.98669e-19
-1.09446e-13
-5.05273e-19
-1.11408e-13
-5.08447e-19
-1.13406e-13
-5.08405e-19
-1.1544e-13
-5.05356e-19
-1.1751e-13
-4.99503e-19
-1.19617e-13
-4.91038e-19
-1.21762e-13
-4.80139e-19
-1.23945e-13
-4.6697e-19
-1.26168e-13
-4.51682e-19
-1.2843e-13
-4.3441e-19
-1.30733e-13
-4.15277e-19
-1.33077e-13
-3.94392e-19
-1.35463e-13
-3.71855e-19
-1.37893e-13
-3.47753e-19
-1.40365e-13
-3.22168e-19
-1.42882e-13
-2.95174e-19
-1.45444e-13
-2.66841e-19
-1.48052e-13
-2.37233e-19
-1.50707e-13
-2.06417e-19
-1.5341e-13
-1.74457e-19
-1.5616e-13
-1.4142e-19
-1.58961e-13
-1.07377e-19
-1.61811e-13
-7.24024e-20
-1.64713e-13
-3.65799e-20
-1.67666e-13
-1.70673e-13
-3.44977e-21
-8.53373e-14
-3.31235e-20
-8.68675e-14
-6.26562e-20
-8.84252e-14
-9.16259e-20
-9.00108e-14
-1.19626e-19
-9.16249e-14
-1.46286e-19
-9.32679e-14
-1.71281e-19
-9.49404e-14
-1.94345e-19
-9.66428e-14
-2.15275e-19
-9.83758e-14
-2.33926e-19
-1.0014e-13
-2.50212e-19
-1.01935e-13
-2.64097e-19
-1.03763e-13
-2.7559e-19
-1.05624e-13
-2.84735e-19
-1.07518e-13
-2.91603e-19
-1.09446e-13
-2.96287e-19
-1.11408e-13
-2.98891e-19
-1.13406e-13
-2.99529e-19
-1.1544e-13
-2.98318e-19
-1.1751e-13
-2.95373e-19
-1.19617e-13
-2.90808e-19
-1.21762e-13
-2.84731e-19
-1.23945e-13
-2.77241e-19
-1.26168e-13
-2.68432e-19
-1.2843e-13
-2.5839e-19
-1.30733e-13
-2.47192e-19
-1.33077e-13
-2.3491e-19
-1.35463e-13
-2.21605e-19
-1.37893e-13
-2.07337e-19
-1.40365e-13
-1.92157e-19
-1.42882e-13
-1.76113e-19
-1.45444e-13
-1.59251e-19
-1.48052e-13
-1.41613e-19
-1.50707e-13
-1.2324e-19
-1.5341e-13
-1.04173e-19
-1.5616e-13
-8.44555e-20
-1.58961e-13
-6.41304e-20
-1.61811e-13
-4.32447e-20
-1.64713e-13
-2.18493e-20
-1.67666e-13
-1.70673e-13
-9.50715e-22
-1.05207e-20
-2.00632e-20
-2.94508e-20
-3.85583e-20
-4.72683e-20
-5.54756e-20
-6.30904e-20
-7.00405e-20
-7.62721e-20
-8.17492e-20
-8.64525e-20
-9.03775e-20
-9.35321e-20
-9.59345e-20
-9.76105e-20
-9.85916e-20
-9.89128e-20
-9.86111e-20
-9.7724e-20
-9.62886e-20
-9.43404e-20
-9.19134e-20
-8.9039e-20
-8.57463e-20
-8.20619e-20
-7.80099e-20
-7.36124e-20
-6.88892e-20
-6.38584e-20
-5.85366e-20
-5.29394e-20
-4.70814e-20
-4.09769e-20
-3.464e-20
-2.80851e-20
-2.13271e-20
-1.43818e-20
-7.26652e-21
)
;

boundaryField
{
    top
    {
        type            calculated;
        value           nonuniform List<scalar> 
80
(
-1.71015e-16
-1.68002e-16
-1.65043e-16
-1.62135e-16
-1.59279e-16
-1.56473e-16
-1.53717e-16
-1.51009e-16
-1.48349e-16
-1.45736e-16
-1.43168e-16
-1.40646e-16
-1.38169e-16
-1.35735e-16
-1.33344e-16
-1.30995e-16
-1.28687e-16
-1.2642e-16
-1.24193e-16
-1.22006e-16
-1.19856e-16
-1.17745e-16
-1.15671e-16
-1.13633e-16
-1.11632e-16
-1.09665e-16
-1.07733e-16
-1.05836e-16
-1.03971e-16
-1.0214e-16
-1.0034e-16
-9.85729e-17
-9.68364e-17
-9.51306e-17
-9.34548e-17
-9.18085e-17
-9.01912e-17
-8.86024e-17
-8.70416e-17
-8.55083e-17
-8.53373e-14
-8.68675e-14
-8.84252e-14
-9.00108e-14
-9.16249e-14
-9.32679e-14
-9.49403e-14
-9.66428e-14
-9.83758e-14
-1.0014e-13
-1.01935e-13
-1.03763e-13
-1.05624e-13
-1.07518e-13
-1.09446e-13
-1.11408e-13
-1.13406e-13
-1.1544e-13
-1.1751e-13
-1.19617e-13
-1.21762e-13
-1.23945e-13
-1.26168e-13
-1.2843e-13
-1.30733e-13
-1.33077e-13
-1.35464e-13
-1.37893e-13
-1.40365e-13
-1.42882e-13
-1.45444e-13
-1.48052e-13
-1.50707e-13
-1.5341e-13
-1.5616e-13
-1.58961e-13
-1.61811e-13
-1.64713e-13
-1.67666e-13
-1.70673e-13
)
;
    }
    inlet
    {
        type            calculated;
        value           nonuniform List<scalar> 
80
(
1.71016e-16
1.68003e-16
1.65044e-16
1.62136e-16
1.5928e-16
1.57885e-16
4.03995e-07
7.64681e-06
2.01879e-06
9.89538e-07
5.84813e-07
3.81799e-07
2.65888e-07
1.93944e-07
1.46585e-07
1.13977e-07
9.06895e-08
7.35676e-08
6.06603e-08
5.07161e-08
4.29123e-08
3.66943e-08
3.1668e-08
2.75541e-08
2.41075e-08
2.12793e-08
1.92138e-08
1.75481e-08
1.61414e-08
1.49285e-08
1.38719e-08
1.2944e-08
1.21229e-08
1.13895e-08
1.07252e-08
1.01108e-08
9.52682e-09
8.95983e-09
8.4008e-09
7.76898e-09
2.57064e-09
2.81211e-09
3.03761e-09
3.26029e-09
3.48239e-09
3.70948e-09
3.94963e-09
4.21095e-09
4.50081e-09
4.82628e-09
5.19489e-09
5.61539e-09
6.09866e-09
6.65854e-09
7.31455e-09
8.10869e-09
9.15037e-09
1.05974e-08
1.22629e-08
1.43016e-08
1.68299e-08
2.00051e-08
2.40516e-08
2.92924e-08
3.62098e-08
4.55488e-08
5.84792e-08
7.6918e-08
1.04178e-07
1.4634e-07
2.15322e-07
3.37175e-07
5.77925e-07
1.14803e-06
3.14957e-06
3.8869e-05
8.08521e-09
1.64814e-13
1.67766e-13
1.70775e-13
)
;
    }
    axis
    {
        type            calculated;
        value           uniform 0;
    }
    frontAndBack
    {
        type            empty;
        value           nonuniform 0();
    }
}


// ************************************************************************* //
