/*--------------------------------*- C++ -*----------------------------------*\
  =========                 |
  \\      /  F ield         | OpenFOAM: The Open Source CFD Toolbox
   \\    /   O peration     | Website:  https://openfoam.org
    \\  /    A nd           | Version:  7
     \\/     M anipulation  |
\*---------------------------------------------------------------------------*/
FoamFile
{
    version     2.0;
    format      ascii;
    class       volVectorField;
    location    "25000";
    object      Ua;
}
// * * * * * * * * * * * * * * * * * * * * * * * * * * * * * * * * * * * * * //

dimensions      [0 1 -1 0 0 0 0];

internalField   nonuniform List<vector> 
3200
(
(-1.09471e-06 1.58094e-06 0)
(-3.45571e-06 1.86152e-06 0)
(-6.41775e-06 2.53756e-06 0)
(-1.0691e-05 3.92626e-06 0)
(-1.76341e-05 6.769e-06 0)
(-3.00983e-05 1.27868e-05 0)
(-2.24251e-05 1.83316e-05 0)
(-4.05307e-06 2.71181e-05 0)
(-1.0633e-06 7.67768e-06 0)
(-5.30724e-07 4.02557e-06 0)
(-3.19006e-07 2.53353e-06 0)
(-2.11715e-07 1.75491e-06 0)
(-1.49866e-07 1.29269e-06 0)
(-1.11132e-07 9.94729e-07 0)
(-8.5404e-08 7.91347e-07 0)
(-6.75232e-08 6.46368e-07 0)
(-5.46379e-08 5.393e-07 0)
(-4.50761e-08 4.58017e-07 0)
(-3.77993e-08 3.94819e-07 0)
(-3.21405e-08 3.44643e-07 0)
(-2.76599e-08 3.041e-07 0)
(-2.40563e-08 2.70874e-07 0)
(-2.11164e-08 2.43266e-07 0)
(-1.8672e-08 2.20055e-07 0)
(-1.63299e-08 1.99986e-07 0)
(-1.37075e-08 1.83098e-07 0)
(-1.08507e-08 1.71019e-07 0)
(-8.26554e-09 1.61032e-07 0)
(-6.45876e-09 1.51858e-07 0)
(-5.35156e-09 1.4354e-07 0)
(-4.63897e-09 1.36078e-07 0)
(-4.14851e-09 1.2941e-07 0)
(-3.78126e-09 1.23446e-07 0)
(-3.47657e-09 1.18072e-07 0)
(-3.19172e-09 1.13147e-07 0)
(-2.89021e-09 1.08496e-07 0)
(-2.53513e-09 1.03919e-07 0)
(-2.08382e-09 9.9257e-08 0)
(-1.47887e-09 9.43913e-08 0)
(-6.00918e-10 8.8411e-08 0)
(-6.85914e-07 4.15246e-06 0)
(-2.04426e-06 4.71154e-06 0)
(-3.31854e-06 5.97575e-06 0)
(-4.22579e-06 8.31773e-06 0)
(-3.85136e-06 1.24839e-05 0)
(4.26357e-07 1.98948e-05 0)
(1.01686e-05 2.41949e-05 0)
(1.489e-05 6.53828e-06 0)
(1.23178e-05 3.82495e-06 0)
(1.03941e-05 2.65598e-06 0)
(9.07815e-06 1.96561e-06 0)
(8.14352e-06 1.51862e-06 0)
(7.45626e-06 1.20984e-06 0)
(6.93853e-06 9.84975e-07 0)
(6.54364e-06 8.13731e-07 0)
(6.24263e-06 6.77985e-07 0)
(6.01694e-06 5.66339e-07 0)
(5.85433e-06 4.71578e-07 0)
(5.74617e-06 3.89442e-07 0)
(5.68501e-06 3.1864e-07 0)
(5.66152e-06 2.62168e-07 0)
(5.6593e-06 2.30737e-07 0)
(5.6448e-06 2.50214e-07 0)
(5.54849e-06 3.75116e-07 0)
(4.16757e-06 1.44645e-07 0)
(1.65705e-06 -5.30185e-06 0)
(2.2453e-07 -1.11093e-05 0)
(-3.62588e-08 7.68973e-08 0)
(-7.86051e-08 8.95133e-08 0)
(-7.88559e-08 9.88258e-08 0)
(-6.95653e-08 1.03866e-07 0)
(-5.92336e-08 1.05708e-07 0)
(-5.00876e-08 1.05401e-07 0)
(-4.25021e-08 1.0366e-07 0)
(-3.62917e-08 1.00867e-07 0)
(-3.10743e-08 9.70889e-08 0)
(-2.62931e-08 9.2042e-08 0)
(-2.11251e-08 8.49838e-08 0)
(-1.55508e-08 7.50822e-08 0)
(-6.5359e-09 6.47196e-08 0)
(-2.80126e-07 5.54758e-06 0)
(-7.66146e-07 6.00273e-06 0)
(-1.00704e-06 6.92875e-06 0)
(-7.52822e-07 8.34239e-06 0)
(3.61778e-07 1.01499e-05 0)
(2.69086e-06 1.18426e-05 0)
(5.83053e-06 1.16944e-05 0)
(7.88673e-06 8.17822e-06 0)
(8.25166e-06 5.83018e-06 0)
(7.99405e-06 4.31149e-06 0)
(7.5635e-06 3.29317e-06 0)
(7.12311e-06 2.58178e-06 0)
(6.727e-06 2.06412e-06 0)
(6.38913e-06 1.67216e-06 0)
(6.10952e-06 1.3635e-06 0)
(5.88425e-06 1.11062e-06 0)
(5.70932e-06 8.94805e-07 0)
(5.58245e-06 7.02749e-07 0)
(5.50435e-06 5.24528e-07 0)
(5.48083e-06 3.52545e-07 0)
(5.52692e-06 1.81082e-07 0)
(5.67545e-06 6.39101e-09 0)
(5.99498e-06 -1.72699e-07 0)
(6.62564e-06 -3.55776e-07 0)
(7.59244e-06 -1.11461e-06 0)
(6.6534e-06 -7.42431e-06 0)
(1.35397e-06 -1.36498e-05 0)
(-1.81148e-06 -1.509e-06 0)
(-7.54484e-07 -9.50617e-07 0)
(-6.24016e-08 -6.21648e-07 0)
(4.20925e-07 -4.28756e-07 0)
(7.85572e-07 -3.21417e-07 0)
(1.08812e-06 -2.73071e-07 0)
(1.36846e-06 -2.71242e-07 0)
(1.65933e-06 -3.12712e-07 0)
(1.99252e-06 -4.01594e-07 0)
(2.4038e-06 -5.49319e-07 0)
(2.69449e-06 -7.76157e-07 0)
(2.62841e-06 -3.84626e-07 0)
(1.48397e-06 -4.94779e-08 0)
(-2.27631e-08 5.985e-06 0)
(-7.70126e-09 6.2498e-06 0)
(1.89067e-07 6.74327e-06 0)
(6.86193e-07 7.38671e-06 0)
(1.5744e-06 8.01724e-06 0)
(2.83838e-06 8.34234e-06 0)
(4.23297e-06 7.97238e-06 0)
(5.31599e-06 6.83289e-06 0)
(5.89269e-06 5.63198e-06 0)
(6.10221e-06 4.59475e-06 0)
(6.099e-06 3.75309e-06 0)
(5.98835e-06 3.08124e-06 0)
(5.83233e-06 2.54263e-06 0)
(5.66507e-06 2.10416e-06 0)
(5.50449e-06 1.73904e-06 0)
(5.35959e-06 1.42627e-06 0)
(5.23457e-06 1.14913e-06 0)
(5.1312e-06 8.93674e-07 0)
(5.04986e-06 6.47252e-07 0)
(4.98978e-06 3.96827e-07 0)
(4.94818e-06 1.2676e-07 0)
(4.91715e-06 -1.84768e-07 0)
(4.8758e-06 -5.72069e-07 0)
(4.77167e-06 -1.09362e-06 0)
(4.47833e-06 -1.8535e-06 0)
(3.75353e-06 -2.92507e-06 0)
(2.59337e-06 -3.42134e-06 0)
(1.66311e-06 -2.36325e-06 0)
(1.27801e-06 -1.67708e-06 0)
(1.14409e-06 -1.2318e-06 0)
(1.12444e-06 -9.48964e-07 0)
(1.15505e-06 -7.82202e-07 0)
(1.20598e-06 -7.05535e-07 0)
(1.26298e-06 -7.06826e-07 0)
(1.31834e-06 -7.84328e-07 0)
(1.3657e-06 -9.45207e-07 0)
(1.3961e-06 -1.20547e-06 0)
(1.39391e-06 -1.59085e-06 0)
(1.87176e-06 -6.15539e-07 0)
(1.55867e-06 -9.47372e-08 0)
(1.05686e-07 5.86525e-06 0)
(3.51544e-07 5.98814e-06 0)
(6.9625e-07 6.19936e-06 0)
(1.18758e-06 6.43471e-06 0)
(1.83934e-06 6.59847e-06 0)
(2.61031e-06 6.57462e-06 0)
(3.39435e-06 6.27144e-06 0)
(4.05813e-06 5.70748e-06 0)
(4.52798e-06 5.03524e-06 0)
(4.8129e-06 4.36426e-06 0)
(4.95521e-06 3.74775e-06 0)
(4.99963e-06 3.20298e-06 0)
(4.98208e-06 2.72896e-06 0)
(4.92816e-06 2.31693e-06 0)
(4.85483e-06 1.95569e-06 0)
(4.77263e-06 1.63391e-06 0)
(4.68754e-06 1.34099e-06 0)
(4.60214e-06 1.06715e-06 0)
(4.51623e-06 8.03269e-07 0)
(4.42685e-06 5.40553e-07 0)
(4.32774e-06 2.70421e-07 0)
(4.20822e-06 -1.52286e-08 0)
(4.0519e-06 -3.22592e-07 0)
(3.83593e-06 -6.51851e-07 0)
(3.53438e-06 -9.87051e-07 0)
(3.13399e-06 -1.27303e-06 0)
(2.6736e-06 -1.38794e-06 0)
(2.25117e-06 -1.27652e-06 0)
(1.9281e-06 -1.10108e-06 0)
(1.69471e-06 -9.29982e-07 0)
(1.52502e-06 -7.90155e-07 0)
(1.39348e-06 -6.90987e-07 0)
(1.27859e-06 -6.35253e-07 0)
(1.16214e-06 -6.24025e-07 0)
(1.0274e-06 -6.58839e-07 0)
(8.57228e-07 -7.42548e-07 0)
(6.32449e-07 -8.79506e-07 0)
(3.30621e-07 -1.0752e-06 0)
(1.2749e-06 -2.69028e-07 0)
(1.60421e-06 -2.13047e-08 0)
(1.56284e-07 5.48692e-06 0)
(4.84614e-07 5.52916e-06 0)
(8.57657e-07 5.59251e-06 0)
(1.29317e-06 5.64063e-06 0)
(1.78876e-06 5.62775e-06 0)
(2.31829e-06 5.51006e-06 0)
(2.83602e-06 5.26355e-06 0)
(3.29262e-06 4.90108e-06 0)
(3.6565e-06 4.46809e-06 0)
(3.92116e-06 4.01021e-06 0)
(4.09682e-06 3.55965e-06 0)
(4.20046e-06 3.13448e-06 0)
(4.24952e-06 2.74236e-06 0)
(4.2589e-06 2.38432e-06 0)
(4.24007e-06 2.05779e-06 0)
(4.20112e-06 1.75839e-06 0)
(4.14719e-06 1.4811e-06 0)
(4.08089e-06 1.22089e-06 0)
(4.00266e-06 9.73169e-07 0)
(3.91101e-06 7.34069e-07 0)
(3.80266e-06 5.00943e-07 0)
(3.67287e-06 2.73028e-07 0)
(3.5161e-06 5.24956e-08 0)
(3.32739e-06 -1.54124e-07 0)
(3.10499e-06 -3.34514e-07 0)
(2.85412e-06 -4.70561e-07 0)
(2.58997e-06 -5.43829e-07 0)
(2.33386e-06 -5.52342e-07 0)
(2.10109e-06 -5.179e-07 0)
(1.89523e-06 -4.61502e-07 0)
(1.71181e-06 -3.97879e-07 0)
(1.54219e-06 -3.35761e-07 0)
(1.37575e-06 -2.79333e-07 0)
(1.20068e-06 -2.29482e-07 0)
(1.00397e-06 -1.84514e-07 0)
(7.70804e-07 -1.40354e-07 0)
(4.83526e-07 -9.03015e-08 0)
(1.2026e-07 -2.43978e-08 0)
(1.12243e-06 1.13924e-08 0)
(1.54767e-06 3.23041e-08 0)
(1.67224e-07 5.01972e-06 0)
(5.07047e-07 5.02251e-06 0)
(8.62859e-07 5.01758e-06 0)
(1.24042e-06 4.98735e-06 0)
(1.63544e-06 4.9118e-06 0)
(2.03366e-06 4.7745e-06 0)
(2.41425e-06 4.56898e-06 0)
(2.75614e-06 4.3022e-06 0)
(3.04449e-06 3.99187e-06 0)
(3.2735e-06 3.65836e-06 0)
(3.44492e-06 3.3191e-06 0)
(3.56499e-06 2.98651e-06 0)
(3.64173e-06 2.66811e-06 0)
(3.68308e-06 2.36757e-06 0)
(3.69594e-06 2.08591e-06 0)
(3.68571e-06 1.82249e-06 0)
(3.65628e-06 1.57585e-06 0)
(3.61007e-06 1.34423e-06 0)
(3.54828e-06 1.12607e-06 0)
(3.47104e-06 9.20303e-07 0)
(3.37781e-06 7.26737e-07 0)
(3.26772e-06 5.46335e-07 0)
(3.14013e-06 3.81461e-07 0)
(2.99529e-06 2.35943e-07 0)
(2.83516e-06 1.14743e-07 0)
(2.66385e-06 2.29305e-08 0)
(2.48743e-06 -3.62054e-08 0)
(2.31257e-06 -6.33373e-08 0)
(2.14435e-06 -6.31645e-08 0)
(1.98508e-06 -4.15044e-08 0)
(1.83448e-06 -3.25425e-09 0)
(1.69037e-06 4.85764e-08 0)
(1.5495e-06 1.13221e-07 0)
(1.4082e-06 1.9229e-07 0)
(1.26292e-06 2.89929e-07 0)
(1.11081e-06 4.13139e-07 0)
(9.50359e-07 5.72329e-07 0)
(7.82385e-07 7.82139e-07 0)
(1.40775e-06 1.62334e-07 0)
(1.35426e-06 5.70933e-08 0)
(1.60338e-07 4.54667e-06 0)
(4.81358e-07 4.53256e-06 0)
(8.04716e-07 4.49998e-06 0)
(1.13143e-06 4.44142e-06 0)
(1.45787e-06 4.34885e-06 0)
(1.77623e-06 4.21652e-06 0)
(2.07631e-06 4.04333e-06 0)
(2.34814e-06 3.83356e-06 0)
(2.58427e-06 3.59576e-06 0)
(2.78095e-06 3.34015e-06 0)
(2.93795e-06 3.07647e-06 0)
(3.05755e-06 2.81263e-06 0)
(3.14346e-06 2.55438e-06 0)
(3.19986e-06 2.30547e-06 0)
(3.23079e-06 2.06803e-06 0)
(3.23975e-06 1.84306e-06 0)
(3.22959e-06 1.63089e-06 0)
(3.20244e-06 1.4315e-06 0)
(3.15984e-06 1.24484e-06 0)
(3.10286e-06 1.07108e-06 0)
(3.03231e-06 9.10747e-07 0)
(2.94893e-06 7.64821e-07 0)
(2.85374e-06 6.34756e-07 0)
(2.74817e-06 5.22338e-07 0)
(2.6343e-06 4.29418e-07 0)
(2.51482e-06 3.57494e-07 0)
(2.39286e-06 3.07252e-07 0)
(2.27151e-06 2.78282e-07 0)
(2.15341e-06 2.69231e-07 0)
(2.04045e-06 2.78383e-07 0)
(1.93383e-06 3.04245e-07 0)
(1.83431e-06 3.45977e-07 0)
(1.74261e-06 4.0364e-07 0)
(1.65988e-06 4.78306e-07 0)
(1.58822e-06 5.72089e-07 0)
(1.53135e-06 6.88086e-07 0)
(1.49541e-06 8.30251e-07 0)
(1.48995e-06 1.00302e-06 0)
(1.71972e-06 1.49712e-07 0)
(1.18719e-06 4.67671e-08 0)
(1.46667e-07 4.1033e-06 0)
(4.38173e-07 4.08342e-06 0)
(7.26135e-07 4.04238e-06 0)
(1.00975e-06 3.97755e-06 0)
(1.28617e-06 3.88627e-06 0)
(1.55086e-06 3.76713e-06 0)
(1.79843e-06 3.62087e-06 0)
(2.02373e-06 3.45056e-06 0)
(2.22279e-06 3.26112e-06 0)
(2.39336e-06 3.05841e-06 0)
(2.5349e-06 2.84826e-06 0)
(2.6483e-06 2.6358e-06 0)
(2.73534e-06 2.42524e-06 0)
(2.79833e-06 2.2197e-06 0)
(2.83969e-06 2.02144e-06 0)
(2.86176e-06 1.83198e-06 0)
(2.86663e-06 1.65234e-06 0)
(2.85611e-06 1.48325e-06 0)
(2.83177e-06 1.32528e-06 0)
(2.79498e-06 1.17903e-06 0)
(2.747e-06 1.04512e-06 0)
(2.68912e-06 9.24317e-07 0)
(2.62272e-06 8.17421e-07 0)
(2.54938e-06 7.25249e-07 0)
(2.47087e-06 6.48493e-07 0)
(2.38916e-06 5.8759e-07 0)
(2.30628e-06 5.42619e-07 0)
(2.22426e-06 5.13271e-07 0)
(2.14497e-06 4.98913e-07 0)
(2.0701e-06 4.98745e-07 0)
(2.0012e-06 5.11956e-07 0)
(1.93976e-06 5.37832e-07 0)
(1.88739e-06 5.75803e-07 0)
(1.84596e-06 6.2539e-07 0)
(1.81784e-06 6.86077e-07 0)
(1.80592e-06 7.57066e-07 0)
(1.81379e-06 8.3692e-07 0)
(1.84554e-06 9.22933e-07 0)
(1.84471e-06 1.16481e-07 0)
(1.07215e-06 3.28813e-08 0)
(1.31372e-07 3.70177e-06 0)
(3.91519e-07 3.68119e-06 0)
(6.45961e-07 3.64016e-06 0)
(8.93274e-07 3.57825e-06 0)
(1.13123e-06 3.49515e-06 0)
(1.35695e-06 3.3912e-06 0)
(1.56733e-06 3.26776e-06 0)
(1.7595e-06 3.12724e-06 0)
(1.93123e-06 2.97294e-06 0)
(2.08117e-06 2.80861e-06 0)
(2.20889e-06 2.63804e-06 0)
(2.31476e-06 2.46476e-06 0)
(2.39977e-06 2.29182e-06 0)
(2.46526e-06 2.12173e-06 0)
(2.51281e-06 1.95649e-06 0)
(2.54402e-06 1.79764e-06 0)
(2.56048e-06 1.64637e-06 0)
(2.56369e-06 1.5036e-06 0)
(2.55507e-06 1.37011e-06 0)
(2.53596e-06 1.24655e-06 0)
(2.50769e-06 1.1335e-06 0)
(2.47158e-06 1.03151e-06 0)
(2.42898e-06 9.41028e-07 0)
(2.38131e-06 8.62434e-07 0)
(2.33005e-06 7.95955e-07 0)
(2.2767e-06 7.41648e-07 0)
(2.2228e-06 6.99361e-07 0)
(2.16983e-06 6.68741e-07 0)
(2.11921e-06 6.49251e-07 0)
(2.07228e-06 6.40211e-07 0)
(2.03031e-06 6.40826e-07 0)
(1.99455e-06 6.50204e-07 0)
(1.96619e-06 6.6734e-07 0)
(1.94642e-06 6.91059e-07 0)
(1.93644e-06 7.19941e-07 0)
(1.93735e-06 7.52198e-07 0)
(1.95006e-06 7.85548e-07 0)
(1.97508e-06 8.16957e-07 0)
(1.86216e-06 9.56776e-08 0)
(9.91925e-07 2.49653e-08 0)
(1.16688e-07 3.34353e-06 0)
(3.47331e-07 3.32437e-06 0)
(5.71807e-07 3.28672e-06 0)
(7.88577e-07 3.23111e-06 0)
(9.95853e-07 3.15816e-06 0)
(1.19167e-06 3.06888e-06 0)
(1.37409e-06 2.96476e-06 0)
(1.54136e-06 2.8478e-06 0)
(1.69218e-06 2.72042e-06 0)
(1.82572e-06 2.58526e-06 0)
(1.9417e-06 2.44499e-06 0)
(2.04034e-06 2.30215e-06 0)
(2.12223e-06 2.15902e-06 0)
(2.18827e-06 2.01758e-06 0)
(2.23953e-06 1.8795e-06 0)
(2.27718e-06 1.74616e-06 0)
(2.30246e-06 1.61867e-06 0)
(2.31658e-06 1.49794e-06 0)
(2.32077e-06 1.38471e-06 0)
(2.3162e-06 1.2796e-06 0)
(2.30409e-06 1.18308e-06 0)
(2.28561e-06 1.09556e-06 0)
(2.26195e-06 1.0173e-06 0)
(2.23431e-06 9.4847e-07 0)
(2.20388e-06 8.891e-07 0)
(2.17186e-06 8.3909e-07 0)
(2.13938e-06 7.98193e-07 0)
(2.10755e-06 7.66023e-07 0)
(2.07742e-06 7.4206e-07 0)
(2.04994e-06 7.2566e-07 0)
(2.02599e-06 7.16066e-07 0)
(2.00637e-06 7.12405e-07 0)
(1.99173e-06 7.13685e-07 0)
(1.98264e-06 7.18785e-07 0)
(1.97949e-06 7.26433e-07 0)
(1.98244e-06 7.35205e-07 0)
(1.9914e-06 7.43518e-07 0)
(2.00592e-06 7.49515e-07 0)
(1.83891e-06 8.61882e-08 0)
(9.30554e-07 2.19539e-08 0)
(1.03452e-07 3.02561e-06 0)
(3.07761e-07 3.00858e-06 0)
(5.06162e-07 2.97537e-06 0)
(6.97213e-07 2.92682e-06 0)
(8.7946e-07 2.86392e-06 0)
(1.05148e-06 2.78782e-06 0)
(1.21194e-06 2.69996e-06 0)
(1.35974e-06 2.60204e-06 0)
(1.49404e-06 2.49593e-06 0)
(1.61433e-06 2.38361e-06 0)
(1.72047e-06 2.26709e-06 0)
(1.81259e-06 2.14827e-06 0)
(1.89113e-06 2.02889e-06 0)
(1.95673e-06 1.91053e-06 0)
(2.01017e-06 1.79456e-06 0)
(2.05234e-06 1.68211e-06 0)
(2.08421e-06 1.57418e-06 0)
(2.10677e-06 1.47156e-06 0)
(2.12102e-06 1.37491e-06 0)
(2.12797e-06 1.28474e-06 0)
(2.12864e-06 1.20145e-06 0)
(2.12401e-06 1.12533e-06 0)
(2.1151e-06 1.05655e-06 0)
(2.10286e-06 9.9519e-07 0)
(2.08824e-06 9.41193e-07 0)
(2.07216e-06 8.94408e-07 0)
(2.05548e-06 8.54575e-07 0)
(2.03901e-06 8.21331e-07 0)
(2.02349e-06 7.94213e-07 0)
(2.00957e-06 7.72671e-07 0)
(1.99782e-06 7.56074e-07 0)
(1.98869e-06 7.43715e-07 0)
(1.98254e-06 7.34821e-07 0)
(1.97958e-06 7.28563e-07 0)
(1.97986e-06 7.24066e-07 0)
(1.9833e-06 7.20433e-07 0)
(1.9896e-06 7.16769e-07 0)
(1.99831e-06 7.11989e-07 0)
(1.80292e-06 8.26317e-08 0)
(8.79673e-07 2.14402e-08 0)
(9.18716e-08 2.74353e-06 0)
(2.73255e-07 2.72873e-06 0)
(4.49261e-07 2.69997e-06 0)
(6.18616e-07 2.65817e-06 0)
(7.80133e-07 2.60436e-06 0)
(9.32728e-07 2.53968e-06 0)
(1.07545e-06 2.46542e-06 0)
(1.20755e-06 2.38303e-06 0)
(1.32845e-06 2.294e-06 0)
(1.43786e-06 2.1999e-06 0)
(1.53568e-06 2.10227e-06 0)
(1.62205e-06 2.0026e-06 0)
(1.6973e-06 1.90226e-06 0)
(1.76192e-06 1.80251e-06 0)
(1.81651e-06 1.70443e-06 0)
(1.86177e-06 1.609e-06 0)
(1.89846e-06 1.51703e-06 0)
(1.92738e-06 1.42918e-06 0)
(1.94935e-06 1.34602e-06 0)
(1.9652e-06 1.26798e-06 0)
(1.97575e-06 1.19539e-06 0)
(1.98182e-06 1.12845e-06 0)
(1.98422e-06 1.0673e-06 0)
(1.98372e-06 1.01196e-06 0)
(1.98105e-06 9.62363e-07 0)
(1.97693e-06 9.1837e-07 0)
(1.97199e-06 8.79749e-07 0)
(1.96682e-06 8.46195e-07 0)
(1.96195e-06 8.1734e-07 0)
(1.95783e-06 7.92755e-07 0)
(1.95481e-06 7.71966e-07 0)
(1.95319e-06 7.54457e-07 0)
(1.95315e-06 7.3969e-07 0)
(1.95476e-06 7.27111e-07 0)
(1.95802e-06 7.16173e-07 0)
(1.96281e-06 7.06347e-07 0)
(1.96891e-06 6.97151e-07 0)
(1.97605e-06 6.87772e-07 0)
(1.7637e-06 8.15619e-08 0)
(8.35086e-07 2.19135e-08 0)
(8.18793e-08 2.49261e-06 0)
(2.43534e-07 2.47986e-06 0)
(4.00408e-07 2.45516e-06 0)
(5.51412e-07 2.41937e-06 0)
(6.95576e-07 2.37346e-06 0)
(8.32053e-07 2.31846e-06 0)
(9.60136e-07 2.25551e-06 0)
(1.07927e-06 2.18582e-06 0)
(1.18909e-06 2.11063e-06 0)
(1.28937e-06 2.0312e-06 0)
(1.38009e-06 1.94875e-06 0)
(1.46137e-06 1.86448e-06 0)
(1.53348e-06 1.77946e-06 0)
(1.5968e-06 1.69472e-06 0)
(1.65181e-06 1.61115e-06 0)
(1.69907e-06 1.52953e-06 0)
(1.73918e-06 1.45053e-06 0)
(1.77278e-06 1.37472e-06 0)
(1.80054e-06 1.30257e-06 0)
(1.82313e-06 1.23442e-06 0)
(1.84122e-06 1.17055e-06 0)
(1.85545e-06 1.11113e-06 0)
(1.86648e-06 1.05626e-06 0)
(1.8749e-06 1.00597e-06 0)
(1.8813e-06 9.60192e-07 0)
(1.88621e-06 9.18815e-07 0)
(1.89012e-06 8.81659e-07 0)
(1.89347e-06 8.48494e-07 0)
(1.89663e-06 8.19048e-07 0)
(1.89993e-06 7.93009e-07 0)
(1.90362e-06 7.70041e-07 0)
(1.90789e-06 7.49792e-07 0)
(1.91285e-06 7.31902e-07 0)
(1.91856e-06 7.16016e-07 0)
(1.92502e-06 7.01794e-07 0)
(1.93214e-06 6.88927e-07 0)
(1.93982e-06 6.77142e-07 0)
(1.94794e-06 6.65619e-07 0)
(1.72406e-06 8.11231e-08 0)
(7.9463e-07 2.2571e-08 0)
(7.33043e-08 2.2685e-06 0)
(2.18052e-07 2.25756e-06 0)
(3.58594e-07 2.23639e-06 0)
(4.94017e-07 2.20577e-06 0)
(6.23528e-07 2.16654e-06 0)
(7.46454e-07 2.11964e-06 0)
(8.62254e-07 2.06605e-06 0)
(9.70517e-07 2.00677e-06 0)
(1.07097e-06 1.94284e-06 0)
(1.16348e-06 1.87528e-06 0)
(1.24804e-06 1.8051e-06 0)
(1.32477e-06 1.73325e-06 0)
(1.39388e-06 1.66062e-06 0)
(1.45568e-06 1.58803e-06 0)
(1.51058e-06 1.5162e-06 0)
(1.55899e-06 1.44579e-06 0)
(1.60142e-06 1.37735e-06 0)
(1.63838e-06 1.31136e-06 0)
(1.6704e-06 1.24818e-06 0)
(1.69803e-06 1.18814e-06 0)
(1.72178e-06 1.13144e-06 0)
(1.7422e-06 1.07825e-06 0)
(1.75978e-06 1.02866e-06 0)
(1.775e-06 9.82675e-07 0)
(1.78832e-06 9.4028e-07 0)
(1.80015e-06 9.01388e-07 0)
(1.81086e-06 8.65875e-07 0)
(1.82079e-06 8.33579e-07 0)
(1.83022e-06 8.04308e-07 0)
(1.83939e-06 7.7785e-07 0)
(1.8485e-06 7.53975e-07 0)
(1.85769e-06 7.32448e-07 0)
(1.86705e-06 7.13032e-07 0)
(1.87664e-06 6.95501e-07 0)
(1.88647e-06 6.79641e-07 0)
(1.89652e-06 6.65261e-07 0)
(1.90675e-06 6.52193e-07 0)
(1.9171e-06 6.39535e-07 0)
(1.68466e-06 8.03655e-08 0)
(7.57177e-07 2.2998e-08 0)
(6.59481e-08 2.06739e-06 0)
(1.96203e-07 2.058e-06 0)
(3.22771e-07 2.03982e-06 0)
(4.44896e-07 2.01355e-06 0)
(5.61932e-07 1.97992e-06 0)
(6.73341e-07 1.93974e-06 0)
(7.787e-07 1.89385e-06 0)
(8.77697e-07 1.84309e-06 0)
(9.70131e-07 1.78833e-06 0)
(1.05591e-06 1.73042e-06 0)
(1.13505e-06 1.67017e-06 0)
(1.20765e-06 1.60839e-06 0)
(1.27389e-06 1.54578e-06 0)
(1.33403e-06 1.48303e-06 0)
(1.38839e-06 1.42074e-06 0)
(1.43732e-06 1.35944e-06 0)
(1.48121e-06 1.29959e-06 0)
(1.52048e-06 1.24159e-06 0)
(1.55556e-06 1.18577e-06 0)
(1.58687e-06 1.13237e-06 0)
(1.61485e-06 1.0816e-06 0)
(1.63992e-06 1.03359e-06 0)
(1.66247e-06 9.88433e-07 0)
(1.68289e-06 9.46156e-07 0)
(1.70153e-06 9.06753e-07 0)
(1.71871e-06 8.70177e-07 0)
(1.73474e-06 8.3635e-07 0)
(1.74986e-06 8.05165e-07 0)
(1.76432e-06 7.76497e-07 0)
(1.77828e-06 7.50202e-07 0)
(1.79192e-06 7.26131e-07 0)
(1.80535e-06 7.04128e-07 0)
(1.81866e-06 6.8404e-07 0)
(1.83191e-06 6.65722e-07 0)
(1.84513e-06 6.49036e-07 0)
(1.85833e-06 6.33859e-07 0)
(1.87151e-06 6.20085e-07 0)
(1.88463e-06 6.06781e-07 0)
(1.64559e-06 7.88107e-08 0)
(7.22211e-07 2.29716e-08 0)
(5.96188e-08 1.88606e-06 0)
(1.77407e-07 1.87795e-06 0)
(2.91964e-07 1.86228e-06 0)
(4.02669e-07 1.83962e-06 0)
(5.08996e-07 1.81063e-06 0)
(6.10515e-07 1.77599e-06 0)
(7.06892e-07 1.73641e-06 0)
(7.97886e-07 1.69262e-06 0)
(8.83348e-07 1.64533e-06 0)
(9.63217e-07 1.59526e-06 0)
(1.03751e-06 1.54308e-06 0)
(1.10632e-06 1.48945e-06 0)
(1.1698e-06 1.43497e-06 0)
(1.22817e-06 1.3802e-06 0)
(1.28167e-06 1.32564e-06 0)
(1.33061e-06 1.27173e-06 0)
(1.37529e-06 1.21888e-06 0)
(1.41605e-06 1.1674e-06 0)
(1.45325e-06 1.11758e-06 0)
(1.48721e-06 1.06964e-06 0)
(1.51829e-06 1.02375e-06 0)
(1.54683e-06 9.80047e-07 0)
(1.57314e-06 9.38611e-07 0)
(1.59753e-06 8.99488e-07 0)
(1.62028e-06 8.6269e-07 0)
(1.64165e-06 8.282e-07 0)
(1.66188e-06 7.95973e-07 0)
(1.68117e-06 7.65948e-07 0)
(1.69971e-06 7.38045e-07 0)
(1.71766e-06 7.12173e-07 0)
(1.73514e-06 6.88235e-07 0)
(1.75227e-06 6.66131e-07 0)
(1.76914e-06 6.45763e-07 0)
(1.78579e-06 6.27036e-07 0)
(1.8023e-06 6.09863e-07 0)
(1.81867e-06 5.94169e-07 0)
(1.83493e-06 5.79895e-07 0)
(1.85106e-06 5.66153e-07 0)
(1.60694e-06 7.61637e-08 0)
(6.89587e-07 2.23044e-08 0)
(5.41437e-08 1.72176e-06 0)
(1.61148e-07 1.71473e-06 0)
(2.65315e-07 1.70112e-06 0)
(3.66137e-07 1.68145e-06 0)
(4.6319e-07 1.65628e-06 0)
(5.56128e-07 1.62618e-06 0)
(6.44688e-07 1.59177e-06 0)
(7.28683e-07 1.55366e-06 0)
(8.08001e-07 1.51245e-06 0)
(8.82601e-07 1.46874e-06 0)
(9.52505e-07 1.42311e-06 0)
(1.0178e-06 1.37609e-06 0)
(1.0786e-06 1.32819e-06 0)
(1.1351e-06 1.27989e-06 0)
(1.18751e-06 1.23159e-06 0)
(1.23605e-06 1.18368e-06 0)
(1.281e-06 1.1365e-06 0)
(1.32261e-06 1.09032e-06 0)
(1.36118e-06 1.04538e-06 0)
(1.39698e-06 1.0019e-06 0)
(1.43029e-06 9.60015e-07 0)
(1.46138e-06 9.19856e-07 0)
(1.49051e-06 8.81508e-07 0)
(1.51792e-06 8.45025e-07 0)
(1.54385e-06 8.10436e-07 0)
(1.5685e-06 7.77745e-07 0)
(1.59207e-06 7.46937e-07 0)
(1.61473e-06 7.17979e-07 0)
(1.63662e-06 6.90826e-07 0)
(1.65788e-06 6.65422e-07 0)
(1.67864e-06 6.41706e-07 0)
(1.69898e-06 6.19612e-07 0)
(1.71899e-06 5.99072e-07 0)
(1.73874e-06 5.80021e-07 0)
(1.75831e-06 5.62396e-07 0)
(1.77775e-06 5.46141e-07 0)
(1.79713e-06 5.31204e-07 0)
(1.81649e-06 5.1677e-07 0)
(1.56869e-06 7.20541e-08 0)
(6.59249e-07 2.03964e-08 0)
(4.93729e-08 1.57227e-06 0)
(1.46979e-07 1.56612e-06 0)
(2.42086e-07 1.55421e-06 0)
(3.34282e-07 1.53699e-06 0)
(4.23225e-07 1.51493e-06 0)
(5.0864e-07 1.48855e-06 0)
(5.90317e-07 1.45835e-06 0)
(6.68113e-07 1.42486e-06 0)
(7.41944e-07 1.38859e-06 0)
(8.11784e-07 1.35005e-06 0)
(8.77657e-07 1.30971e-06 0)
(9.39636e-07 1.26804e-06 0)
(9.97834e-07 1.22546e-06 0)
(1.0524e-06 1.18238e-06 0)
(1.1035e-06 1.13914e-06 0)
(1.15134e-06 1.09607e-06 0)
(1.19612e-06 1.05347e-06 0)
(1.23808e-06 1.01157e-06 0)
(1.27744e-06 9.70584e-07 0)
(1.31443e-06 9.30698e-07 0)
(1.34927e-06 8.92055e-07 0)
(1.38219e-06 8.5477e-07 0)
(1.4134e-06 8.1893e-07 0)
(1.4431e-06 7.84599e-07 0)
(1.47147e-06 7.51816e-07 0)
(1.49868e-06 7.20605e-07 0)
(1.5249e-06 6.90968e-07 0)
(1.55027e-06 6.62897e-07 0)
(1.5749e-06 6.3637e-07 0)
(1.59892e-06 6.11356e-07 0)
(1.62242e-06 5.87818e-07 0)
(1.64549e-06 5.6571e-07 0)
(1.6682e-06 5.44986e-07 0)
(1.69061e-06 5.25591e-07 0)
(1.71279e-06 5.07472e-07 0)
(1.73479e-06 4.90568e-07 0)
(1.75667e-06 4.74814e-07 0)
(1.77846e-06 4.59459e-07 0)
(1.52737e-06 6.64196e-08 0)
(6.27142e-07 1.71983e-08 0)
(4.51793e-08 1.43572e-06 0)
(1.34522e-07 1.43029e-06 0)
(2.21655e-07 1.41977e-06 0)
(3.06248e-07 1.40455e-06 0)
(3.88025e-07 1.38504e-06 0)
(4.66768e-07 1.36167e-06 0)
(5.42314e-07 1.3349e-06 0)
(6.1455e-07 1.30515e-06 0)
(6.83415e-07 1.27288e-06 0)
(7.48895e-07 1.23851e-06 0)
(8.11016e-07 1.20245e-06 0)
(8.69844e-07 1.16509e-06 0)
(9.25475e-07 1.12679e-06 0)
(9.78033e-07 1.0879e-06 0)
(1.02767e-06 1.04873e-06 0)
(1.07454e-06 1.00954e-06 0)
(1.11882e-06 9.70602e-07 0)
(1.16071e-06 9.32119e-07 0)
(1.20038e-06 8.94287e-07 0)
(1.23804e-06 8.57267e-07 0)
(1.27386e-06 8.21195e-07 0)
(1.30802e-06 7.86182e-07 0)
(1.34071e-06 7.52318e-07 0)
(1.37209e-06 7.19671e-07 0)
(1.4023e-06 6.88294e-07 0)
(1.4315e-06 6.58219e-07 0)
(1.45981e-06 6.29468e-07 0)
(1.48735e-06 6.02048e-07 0)
(1.51422e-06 5.75959e-07 0)
(1.54052e-06 5.51187e-07 0)
(1.56632e-06 5.27716e-07 0)
(1.59169e-06 5.05518e-07 0)
(1.6167e-06 4.84564e-07 0)
(1.64138e-06 4.64816e-07 0)
(1.66578e-06 4.46234e-07 0)
(1.68992e-06 4.2877e-07 0)
(1.71382e-06 4.12373e-07 0)
(1.73745e-06 3.96422e-07 0)
(1.48356e-06 5.95195e-08 0)
(5.93906e-07 1.33611e-08 0)
(4.14563e-08 1.3106e-06 0)
(1.2346e-07 1.30576e-06 0)
(2.03504e-07 1.29636e-06 0)
(2.81322e-07 1.28277e-06 0)
(3.56696e-07 1.26532e-06 0)
(4.29454e-07 1.24441e-06 0)
(4.99467e-07 1.2204e-06 0)
(5.66651e-07 1.19368e-06 0)
(6.30963e-07 1.16464e-06 0)
(6.92396e-07 1.13362e-06 0)
(7.5098e-07 1.10099e-06 0)
(8.06773e-07 1.06709e-06 0)
(8.5986e-07 1.03222e-06 0)
(9.10348e-07 9.96678e-07 0)
(9.58363e-07 9.60732e-07 0)
(1.00404e-06 9.24625e-07 0)
(1.04754e-06 8.88576e-07 0)
(1.089e-06 8.52781e-07 0)
(1.1286e-06 8.1741e-07 0)
(1.16648e-06 7.82613e-07 0)
(1.20281e-06 7.48517e-07 0)
(1.23774e-06 7.15233e-07 0)
(1.27141e-06 6.82849e-07 0)
(1.30397e-06 6.5144e-07 0)
(1.33553e-06 6.21065e-07 0)
(1.36623e-06 5.91771e-07 0)
(1.39616e-06 5.6359e-07 0)
(1.42543e-06 5.36548e-07 0)
(1.45411e-06 5.10658e-07 0)
(1.4823e-06 4.85927e-07 0)
(1.51004e-06 4.62354e-07 0)
(1.5374e-06 4.39931e-07 0)
(1.56441e-06 4.18646e-07 0)
(1.59113e-06 3.98483e-07 0)
(1.61756e-06 3.79419e-07 0)
(1.64373e-06 3.6143e-07 0)
(1.66965e-06 3.44491e-07 0)
(1.69531e-06 3.28133e-07 0)
(1.43964e-06 5.11767e-08 0)
(5.62311e-07 8.60306e-09 0)
(3.81152e-08 1.19569e-06 0)
(1.1353e-07 1.19131e-06 0)
(1.872e-07 1.18284e-06 0)
(2.58913e-07 1.17055e-06 0)
(3.28498e-07 1.15478e-06 0)
(3.95819e-07 1.13584e-06 0)
(4.60778e-07 1.11406e-06 0)
(5.23312e-07 1.08978e-06 0)
(5.83392e-07 1.06332e-06 0)
(6.4102e-07 1.03499e-06 0)
(6.96224e-07 1.0051e-06 0)
(7.49061e-07 9.73947e-07 0)
(7.99606e-07 9.41792e-07 0)
(8.47952e-07 9.08893e-07 0)
(8.9421e-07 8.75483e-07 0)
(9.38498e-07 8.41777e-07 0)
(9.80945e-07 8.0797e-07 0)
(1.02169e-06 7.74235e-07 0)
(1.06086e-06 7.40729e-07 0)
(1.09859e-06 7.07591e-07 0)
(1.13503e-06 6.74941e-07 0)
(1.1703e-06 6.42887e-07 0)
(1.20452e-06 6.11519e-07 0)
(1.23782e-06 5.80916e-07 0)
(1.27031e-06 5.51145e-07 0)
(1.30208e-06 5.22261e-07 0)
(1.33324e-06 4.94312e-07 0)
(1.36385e-06 4.67334e-07 0)
(1.394e-06 4.41358e-07 0)
(1.42374e-06 4.16407e-07 0)
(1.45313e-06 3.92496e-07 0)
(1.48221e-06 3.69637e-07 0)
(1.51101e-06 3.47834e-07 0)
(1.53956e-06 3.27087e-07 0)
(1.56789e-06 3.07392e-07 0)
(1.59599e-06 2.88741e-07 0)
(1.62388e-06 2.71123e-07 0)
(1.65154e-06 2.54201e-07 0)
(1.39498e-06 4.09884e-08 0)
(5.31672e-07 2.27894e-09 0)
(3.50828e-08 1.08998e-06 0)
(1.04514e-07 1.08599e-06 0)
(1.72387e-07 1.07825e-06 0)
(2.38535e-07 1.06702e-06 0)
(3.02822e-07 1.05259e-06 0)
(3.65145e-07 1.03523e-06 0)
(4.25427e-07 1.01525e-06 0)
(4.83625e-07 9.9291e-07 0)
(5.39721e-07 9.6851e-07 0)
(5.93722e-07 9.42321e-07 0)
(6.45659e-07 9.14606e-07 0)
(6.95584e-07 8.85617e-07 0)
(7.43566e-07 8.55591e-07 0)
(7.89689e-07 8.2475e-07 0)
(8.34049e-07 7.93298e-07 0)
(8.76753e-07 7.61425e-07 0)
(9.17913e-07 7.29305e-07 0)
(9.57647e-07 6.97095e-07 0)
(9.96076e-07 6.64937e-07 0)
(1.03332e-06 6.32961e-07 0)
(1.0695e-06 6.01281e-07 0)
(1.10472e-06 5.70001e-07 0)
(1.13911e-06 5.39212e-07 0)
(1.17276e-06 5.08998e-07 0)
(1.20578e-06 4.79431e-07 0)
(1.23825e-06 4.50576e-07 0)
(1.27026e-06 4.22492e-07 0)
(1.30188e-06 3.95228e-07 0)
(1.33316e-06 3.68831e-07 0)
(1.36417e-06 3.4334e-07 0)
(1.39494e-06 3.18788e-07 0)
(1.42552e-06 2.95203e-07 0)
(1.45592e-06 2.72609e-07 0)
(1.48616e-06 2.51022e-07 0)
(1.51625e-06 2.30455e-07 0)
(1.54619e-06 2.10913e-07 0)
(1.57598e-06 1.92399e-07 0)
(1.60558e-06 1.74706e-07 0)
(1.34907e-06 2.8635e-08 0)
(5.01781e-07 -6.20057e-09 0)
(3.22988e-08 9.92669e-07 0)
(9.62341e-08 9.88984e-07 0)
(1.58774e-07 9.81837e-07 0)
(2.19787e-07 9.71462e-07 0)
(2.79169e-07 9.58105e-07 0)
(3.36839e-07 9.4202e-07 0)
(3.92742e-07 9.23459e-07 0)
(4.46847e-07 9.02673e-07 0)
(4.99144e-07 8.7991e-07 0)
(5.49647e-07 8.55409e-07 0)
(5.98388e-07 8.294e-07 0)
(6.45416e-07 8.02103e-07 0)
(6.90793e-07 7.73725e-07 0)
(7.34597e-07 7.44459e-07 0)
(7.76916e-07 7.14486e-07 0)
(8.17843e-07 6.83974e-07 0)
(8.57482e-07 6.53077e-07 0)
(8.95938e-07 6.21937e-07 0)
(9.3332e-07 5.90683e-07 0)
(9.69739e-07 5.59434e-07 0)
(1.0053e-06 5.28299e-07 0)
(1.04012e-06 4.97377e-07 0)
(1.07428e-06 4.6676e-07 0)
(1.10791e-06 4.36532e-07 0)
(1.14107e-06 4.06771e-07 0)
(1.17387e-06 3.77551e-07 0)
(1.20637e-06 3.4894e-07 0)
(1.23865e-06 3.21001e-07 0)
(1.27076e-06 2.93796e-07 0)
(1.30275e-06 2.67381e-07 0)
(1.33467e-06 2.4181e-07 0)
(1.36653e-06 2.1713e-07 0)
(1.39835e-06 1.93384e-07 0)
(1.43015e-06 1.70611e-07 0)
(1.46191e-06 1.48842e-07 0)
(1.49364e-06 1.28097e-07 0)
(1.52532e-06 1.0839e-07 0)
(1.55691e-06 8.96281e-08 0)
(1.3016e-06 1.36607e-08 0)
(4.72447e-07 -1.73424e-08 0)
(2.97143e-08 9.03112e-07 0)
(8.85447e-08 8.99674e-07 0)
(1.46123e-07 8.93001e-07 0)
(2.02346e-07 8.83308e-07 0)
(2.57134e-07 8.70813e-07 0)
(3.10424e-07 8.55741e-07 0)
(3.62177e-07 8.38316e-07 0)
(4.12373e-07 8.1876e-07 0)
(4.61009e-07 7.9729e-07 0)
(5.08102e-07 7.74116e-07 0)
(5.53684e-07 7.49439e-07 0)
(5.97801e-07 7.2345e-07 0)
(6.40514e-07 6.9633e-07 0)
(6.81891e-07 6.6825e-07 0)
(7.22013e-07 6.39368e-07 0)
(7.60967e-07 6.09831e-07 0)
(7.98848e-07 5.79776e-07 0)
(8.35752e-07 5.49328e-07 0)
(8.71781e-07 5.18605e-07 0)
(9.07038e-07 4.87713e-07 0)
(9.41627e-07 4.56753e-07 0)
(9.75649e-07 4.25819e-07 0)
(1.0092e-06 3.94999e-07 0)
(1.04239e-06 3.64377e-07 0)
(1.0753e-06 3.34032e-07 0)
(1.10802e-06 3.04045e-07 0)
(1.14063e-06 2.74492e-07 0)
(1.17321e-06 2.45448e-07 0)
(1.20581e-06 2.1699e-07 0)
(1.23848e-06 1.89195e-07 0)
(1.27127e-06 1.62136e-07 0)
(1.30421e-06 1.35888e-07 0)
(1.3373e-06 1.10523e-07 0)
(1.37054e-06 8.61089e-08 0)
(1.40391e-06 6.27068e-08 0)
(1.43739e-06 4.0369e-08 0)
(1.47092e-06 1.91349e-08 0)
(1.50443e-06 -9.7822e-10 0)
(1.25168e-06 -5.0156e-09 0)
(4.43283e-07 -3.14136e-08 0)
(2.729e-08 8.20788e-07 0)
(8.1329e-08 8.17549e-07 0)
(1.34242e-07 8.11258e-07 0)
(1.8595e-07 8.0211e-07 0)
(2.3639e-07 7.90305e-07 0)
(2.85515e-07 7.76042e-07 0)
(3.33296e-07 7.59523e-07 0)
(3.79722e-07 7.40944e-07 0)
(4.24794e-07 7.20495e-07 0)
(4.68532e-07 6.98361e-07 0)
(5.10966e-07 6.74719e-07 0)
(5.5214e-07 6.49737e-07 0)
(5.9211e-07 6.23572e-07 0)
(6.3094e-07 5.96373e-07 0)
(6.68703e-07 5.68278e-07 0)
(7.05481e-07 5.39414e-07 0)
(7.41359e-07 5.09901e-07 0)
(7.76429e-07 4.79848e-07 0)
(8.10787e-07 4.49357e-07 0)
(8.44532e-07 4.18522e-07 0)
(8.77765e-07 3.87434e-07 0)
(9.10586e-07 3.56175e-07 0)
(9.43099e-07 3.24826e-07 0)
(9.75405e-07 2.93465e-07 0)
(1.0076e-06 2.62171e-07 0)
(1.03979e-06 2.31022e-07 0)
(1.07205e-06 2.00099e-07 0)
(1.10448e-06 1.69486e-07 0)
(1.13715e-06 1.39272e-07 0)
(1.17013e-06 1.09549e-07 0)
(1.20348e-06 8.04179e-08 0)
(1.23723e-06 5.19835e-08 0)
(1.27141e-06 2.43558e-08 0)
(1.30603e-06 -2.35145e-09 0)
(1.34106e-06 -2.80229e-08 0)
(1.37645e-06 -5.25444e-08 0)
(1.41213e-06 -7.58073e-08 0)
(1.44798e-06 -9.76493e-08 0)
(1.19942e-06 -2.88229e-08 0)
(4.14751e-07 -4.91919e-08 0)
(2.49945e-08 7.45281e-07 0)
(7.44944e-08 7.42202e-07 0)
(1.22981e-07 7.36218e-07 0)
(1.70393e-07 7.27511e-07 0)
(2.1668e-07 7.1626e-07 0)
(2.61808e-07 7.02649e-07 0)
(3.05755e-07 6.86855e-07 0)
(3.48515e-07 6.69054e-07 0)
(3.90092e-07 6.49417e-07 0)
(4.30505e-07 6.28105e-07 0)
(4.69785e-07 6.05275e-07 0)
(5.0797e-07 5.81072e-07 0)
(5.4511e-07 5.55635e-07 0)
(5.81266e-07 5.29091e-07 0)
(6.16502e-07 5.01559e-07 0)
(6.50894e-07 4.7315e-07 0)
(6.8452e-07 4.43963e-07 0)
(7.17465e-07 4.14092e-07 0)
(7.49822e-07 3.83621e-07 0)
(7.81684e-07 3.52629e-07 0)
(8.13151e-07 3.2119e-07 0)
(8.44324e-07 2.89373e-07 0)
(8.75311e-07 2.57244e-07 0)
(9.06218e-07 2.2487e-07 0)
(9.37156e-07 1.92316e-07 0)
(9.68237e-07 1.59652e-07 0)
(9.99571e-07 1.26953e-07 0)
(1.03127e-06 9.42986e-08 0)
(1.06344e-06 6.1781e-08 0)
(1.09619e-06 2.95023e-08 0)
(1.1296e-06 -2.42127e-09 0)
(1.16376e-06 -3.38578e-08 0)
(1.19874e-06 -6.46583e-08 0)
(1.23458e-06 -9.46563e-08 0)
(1.2713e-06 -1.23668e-07 0)
(1.30888e-06 -1.51493e-07 0)
(1.34727e-06 -1.77921e-07 0)
(1.38637e-06 -2.02621e-07 0)
(1.14438e-06 -5.97207e-08 0)
(3.87388e-07 -7.26238e-08 0)
(2.28034e-08 6.76253e-07 0)
(6.79684e-08 6.73304e-07 0)
(1.12222e-07 6.67572e-07 0)
(1.55515e-07 6.59223e-07 0)
(1.97807e-07 6.48424e-07 0)
(2.39071e-07 6.35342e-07 0)
(2.79292e-07 6.20137e-07 0)
(3.18465e-07 6.02968e-07 0)
(3.56597e-07 5.83987e-07 0)
(3.93703e-07 5.63338e-07 0)
(4.2981e-07 5.41158e-07 0)
(4.64954e-07 5.17575e-07 0)
(4.99177e-07 4.92708e-07 0)
(5.32532e-07 4.66669e-07 0)
(5.65077e-07 4.39558e-07 0)
(5.96877e-07 4.11467e-07 0)
(6.28003e-07 3.8248e-07 0)
(6.58534e-07 3.5267e-07 0)
(6.88552e-07 3.22104e-07 0)
(7.18147e-07 2.90843e-07 0)
(7.47413e-07 2.58939e-07 0)
(7.76452e-07 2.26442e-07 0)
(8.05371e-07 1.93397e-07 0)
(8.34283e-07 1.59847e-07 0)
(8.63311e-07 1.25836e-07 0)
(8.92581e-07 9.14093e-08 0)
(9.22229e-07 5.66182e-08 0)
(9.52397e-07 2.15219e-08 0)
(9.83235e-07 -1.38083e-08 0)
(1.01489e-06 -4.9285e-08 0)
(1.04753e-06 -8.48002e-08 0)
(1.08131e-06 -1.2022e-07 0)
(1.11637e-06 -1.55379e-07 0)
(1.15286e-06 -1.90075e-07 0)
(1.19088e-06 -2.24068e-07 0)
(1.23054e-06 -2.57072e-07 0)
(1.27187e-06 -2.88758e-07 0)
(1.31486e-06 -3.18632e-07 0)
(1.08295e-06 -1.01292e-07 0)
(3.59271e-07 -1.0448e-07 0)
(2.06981e-08 6.1343e-07 0)
(6.1696e-08 6.10589e-07 0)
(1.01875e-07 6.05065e-07 0)
(1.41193e-07 5.97013e-07 0)
(1.79619e-07 5.8659e-07 0)
(2.17131e-07 5.73947e-07 0)
(2.53714e-07 5.59233e-07 0)
(2.89365e-07 5.4259e-07 0)
(3.2409e-07 5.24157e-07 0)
(3.579e-07 5.04061e-07 0)
(3.90819e-07 4.82425e-07 0)
(4.22873e-07 4.59361e-07 0)
(4.541e-07 4.34975e-07 0)
(4.8454e-07 4.0936e-07 0)
(5.14244e-07 3.82602e-07 0)
(5.43264e-07 3.54776e-07 0)
(5.71662e-07 3.2595e-07 0)
(5.99503e-07 2.96179e-07 0)
(6.26859e-07 2.65512e-07 0)
(6.53809e-07 2.33988e-07 0)
(6.80437e-07 2.01638e-07 0)
(7.06837e-07 1.68486e-07 0)
(7.33111e-07 1.34549e-07 0)
(7.59369e-07 9.984e-08 0)
(7.85735e-07 6.43663e-08 0)
(8.12345e-07 2.81345e-08 0)
(8.39351e-07 -8.84882e-09 0)
(8.6692e-07 -4.65731e-08 0)
(8.95242e-07 -8.50203e-08 0)
(9.24526e-07 -1.24159e-07 0)
(9.55004e-07 -1.63939e-07 0)
(9.86932e-07 -2.04281e-07 0)
(1.02059e-06 -2.45067e-07 0)
(1.05626e-06 -2.86125e-07 0)
(1.09426e-06 -3.27219e-07 0)
(1.13488e-06 -3.68023e-07 0)
(1.17838e-06 -4.08107e-07 0)
(1.22496e-06 -4.46798e-07 0)
(1.00974e-06 -1.59264e-07 0)
(3.29128e-07 -1.47545e-07 0)
(1.86646e-08 5.56584e-07 0)
(5.56363e-08 5.53835e-07 0)
(9.18732e-08 5.48487e-07 0)
(1.2734e-07 5.40688e-07 0)
(1.6201e-07 5.30585e-07 0)
(1.95862e-07 5.18318e-07 0)
(2.28885e-07 5.04025e-07 0)
(2.61073e-07 4.87838e-07 0)
(2.92427e-07 4.69881e-07 0)
(3.22958e-07 4.50272e-07 0)
(3.52679e-07 4.29121e-07 0)
(3.81611e-07 4.06528e-07 0)
(4.09781e-07 3.82586e-07 0)
(4.37219e-07 3.57376e-07 0)
(4.63962e-07 3.30971e-07 0)
(4.9005e-07 3.03433e-07 0)
(5.15528e-07 2.74815e-07 0)
(5.40447e-07 2.45159e-07 0)
(5.64862e-07 2.14494e-07 0)
(5.88833e-07 1.82843e-07 0)
(6.12426e-07 1.50213e-07 0)
(6.35716e-07 1.16605e-07 0)
(6.58787e-07 8.20045e-08 0)
(6.8173e-07 4.63898e-08 0)
(7.04654e-07 9.72654e-09 0)
(7.27679e-07 -2.80295e-08 0)
(7.50949e-07 -6.69325e-08 0)
(7.7463e-07 -1.07045e-07 0)
(7.9892e-07 -1.48438e-07 0)
(8.24053e-07 -1.91186e-07 0)
(8.50312e-07 -2.35361e-07 0)
(8.78033e-07 -2.81032e-07 0)
(9.07625e-07 -3.28246e-07 0)
(9.39573e-07 -3.7702e-07 0)
(9.74457e-07 -4.27309e-07 0)
(1.01296e-06 -4.78976e-07 0)
(1.05585e-06 -5.31732e-07 0)
(1.10399e-06 -5.84982e-07 0)
(9.19491e-07 -2.43744e-07 0)
(3.01464e-07 -2.0644e-07 0)
(1.66929e-08 5.05521e-07 0)
(4.97594e-08 5.02852e-07 0)
(8.21697e-08 4.97658e-07 0)
(1.13893e-07 4.90081e-07 0)
(1.44903e-07 4.80258e-07 0)
(1.75182e-07 4.68324e-07 0)
(2.04716e-07 4.54407e-07 0)
(2.33498e-07 4.3863e-07 0)
(2.61525e-07 4.2111e-07 0)
(2.88802e-07 4.01954e-07 0)
(3.15335e-07 3.81264e-07 0)
(3.41136e-07 3.59132e-07 0)
(3.6622e-07 3.35642e-07 0)
(3.90606e-07 3.10866e-07 0)
(4.14315e-07 2.84869e-07 0)
(4.37372e-07 2.57704e-07 0)
(4.59805e-07 2.29414e-07 0)
(4.81643e-07 2.0003e-07 0)
(5.02918e-07 1.69571e-07 0)
(5.23668e-07 1.38045e-07 0)
(5.4393e-07 1.05446e-07 0)
(5.63748e-07 7.17523e-08 0)
(5.83172e-07 3.69298e-08 0)
(6.02257e-07 9.2652e-10 0)
(6.21067e-07 -3.63272e-08 0)
(6.39679e-07 -7.49211e-08 0)
(6.58184e-07 -1.14967e-07 0)
(6.76693e-07 -1.56604e-07 0)
(6.95345e-07 -1.99996e-07 0)
(7.14315e-07 -2.45345e-07 0)
(7.33826e-07 -2.92888e-07 0)
(7.54172e-07 -3.42907e-07 0)
(7.75739e-07 -3.95736e-07 0)
(7.99044e-07 -4.51767e-07 0)
(8.2479e-07 -5.11455e-07 0)
(8.53948e-07 -5.75328e-07 0)
(8.87868e-07 -6.43991e-07 0)
(9.28468e-07 -7.18084e-07 0)
(7.99877e-07 -3.69289e-07 0)
(2.80468e-07 -2.87062e-07 0)
(1.47757e-08 4.60075e-07 0)
(4.40439e-08 4.57477e-07 0)
(7.27301e-08 4.52421e-07 0)
(1.00805e-07 4.45042e-07 0)
(1.28246e-07 4.35473e-07 0)
(1.55032e-07 4.23842e-07 0)
(1.8115e-07 4.10272e-07 0)
(2.0659e-07 3.94879e-07 0)
(2.31344e-07 3.77774e-07 0)
(2.55409e-07 3.59059e-07 0)
(2.78786e-07 3.38831e-07 0)
(3.01477e-07 3.17176e-07 0)
(3.23485e-07 2.94174e-07 0)
(3.44817e-07 2.69893e-07 0)
(3.65479e-07 2.44394e-07 0)
(3.85478e-07 2.17727e-07 0)
(4.04823e-07 1.8993e-07 0)
(4.23521e-07 1.61032e-07 0)
(4.41579e-07 1.31048e-07 0)
(4.59004e-07 9.99825e-08 0)
(4.75803e-07 6.78237e-08 0)
(4.91981e-07 3.45461e-08 0)
(5.07541e-07 1.07143e-10 0)
(5.22487e-07 -3.55546e-08 0)
(5.36821e-07 -7.25219e-08 0)
(5.50546e-07 -1.10902e-07 0)
(5.63662e-07 -1.50832e-07 0)
(5.76173e-07 -1.92482e-07 0)
(5.88081e-07 -2.36066e-07 0)
(5.99393e-07 -2.81848e-07 0)
(6.1012e-07 -3.30158e-07 0)
(6.20282e-07 -3.81407e-07 0)
(6.29912e-07 -4.36112e-07 0)
(6.39064e-07 -4.94929e-07 0)
(6.47818e-07 -5.58696e-07 0)
(6.56302e-07 -6.28501e-07 0)
(6.64706e-07 -7.05764e-07 0)
(6.7331e-07 -7.92359e-07 0)
(6.32401e-07 -4.85096e-07 0)
(2.64314e-07 -3.85499e-07 0)
(1.29075e-08 4.20096e-07 0)
(3.84742e-08 4.17563e-07 0)
(6.35298e-08 4.12631e-07 0)
(8.80471e-08 4.05433e-07 0)
(1.12003e-07 3.96098e-07 0)
(1.35378e-07 3.84749e-07 0)
(1.58155e-07 3.71506e-07 0)
(1.80322e-07 3.5648e-07 0)
(2.01868e-07 3.3978e-07 0)
(2.22784e-07 3.21505e-07 0)
(2.43063e-07 3.0175e-07 0)
(2.62697e-07 2.806e-07 0)
(2.81682e-07 2.58132e-07 0)
(3.0001e-07 2.34418e-07 0)
(3.17675e-07 2.09518e-07 0)
(3.34668e-07 1.83484e-07 0)
(3.50978e-07 1.56358e-07 0)
(3.66593e-07 1.28173e-07 0)
(3.81495e-07 9.89506e-08 0)
(3.95663e-07 6.87007e-08 0)
(4.09072e-07 3.74213e-08 0)
(4.21688e-07 5.0973e-09 0)
(4.33473e-07 -2.83011e-08 0)
(4.44377e-07 -6.28199e-08 0)
(4.5434e-07 -9.85231e-08 0)
(4.63288e-07 -1.35495e-07 0)
(4.71129e-07 -1.73845e-07 0)
(4.77753e-07 -2.13707e-07 0)
(4.83016e-07 -2.55251e-07 0)
(4.86744e-07 -2.98685e-07 0)
(4.8871e-07 -3.44263e-07 0)
(4.88626e-07 -3.923e-07 0)
(4.86115e-07 -4.43181e-07 0)
(4.80679e-07 -4.9738e-07 0)
(4.71655e-07 -5.55488e-07 0)
(4.58141e-07 -6.18235e-07 0)
(4.389e-07 -6.86535e-07 0)
(4.12213e-07 -7.61527e-07 0)
(3.96503e-07 -6.55341e-07 0)
(2.09145e-07 -7.03218e-07 0)
(1.1084e-08 3.85449e-07 0)
(3.30378e-08 3.82974e-07 0)
(5.45493e-08 3.78156e-07 0)
(7.55929e-08 3.71125e-07 0)
(9.61462e-08 3.62007e-07 0)
(1.1619e-07 3.50922e-07 0)
(1.35705e-07 3.37988e-07 0)
(1.54678e-07 3.23315e-07 0)
(1.73094e-07 3.07011e-07 0)
(1.90939e-07 2.89175e-07 0)
(2.082e-07 2.69902e-07 0)
(2.24864e-07 2.49278e-07 0)
(2.40917e-07 2.27387e-07 0)
(2.56342e-07 2.043e-07 0)
(2.71121e-07 1.80085e-07 0)
(2.85233e-07 1.548e-07 0)
(2.98653e-07 1.28498e-07 0)
(3.11351e-07 1.01222e-07 0)
(3.23292e-07 7.30059e-08 0)
(3.34433e-07 4.38774e-08 0)
(3.44724e-07 1.38543e-08 0)
(3.54105e-07 -1.70548e-08 0)
(3.62506e-07 -4.88504e-08 0)
(3.69841e-07 -8.15428e-08 0)
(3.76009e-07 -1.15152e-07 0)
(3.80888e-07 -1.49709e-07 0)
(3.84334e-07 -1.85253e-07 0)
(3.8617e-07 -2.21834e-07 0)
(3.86183e-07 -2.59513e-07 0)
(3.84113e-07 -2.98356e-07 0)
(3.79643e-07 -3.38435e-07 0)
(3.7238e-07 -3.79822e-07 0)
(3.61835e-07 -4.22584e-07 0)
(3.47403e-07 -4.66766e-07 0)
(3.28322e-07 -5.12377e-07 0)
(3.03637e-07 -5.5936e-07 0)
(2.72148e-07 -6.07548e-07 0)
(2.32346e-07 -6.56595e-07 0)
(1.82341e-07 -7.05877e-07 0)
(1.00011e-07 -8.1145e-07 0)
(9.30132e-09 3.56009e-07 0)
(2.7723e-08 3.53587e-07 0)
(4.57703e-08 3.48873e-07 0)
(6.34195e-08 3.41994e-07 0)
(8.06492e-08 3.33075e-07 0)
(9.74403e-08 3.22235e-07 0)
(1.13775e-07 3.0959e-07 0)
(1.29636e-07 2.95252e-07 0)
(1.45008e-07 2.79328e-07 0)
(1.59875e-07 2.6192e-07 0)
(1.74218e-07 2.43125e-07 0)
(1.88022e-07 2.23035e-07 0)
(2.01264e-07 2.01736e-07 0)
(2.13925e-07 1.79309e-07 0)
(2.25977e-07 1.55828e-07 0)
(2.37391e-07 1.31364e-07 0)
(2.48135e-07 1.05981e-07 0)
(2.58167e-07 7.97369e-08 0)
(2.67442e-07 5.26853e-08 0)
(2.75907e-07 2.48745e-08 0)
(2.83499e-07 -3.65198e-09 0)
(2.90146e-07 -3.2855e-08 0)
(2.95765e-07 -6.2699e-08 0)
(3.00257e-07 -9.31511e-08 0)
(3.0351e-07 -1.2418e-07 0)
(3.05396e-07 -1.55754e-07 0)
(3.05762e-07 -1.87838e-07 0)
(3.04437e-07 -2.20394e-07 0)
(3.0122e-07 -2.5337e-07 0)
(2.95883e-07 -2.867e-07 0)
(2.88162e-07 -3.20294e-07 0)
(2.77759e-07 -3.54026e-07 0)
(2.64339e-07 -3.87722e-07 0)
(2.47527e-07 -4.21137e-07 0)
(2.26919e-07 -4.53935e-07 0)
(2.02089e-07 -4.85649e-07 0)
(1.72615e-07 -5.15643e-07 0)
(1.38121e-07 -5.43051e-07 0)
(9.83455e-08 -5.66711e-07 0)
(5.32532e-08 -5.85075e-07 0)
(7.55519e-09 3.31665e-07 0)
(2.25177e-08 3.2929e-07 0)
(3.71732e-08 3.24668e-07 0)
(5.15007e-08 3.17925e-07 0)
(6.54807e-08 3.09183e-07 0)
(7.90956e-08 2.98563e-07 0)
(9.23281e-08 2.86181e-07 0)
(1.05162e-07 2.72149e-07 0)
(1.1758e-07 2.56578e-07 0)
(1.29566e-07 2.39571e-07 0)
(1.41102e-07 2.21231e-07 0)
(1.52167e-07 2.01653e-07 0)
(1.62739e-07 1.80931e-07 0)
(1.72794e-07 1.59154e-07 0)
(1.82305e-07 1.36407e-07 0)
(1.91238e-07 1.12771e-07 0)
(1.99556e-07 8.8324e-08 0)
(2.07219e-07 6.31414e-08 0)
(2.14178e-07 3.72953e-08 0)
(2.20377e-07 1.0856e-08 0)
(2.25755e-07 -1.61075e-08 0)
(2.3024e-07 -4.35268e-08 0)
(2.33753e-07 -7.13328e-08 0)
(2.36205e-07 -9.94544e-08 0)
(2.37495e-07 -1.27817e-07 0)
(2.37514e-07 -1.56339e-07 0)
(2.36139e-07 -1.84931e-07 0)
(2.33238e-07 -2.13492e-07 0)
(2.2867e-07 -2.41903e-07 0)
(2.22284e-07 -2.70025e-07 0)
(2.13925e-07 -2.9769e-07 0)
(2.03439e-07 -3.24698e-07 0)
(1.90678e-07 -3.50802e-07 0)
(1.75516e-07 -3.75708e-07 0)
(1.5786e-07 -3.99057e-07 0)
(1.37677e-07 -4.20422e-07 0)
(1.15025e-07 -4.39298e-07 0)
(9.00874e-08 -4.55102e-07 0)
(6.32335e-08 -4.67179e-07 0)
(3.50762e-08 -4.74823e-07 0)
(5.84079e-09 3.12319e-07 0)
(1.74073e-08 3.09984e-07 0)
(2.87345e-08 3.05439e-07 0)
(3.98047e-08 2.98811e-07 0)
(5.06014e-08 2.90221e-07 0)
(6.11093e-08 2.7979e-07 0)
(7.13134e-08 2.67635e-07 0)
(8.1199e-08 2.5387e-07 0)
(9.07508e-08 2.38608e-07 0)
(9.99529e-08 2.21957e-07 0)
(1.08788e-07 2.04021e-07 0)
(1.17238e-07 1.84904e-07 0)
(1.25282e-07 1.64705e-07 0)
(1.32895e-07 1.43522e-07 0)
(1.40052e-07 1.21449e-07 0)
(1.46723e-07 9.85783e-08 0)
(1.52874e-07 7.50016e-08 0)
(1.58466e-07 5.08085e-08 0)
(1.63456e-07 2.60883e-08 0)
(1.67795e-07 9.30196e-10 0)
(1.71431e-07 -2.45758e-08 0)
(1.74302e-07 -5.0338e-08 0)
(1.76345e-07 -7.6262e-08 0)
(1.77488e-07 -1.02249e-07 0)
(1.77655e-07 -1.28197e-07 0)
(1.76768e-07 -1.53994e-07 0)
(1.74741e-07 -1.79521e-07 0)
(1.71492e-07 -2.04649e-07 0)
(1.66937e-07 -2.29234e-07 0)
(1.60998e-07 -2.53119e-07 0)
(1.53606e-07 -2.7613e-07 0)
(1.44706e-07 -2.98073e-07 0)
(1.34267e-07 -3.18734e-07 0)
(1.22285e-07 -3.37881e-07 0)
(1.08799e-07 -3.55263e-07 0)
(9.38963e-08 -3.70617e-07 0)
(7.77233e-08 -3.83677e-07 0)
(6.04959e-08 -3.94188e-07 0)
(4.2501e-08 -4.01929e-07 0)
(2.4092e-08 -4.06743e-07 0)
(4.15242e-09 2.97887e-07 0)
(1.23751e-08 2.95583e-07 0)
(2.04263e-08 2.911e-07 0)
(2.82927e-08 2.84562e-07 0)
(3.59618e-08 2.76093e-07 0)
(4.34218e-08 2.65812e-07 0)
(5.06608e-08 2.53838e-07 0)
(5.76673e-08 2.40288e-07 0)
(6.4429e-08 2.25275e-07 0)
(7.09332e-08 2.08912e-07 0)
(7.71659e-08 1.91307e-07 0)
(8.31118e-08 1.72568e-07 0)
(8.8754e-08 1.528e-07 0)
(9.40733e-08 1.32109e-07 0)
(9.90485e-08 1.10596e-07 0)
(1.03655e-07 8.83632e-08 0)
(1.07867e-07 6.55129e-08 0)
(1.11653e-07 4.21464e-08 0)
(1.1498e-07 1.83659e-08 0)
(1.17812e-07 -5.72522e-09 0)
(1.20107e-07 -3.00219e-08 0)
(1.21823e-07 -5.44165e-08 0)
(1.22913e-07 -7.87986e-08 0)
(1.23328e-07 -1.03054e-07 0)
(1.23018e-07 -1.27063e-07 0)
(1.21933e-07 -1.50704e-07 0)
(1.20022e-07 -1.73845e-07 0)
(1.17241e-07 -1.96352e-07 0)
(1.13546e-07 -2.18083e-07 0)
(1.08907e-07 -2.38891e-07 0)
(1.03301e-07 -2.58621e-07 0)
(9.67227e-08 -2.77116e-07 0)
(8.91843e-08 -2.94216e-07 0)
(8.07212e-08 -3.09762e-07 0)
(7.13948e-08 -3.236e-07 0)
(6.12949e-08 -3.35587e-07 0)
(5.05405e-08 -3.45599e-07 0)
(3.92791e-08 -3.53538e-07 0)
(2.76819e-08 -3.59343e-07 0)
(1.59365e-08 -3.62998e-07 0)
(2.48345e-09 2.88304e-07 0)
(7.40099e-09 2.86021e-07 0)
(1.22155e-08 2.81581e-07 0)
(1.69186e-08 2.75106e-07 0)
(2.15024e-08 2.6672e-07 0)
(2.59594e-08 2.56543e-07 0)
(3.02823e-08 2.44696e-07 0)
(3.44634e-08 2.31296e-07 0)
(3.84949e-08 2.16459e-07 0)
(4.23686e-08 2.00299e-07 0)
(4.60754e-08 1.82928e-07 0)
(4.96054e-08 1.64457e-07 0)
(5.29474e-08 1.44997e-07 0)
(5.60892e-08 1.24657e-07 0)
(5.90169e-08 1.03544e-07 0)
(6.17151e-08 8.17684e-08 0)
(6.41666e-08 5.94383e-08 0)
(6.63523e-08 3.66633e-08 0)
(6.82513e-08 1.35542e-08 0)
(6.98408e-08 -9.77653e-09 0)
(7.10961e-08 -3.32146e-08 0)
(7.19914e-08 -5.66433e-08 0)
(7.24992e-08 -7.99433e-08 0)
(7.25919e-08 -1.02992e-07 0)
(7.22415e-08 -1.25665e-07 0)
(7.14213e-08 -1.47835e-07 0)
(7.01062e-08 -1.69371e-07 0)
(6.82746e-08 -1.90141e-07 0)
(6.59098e-08 -2.10013e-07 0)
(6.30013e-08 -2.28855e-07 0)
(5.95467e-08 -2.46536e-07 0)
(5.55535e-08 -2.6293e-07 0)
(5.10405e-08 -2.77919e-07 0)
(4.60391e-08 -2.91394e-07 0)
(4.0594e-08 -3.03259e-07 0)
(3.47633e-08 -3.13436e-07 0)
(2.86176e-08 -3.21868e-07 0)
(2.2238e-08 -3.2852e-07 0)
(1.57131e-08 -3.33388e-07 0)
(9.13515e-09 -3.36494e-07 0)
(8.26463e-10 2.83524e-07 0)
(2.46293e-09 2.81252e-07 0)
(4.06502e-09 2.76833e-07 0)
(5.62987e-09 2.70391e-07 0)
(7.15481e-09 2.62047e-07 0)
(8.63727e-09 2.51925e-07 0)
(1.00747e-08 2.40143e-07 0)
(1.14645e-08 2.2682e-07 0)
(1.2804e-08 2.12074e-07 0)
(1.40903e-08 1.96018e-07 0)
(1.53203e-08 1.78769e-07 0)
(1.64905e-08 1.60437e-07 0)
(1.75971e-08 1.41137e-07 0)
(1.86358e-08 1.20979e-07 0)
(1.96019e-08 1.00075e-07 0)
(2.04901e-08 7.85377e-08 0)
(2.12944e-08 5.64785e-08 0)
(2.20084e-08 3.40114e-08 0)
(2.26249e-08 1.12513e-08 0)
(2.31363e-08 -1.1685e-08 0)
(2.35344e-08 -3.46789e-08 0)
(2.38105e-08 -5.76096e-08 0)
(2.39557e-08 -8.03541e-08 0)
(2.39611e-08 -1.02787e-07 0)
(2.38177e-08 -1.24782e-07 0)
(2.35174e-08 -1.46211e-07 0)
(2.30526e-08 -1.66944e-07 0)
(2.24173e-08 -1.86855e-07 0)
(2.16071e-08 -2.05816e-07 0)
(2.062e-08 -2.23707e-07 0)
(1.94569e-08 -2.4041e-07 0)
(1.81218e-08 -2.55816e-07 0)
(1.66226e-08 -2.69827e-07 0)
(1.4971e-08 -2.82359e-07 0)
(1.31829e-08 -2.93341e-07 0)
(1.12777e-08 -3.02722e-07 0)
(9.27845e-09 -3.1047e-07 0)
(7.21083e-09 -3.16576e-07 0)
(5.10217e-09 -3.2105e-07 0)
(2.98037e-09 -3.23926e-07 0)
(8.06452e-11 2.92517e-08 0)
(3.53707e-10 3.15949e-08 0)
(5.62774e-10 3.36564e-08 0)
(7.18386e-10 3.55738e-08 0)
(8.36687e-10 3.73829e-08 0)
(9.30934e-10 3.91529e-08 0)
(1.01225e-09 4.09721e-08 0)
(1.09039e-09 4.29209e-08 0)
(1.17479e-09 4.50639e-08 0)
(1.27662e-09 4.74547e-08 0)
(1.41251e-09 5.01412e-08 0)
(1.61122e-09 5.31687e-08 0)
(1.92638e-09 5.65778e-08 0)
(2.46118e-09 6.03909e-08 0)
(3.3649e-09 6.45922e-08 0)
(4.55556e-09 6.93847e-08 0)
(5.77915e-09 7.55964e-08 0)
(6.82376e-09 8.43203e-08 0)
(7.77256e-09 9.38975e-08 0)
(8.88225e-09 1.05296e-07 0)
(1.02379e-08 1.19038e-07 0)
(1.19158e-08 1.35802e-07 0)
(1.40217e-08 1.56542e-07 0)
(1.67067e-08 1.82594e-07 0)
(2.01925e-08 2.15917e-07 0)
(2.48161e-08 2.59485e-07 0)
(3.11025e-08 3.17839e-07 0)
(3.98958e-08 3.9824e-07 0)
(5.26266e-08 5.12957e-07 0)
(7.18681e-08 6.84007e-07 0)
(1.02568e-07 9.53439e-07 0)
(1.55235e-07 1.41115e-06 0)
(2.55675e-07 2.28025e-06 0)
(4.83113e-07 4.25772e-06 0)
(1.23177e-06 1.09453e-05 0)
(1.5358e-05 0.000130186 0)
(3.0219e-05 2.11936e-05 0)
(2.38794e-05 1.14662e-05 0)
(1.15951e-05 6.79449e-06 0)
(3.48659e-06 5.03521e-06 0)
(1.85852e-09 2.1948e-08 0)
(5.10902e-09 2.6278e-08 0)
(7.29374e-09 3.104e-08 0)
(9.287e-09 3.46794e-08 0)
(1.1121e-08 3.751e-08 0)
(1.31271e-08 3.9883e-08 0)
(1.55489e-08 4.19794e-08 0)
(1.85968e-08 4.3853e-08 0)
(2.24942e-08 4.54411e-08 0)
(2.7476e-08 4.65499e-08 0)
(3.36884e-08 4.68083e-08 0)
(4.0763e-08 4.5597e-08 0)
(4.62118e-08 4.20362e-08 0)
(3.87307e-08 3.54752e-08 0)
(1.40409e-08 -8.93372e-06 0)
(-1.78828e-06 -9.05417e-06 0)
(-6.4312e-06 -1.97421e-06 0)
(-8.93771e-06 -7.67738e-07 0)
(-8.29752e-06 -5.24807e-07 0)
(-7.80167e-06 -3.30075e-07 0)
(-7.46032e-06 -1.73839e-07 0)
(-7.24469e-06 -4.55416e-08 0)
(-7.13406e-06 6.42326e-08 0)
(-7.11494e-06 1.63457e-07 0)
(-7.1802e-06 2.59056e-07 0)
(-7.32844e-06 3.57553e-07 0)
(-7.56406e-06 4.65845e-07 0)
(-7.89807e-06 5.92266e-07 0)
(-8.35006e-06 7.48213e-07 0)
(-8.95218e-06 9.50883e-07 0)
(-9.75658e-06 1.22828e-06 0)
(-1.08498e-05 1.62971e-06 0)
(-1.23804e-05 2.24886e-06 0)
(-1.46126e-05 3.28054e-06 0)
(-1.79862e-05 5.22513e-06 0)
(-1.83649e-05 1.67193e-05 0)
(-9.10823e-06 3.07678e-05 0)
(4.23435e-07 2.00354e-05 0)
(2.10304e-06 1.39659e-05 0)
(9.23318e-07 1.14038e-05 0)
(-8.80038e-07 -1.65764e-07 0)
(-2.44021e-06 -4.1106e-07 0)
(-2.70409e-06 -6.14743e-07 0)
(-2.57729e-06 -4.50267e-07 0)
(-2.25639e-06 -3.49859e-07 0)
(-1.98561e-06 -2.94167e-07 0)
(-1.73738e-06 -2.72497e-07 0)
(-1.48826e-06 -2.80571e-07 0)
(-1.21478e-06 -3.1969e-07 0)
(-8.88854e-07 -3.97395e-07 0)
(-4.71603e-07 -5.30046e-07 0)
(9.6846e-08 -7.48572e-07 0)
(9.15681e-07 -1.11004e-06 0)
(2.15875e-06 -1.72064e-06 0)
(1.66748e-07 -1.17432e-05 0)
(-5.37772e-06 -1.19872e-05 0)
(-8.15138e-06 -4.0708e-06 0)
(-7.85121e-06 -2.20466e-06 0)
(-7.3939e-06 -1.51311e-06 0)
(-7.09515e-06 -9.96538e-07 0)
(-6.90383e-06 -5.97392e-07 0)
(-6.79412e-06 -2.76431e-07 0)
(-6.75275e-06 -5.8834e-09 0)
(-6.77322e-06 2.34917e-07 0)
(-6.8531e-06 4.625e-07 0)
(-6.99305e-06 6.91475e-07 0)
(-7.19636e-06 9.36456e-07 0)
(-7.46889e-06 1.21411e-06 0)
(-7.81901e-06 1.54582e-06 0)
(-8.25705e-06 1.96165e-06 0)
(-8.79311e-06 2.50696e-06 0)
(-9.43012e-06 3.25403e-06 0)
(-1.01436e-05 4.32339e-06 0)
(-1.08249e-05 5.92357e-06 0)
(-1.11232e-05 8.42425e-06 0)
(-1.00238e-05 1.24591e-05 0)
(-6.77941e-06 1.59108e-05 0)
(-3.20409e-06 1.50171e-05 0)
(-1.13963e-06 1.33918e-05 0)
(-2.46343e-07 1.23815e-05 0)
(-3.38432e-07 -2.50696e-07 0)
(-1.59939e-06 -6.50262e-07 0)
(-1.81246e-06 -1.12852e-06 0)
(-1.86236e-06 -9.25109e-07 0)
(-1.84449e-06 -7.94715e-07 0)
(-1.78738e-06 -7.23658e-07 0)
(-1.70679e-06 -7.04283e-07 0)
(-1.61154e-06 -7.34677e-07 0)
(-1.50774e-06 -8.1886e-07 0)
(-1.40263e-06 -9.6795e-07 0)
(-1.30988e-06 -1.20273e-06 0)
(-1.25924e-06 -1.55835e-06 0)
(-1.31611e-06 -2.09263e-06 0)
(-1.62356e-06 -2.90027e-06 0)
(-2.49422e-06 -4.13737e-06 0)
(-3.81014e-06 -4.28107e-06 0)
(-4.88415e-06 -3.27854e-06 0)
(-5.46668e-06 -2.38009e-06 0)
(-5.76019e-06 -1.68433e-06 0)
(-5.9126e-06 -1.12987e-06 0)
(-6.00121e-06 -6.74343e-07 0)
(-6.06751e-06 -2.87165e-07 0)
(-6.13458e-06 5.48714e-08 0)
(-6.2158e-06 3.70392e-07 0)
(-6.31944e-06 6.75421e-07 0)
(-6.45086e-06 9.84932e-07 0)
(-6.61363e-06 1.31426e-06 0)
(-6.80969e-06 1.68056e-06 0)
(-7.0387e-06 2.10454e-06 0)
(-7.29615e-06 2.61255e-06 0)
(-7.56948e-06 3.23917e-06 0)
(-7.83052e-06 4.0298e-06 0)
(-8.0221e-06 5.04155e-06 0)
(-8.03668e-06 6.33611e-06 0)
(-7.69227e-06 7.9461e-06 0)
(-6.7485e-06 9.76068e-06 0)
(-5.15284e-06 1.11891e-05 0)
(-3.33629e-06 1.15871e-05 0)
(-1.7795e-06 1.14379e-05 0)
(-5.48664e-07 1.12334e-05 0)
(-2.36533e-07 -1.27424e-07 0)
(-1.4125e-06 -3.8701e-07 0)
(-1.58216e-06 -8.69969e-07 0)
(-1.66055e-06 -8.27782e-07 0)
(-1.71305e-06 -7.97202e-07 0)
(-1.74541e-06 -7.86593e-07 0)
(-1.76483e-06 -8.01275e-07 0)
(-1.77926e-06 -8.45523e-07 0)
(-1.7978e-06 -9.23582e-07 0)
(-1.83182e-06 -1.04005e-06 0)
(-1.8966e-06 -1.19951e-06 0)
(-2.01328e-06 -1.40465e-06 0)
(-2.21012e-06 -1.65156e-06 0)
(-2.52001e-06 -1.91834e-06 0)
(-2.96481e-06 -2.13945e-06 0)
(-3.50015e-06 -2.14805e-06 0)
(-4.01772e-06 -1.91478e-06 0)
(-4.44349e-06 -1.56697e-06 0)
(-4.76887e-06 -1.18498e-06 0)
(-5.01218e-06 -8.04985e-07 0)
(-5.19673e-06 -4.40547e-07 0)
(-5.34318e-06 -9.37529e-08 0)
(-5.46769e-06 2.39124e-07 0)
(-5.58209e-06 5.64822e-07 0)
(-5.69454e-06 8.91819e-07 0)
(-5.81015e-06 1.22989e-06 0)
(-5.93124e-06 1.59011e-06 0)
(-6.0572e-06 1.98517e-06 0)
(-6.18376e-06 2.42967e-06 0)
(-6.30157e-06 2.94049e-06 0)
(-6.3938e-06 3.5365e-06 0)
(-6.43275e-06 4.23714e-06 0)
(-6.37579e-06 5.05805e-06 0)
(-6.16274e-06 6.00103e-06 0)
(-5.72079e-06 7.03411e-06 0)
(-4.99001e-06 8.06011e-06 0)
(-3.98329e-06 8.89557e-06 0)
(-2.82444e-06 9.38777e-06 0)
(-1.65896e-06 9.59663e-06 0)
(-5.44314e-07 9.65494e-06 0)
(-2.65478e-07 -7.62555e-08 0)
(-1.41824e-06 -2.58394e-07 0)
(-1.58149e-06 -6.21068e-07 0)
(-1.66215e-06 -6.36753e-07 0)
(-1.73321e-06 -6.52503e-07 0)
(-1.79755e-06 -6.73153e-07 0)
(-1.8591e-06 -7.02521e-07 0)
(-1.92271e-06 -7.43506e-07 0)
(-1.99429e-06 -7.98007e-07 0)
(-2.08085e-06 -8.66632e-07 0)
(-2.1905e-06 -9.48075e-07 0)
(-2.33217e-06 -1.03797e-06 0)
(-2.51444e-06 -1.12712e-06 0)
(-2.74295e-06 -1.19926e-06 0)
(-3.0158e-06 -1.22966e-06 0)
(-3.31785e-06 -1.18914e-06 0)
(-3.62344e-06 -1.06772e-06 0)
(-3.90909e-06 -8.80121e-07 0)
(-4.16185e-06 -6.4707e-07 0)
(-4.37835e-06 -3.85952e-07 0)
(-4.56115e-06 -1.08555e-07 0)
(-4.71565e-06 1.78582e-07 0)
(-4.84786e-06 4.73112e-07 0)
(-4.96319e-06 7.75832e-07 0)
(-5.06573e-06 1.08987e-06 0)
(-5.15787e-06 1.42012e-06 0)
(-5.23994e-06 1.77289e-06 0)
(-5.30978e-06 2.1556e-06 0)
(-5.36219e-06 2.57651e-06 0)
(-5.38811e-06 3.04418e-06 0)
(-5.37366e-06 3.56645e-06 0)
(-5.2992e-06 4.14859e-06 0)
(-5.13905e-06 4.78994e-06 0)
(-4.86307e-06 5.4787e-06 0)
(-4.44216e-06 6.18532e-06 0)
(-3.85955e-06 6.85744e-06 0)
(-3.12584e-06 7.42592e-06 0)
(-2.28344e-06 7.83681e-06 0)
(-1.38477e-06 8.08584e-06 0)
(-4.63701e-07 8.1992e-06 0)
(-4.17939e-07 -4.20429e-08 0)
(-1.53854e-06 -1.63367e-07 0)
(-1.68277e-06 -4.13613e-07 0)
(-1.74617e-06 -4.46057e-07 0)
(-1.81085e-06 -4.74683e-07 0)
(-1.87739e-06 -5.01936e-07 0)
(-1.94722e-06 -5.29671e-07 0)
(-2.02249e-06 -5.591e-07 0)
(-2.10598e-06 -5.9063e-07 0)
(-2.20091e-06 -6.23627e-07 0)
(-2.31072e-06 -6.56128e-07 0)
(-2.4386e-06 -6.84491e-07 0)
(-2.58685e-06 -7.03096e-07 0)
(-2.75594e-06 -7.04305e-07 0)
(-2.94346e-06 -6.79127e-07 0)
(-3.14346e-06 -6.19215e-07 0)
(-3.34736e-06 -5.20279e-07 0)
(-3.5462e-06 -3.8344e-07 0)
(-3.73285e-06 -2.13325e-07 0)
(-3.90282e-06 -1.57188e-08 0)
(-4.05413e-06 2.04081e-07 0)
(-4.18659e-06 4.42121e-07 0)
(-4.30105e-06 6.961e-07 0)
(-4.39861e-06 9.65343e-07 0)
(-4.48009e-06 1.25063e-06 0)
(-4.54546e-06 1.55393e-06 0)
(-4.59349e-06 1.87816e-06 0)
(-4.62135e-06 2.22681e-06 0)
(-4.62416e-06 2.60353e-06 0)
(-4.5947e-06 3.01153e-06 0)
(-4.52308e-06 3.45266e-06 0)
(-4.39675e-06 3.92611e-06 0)
(-4.2011e-06 4.42659e-06 0)
(-3.92105e-06 4.94228e-06 0)
(-3.54414e-06 5.45303e-06 0)
(-3.06495e-06 5.93043e-06 0)
(-2.48933e-06 6.34216e-06 0)
(-1.83477e-06 6.6614e-06 0)
(-1.12444e-06 6.87523e-06 0)
(-3.79151e-07 6.98199e-06 0)
(-5.54091e-07 -2.64355e-08 0)
(-1.6479e-06 -1.01899e-07 0)
(-1.77979e-06 -2.60867e-07 0)
(-1.82918e-06 -2.87263e-07 0)
(-1.88356e-06 -3.10378e-07 0)
(-1.94286e-06 -3.30779e-07 0)
(-2.00746e-06 -3.48817e-07 0)
(-2.07813e-06 -3.64557e-07 0)
(-2.15593e-06 -3.77641e-07 0)
(-2.24207e-06 -3.87159e-07 0)
(-2.33776e-06 -3.9153e-07 0)
(-2.44395e-06 -3.88426e-07 0)
(-2.56103e-06 -3.74773e-07 0)
(-2.68854e-06 -3.469e-07 0)
(-2.82486e-06 -3.00925e-07 0)
(-2.96718e-06 -2.33387e-07 0)
(-3.11173e-06 -1.41993e-07 0)
(-3.25433e-06 -2.60223e-08 0)
(-3.39106e-06 1.13844e-07 0)
(-3.51865e-06 2.76031e-07 0)
(-3.63468e-06 4.5864e-07 0)
(-3.73749e-06 6.5992e-07 0)
(-3.82596e-06 8.78574e-07 0)
(-3.89922e-06 1.11392e-06 0)
(-3.95632e-06 1.36592e-06 0)
(-3.99592e-06 1.6351e-06 0)
(-4.01601e-06 1.9224e-06 0)
(-4.01365e-06 2.22892e-06 0)
(-3.98472e-06 2.5556e-06 0)
(-3.92382e-06 2.90274e-06 0)
(-3.82424e-06 3.26941e-06 0)
(-3.67819e-06 3.65267e-06 0)
(-3.47732e-06 4.04673e-06 0)
(-3.21385e-06 4.44219e-06 0)
(-2.88202e-06 4.82565e-06 0)
(-2.47997e-06 5.18033e-06 0)
(-2.01114e-06 5.48809e-06 0)
(-1.48435e-06 5.73262e-06 0)
(-9.12088e-07 5.90216e-06 0)
(-3.08154e-07 5.9894e-06 0)
(-6.4212e-07 -1.60788e-08 0)
(-1.71371e-06 -5.54433e-08 0)
(-1.84002e-06 -1.409e-07 0)
(-1.88165e-06 -1.55883e-07 0)
(-1.92798e-06 -1.68521e-07 0)
(-1.97903e-06 -1.78504e-07 0)
(-2.03496e-06 -1.85472e-07 0)
(-2.09606e-06 -1.88956e-07 0)
(-2.16269e-06 -1.88304e-07 0)
(-2.23521e-06 -1.82618e-07 0)
(-2.31395e-06 -1.70703e-07 0)
(-2.39901e-06 -1.5105e-07 0)
(-2.49024e-06 -1.21871e-07 0)
(-2.58701e-06 -8.11822e-08 0)
(-2.68825e-06 -2.69722e-08 0)
(-2.79231e-06 4.25847e-08 0)
(-2.89714e-06 1.289e-07 0)
(-3.00041e-06 2.32823e-07 0)
(-3.0997e-06 3.54619e-07 0)
(-3.19271e-06 4.94077e-07 0)
(-3.27736e-06 6.50674e-07 0)
(-3.35181e-06 8.23765e-07 0)
(-3.4144e-06 1.01274e-06 0)
(-3.46359e-06 1.21712e-06 0)
(-3.49776e-06 1.43661e-06 0)
(-3.51507e-06 1.67108e-06 0)
(-3.51333e-06 1.92045e-06 0)
(-3.48983e-06 2.18459e-06 0)
(-3.44125e-06 2.46304e-06 0)
(-3.36363e-06 2.75473e-06 0)
(-3.25245e-06 3.05765e-06 0)
(-3.10281e-06 3.36842e-06 0)
(-2.90987e-06 3.6819e-06 0)
(-2.66941e-06 3.99094e-06 0)
(-2.37867e-06 4.28631e-06 0)
(-2.03715e-06 4.5572e-06 0)
(-1.64719e-06 4.79208e-06 0)
(-1.21415e-06 4.98004e-06 0)
(-7.45886e-07 5.11186e-06 0)
(-2.52034e-07 5.1804e-06 0)
(-6.9487e-07 -4.97252e-09 0)
(-1.74558e-06 -1.38122e-08 0)
(-1.8685e-06 -3.79375e-08 0)
(-1.90478e-06 -4.36868e-08 0)
(-1.94448e-06 -4.73218e-08 0)
(-1.98773e-06 -4.83464e-08 0)
(-2.03468e-06 -4.62365e-08 0)
(-2.08545e-06 -4.04149e-08 0)
(-2.14016e-06 -3.02186e-08 0)
(-2.19888e-06 -1.48722e-08 0)
(-2.2616e-06 6.52856e-09 0)
(-2.32816e-06 3.5018e-08 0)
(-2.39823e-06 7.17404e-08 0)
(-2.47126e-06 1.17906e-07 0)
(-2.54644e-06 1.74721e-07 0)
(-2.62266e-06 2.43306e-07 0)
(-2.69859e-06 3.24607e-07 0)
(-2.77272e-06 4.19329e-07 0)
(-2.8434e-06 5.27907e-07 0)
(-2.90892e-06 6.50518e-07 0)
(-2.9676e-06 7.87123e-07 0)
(-3.01776e-06 9.37527e-07 0)
(-3.05778e-06 1.10144e-06 0)
(-3.08599e-06 1.27852e-06 0)
(-3.10068e-06 1.4684e-06 0)
(-3.10001e-06 1.67065e-06 0)
(-3.08189e-06 1.88475e-06 0)
(-3.04402e-06 2.10997e-06 0)
(-2.98377e-06 2.34524e-06 0)
(-2.89825e-06 2.58902e-06 0)
(-2.78436e-06 2.83901e-06 0)
(-2.63896e-06 3.09202e-06 0)
(-2.45914e-06 3.34378e-06 0)
(-2.24256e-06 3.58881e-06 0)
(-1.98791e-06 3.82052e-06 0)
(-1.69525e-06 4.03144e-06 0)
(-1.36641e-06 4.21368e-06 0)
(-1.00509e-06 4.35955e-06 0)
(-6.16723e-07 4.46213e-06 0)
(-2.08283e-07 4.51563e-06 0)
(-7.27233e-07 6.9922e-09 0)
(-1.75692e-06 2.43555e-08 0)
(-1.87649e-06 5.17743e-08 0)
(-1.90737e-06 5.20937e-08 0)
(-1.94057e-06 5.46867e-08 0)
(-1.97623e-06 5.99877e-08 0)
(-2.01446e-06 6.84562e-08 0)
(-2.05531e-06 8.05954e-08 0)
(-2.0988e-06 9.69619e-08 0)
(-2.1449e-06 1.18172e-07 0)
(-2.19346e-06 1.44906e-07 0)
(-2.24428e-06 1.77901e-07 0)
(-2.29701e-06 2.1794e-07 0)
(-2.35115e-06 2.65831e-07 0)
(-2.40607e-06 3.22371e-07 0)
(-2.46095e-06 3.88308e-07 0)
(-2.51483e-06 4.64304e-07 0)
(-2.56659e-06 5.50901e-07 0)
(-2.61503e-06 6.48492e-07 0)
(-2.65883e-06 7.5732e-07 0)
(-2.69662e-06 8.77475e-07 0)
(-2.72698e-06 1.00891e-06 0)
(-2.74846e-06 1.15145e-06 0)
(-2.75955e-06 1.30482e-06 0)
(-2.75866e-06 1.4686e-06 0)
(-2.74413e-06 1.64228e-06 0)
(-2.71417e-06 1.82515e-06 0)
(-2.66686e-06 2.01627e-06 0)
(-2.60017e-06 2.21439e-06 0)
(-2.51196e-06 2.41787e-06 0)
(-2.40007e-06 2.62451e-06 0)
(-2.26244e-06 2.83154e-06 0)
(-2.09727e-06 3.03544e-06 0)
(-1.90324e-06 3.232e-06 0)
(-1.67974e-06 3.41633e-06 0)
(-1.42713e-06 3.58302e-06 0)
(-1.1469e-06 3.72643e-06 0)
(-8.41792e-07 3.84096e-06 0)
(-5.15803e-07 3.92144e-06 0)
(-1.74081e-07 3.96343e-06 0)
(-7.47866e-07 1.85873e-08 0)
(-1.75627e-06 5.75432e-08 0)
(-1.8721e-06 1.26714e-07 0)
(-1.89689e-06 1.30937e-07 0)
(-1.92331e-06 1.37605e-07 0)
(-1.95142e-06 1.47055e-07 0)
(-1.98126e-06 1.59642e-07 0)
(-2.01284e-06 1.75756e-07 0)
(-2.04612e-06 1.95831e-07 0)
(-2.081e-06 2.20336e-07 0)
(-2.11731e-06 2.49778e-07 0)
(-2.15482e-06 2.84694e-07 0)
(-2.1932e-06 3.25641e-07 0)
(-2.23204e-06 3.73184e-07 0)
(-2.2708e-06 4.27877e-07 0)
(-2.30884e-06 4.90244e-07 0)
(-2.34541e-06 5.60755e-07 0)
(-2.37966e-06 6.39809e-07 0)
(-2.41063e-06 7.27712e-07 0)
(-2.43729e-06 8.24668e-07 0)
(-2.45851e-06 9.30769e-07 0)
(-2.47312e-06 1.04599e-06 0)
(-2.47988e-06 1.17019e-06 0)
(-2.47749e-06 1.3031e-06 0)
(-2.4646e-06 1.44431e-06 0)
(-2.43978e-06 1.59327e-06 0)
(-2.40155e-06 1.74923e-06 0)
(-2.34837e-06 1.91123e-06 0)
(-2.27865e-06 2.07804e-06 0)
(-2.19081e-06 2.24812e-06 0)
(-2.08332e-06 2.4195e-06 0)
(-1.95479e-06 2.58983e-06 0)
(-1.80408e-06 2.75627e-06 0)
(-1.63043e-06 2.91551e-06 0)
(-1.43361e-06 3.06384e-06 0)
(-1.21409e-06 3.19723e-06 0)
(-9.73119e-07 3.31149e-06 0)
(-7.12807e-07 3.40248e-06 0)
(-4.36178e-07 3.46631e-06 0)
(-1.47108e-07 3.49958e-06 0)
(-7.61095e-07 2.89268e-08 0)
(-1.74759e-06 8.43405e-08 0)
(-1.85927e-06 1.85006e-07 0)
(-1.87768e-06 1.91984e-07 0)
(-1.89728e-06 2.01421e-07 0)
(-1.91807e-06 2.13591e-07 0)
(-1.94003e-06 2.28766e-07 0)
(-1.9631e-06 2.47249e-07 0)
(-1.98721e-06 2.69373e-07 0)
(-2.01222e-06 2.95493e-07 0)
(-2.03796e-06 3.2599e-07 0)
(-2.0642e-06 3.61259e-07 0)
(-2.09065e-06 4.01704e-07 0)
(-2.11692e-06 4.47733e-07 0)
(-2.14259e-06 4.99739e-07 0)
(-2.16713e-06 5.58094e-07 0)
(-2.18992e-06 6.23133e-07 0)
(-2.21028e-06 6.95138e-07 0)
(-2.22745e-06 7.74329e-07 0)
(-2.24058e-06 8.60846e-07 0)
(-2.24876e-06 9.54746e-07 0)
(-2.25102e-06 1.05599e-06 0)
(-2.24633e-06 1.16442e-06 0)
(-2.2336e-06 1.27977e-06 0)
(-2.21171e-06 1.40165e-06 0)
(-2.17949e-06 1.52952e-06 0)
(-2.13572e-06 1.66265e-06 0)
(-2.07918e-06 1.80015e-06 0)
(-2.00865e-06 1.94089e-06 0)
(-1.92295e-06 2.08348e-06 0)
(-1.82096e-06 2.22625e-06 0)
(-1.70174e-06 2.36721e-06 0)
(-1.56453e-06 2.50408e-06 0)
(-1.40892e-06 2.63423e-06 0)
(-1.23487e-06 2.7548e-06 0)
(-1.04286e-06 2.86272e-06 0)
(-8.33932e-07 2.95479e-06 0)
(-6.09759e-07 3.0279e-06 0)
(-3.72664e-07 3.07908e-06 0)
(-1.25609e-07 3.10573e-06 0)
(-7.69203e-07 3.73469e-08 0)
(-1.73277e-06 1.04096e-07 0)
(-1.83982e-06 2.26324e-07 0)
(-1.8521e-06 2.35427e-07 0)
(-1.86525e-06 2.46849e-07 0)
(-1.87922e-06 2.60833e-07 0)
(-1.89395e-06 2.77607e-07 0)
(-1.90936e-06 2.97413e-07 0)
(-1.92533e-06 3.20514e-07 0)
(-1.94174e-06 3.47186e-07 0)
(-1.95839e-06 3.77719e-07 0)
(-1.97507e-06 4.12407e-07 0)
(-1.99152e-06 4.51551e-07 0)
(-2.00742e-06 4.95445e-07 0)
(-2.02238e-06 5.44373e-07 0)
(-2.03597e-06 5.98598e-07 0)
(-2.04769e-06 6.58355e-07 0)
(-2.05697e-06 7.23836e-07 0)
(-2.06319e-06 7.95186e-07 0)
(-2.06566e-06 8.72488e-07 0)
(-2.06362e-06 9.55753e-07 0)
(-2.05629e-06 1.04491e-06 0)
(-2.04282e-06 1.1398e-06 0)
(-2.02231e-06 1.24016e-06 0)
(-1.99384e-06 1.34561e-06 0)
(-1.95645e-06 1.45564e-06 0)
(-1.90919e-06 1.56959e-06 0)
(-1.85107e-06 1.68664e-06 0)
(-1.78116e-06 1.8058e-06 0)
(-1.69856e-06 1.92586e-06 0)
(-1.60246e-06 2.04541e-06 0)
(-1.49219e-06 2.1628e-06 0)
(-1.36727e-06 2.27618e-06 0)
(-1.22745e-06 2.38345e-06 0)
(-1.0728e-06 2.48237e-06 0)
(-9.03778e-07 2.57054e-06 0)
(-7.21241e-07 2.64552e-06 0)
(-5.26526e-07 2.70489e-06 0)
(-3.21444e-07 2.74638e-06 0)
(-1.08284e-07 2.76795e-06 0)
(-7.73366e-07 4.3589e-08 0)
(-1.71284e-06 1.17076e-07 0)
(-1.81485e-06 2.5185e-07 0)
(-1.82164e-06 2.62554e-07 0)
(-1.829e-06 2.75362e-07 0)
(-1.83685e-06 2.9051e-07 0)
(-1.84513e-06 3.08195e-07 0)
(-1.85374e-06 3.28624e-07 0)
(-1.86258e-06 3.52011e-07 0)
(-1.8715e-06 3.78574e-07 0)
(-1.88034e-06 4.08535e-07 0)
(-1.88891e-06 4.4212e-07 0)
(-1.89697e-06 4.79549e-07 0)
(-1.90424e-06 5.21038e-07 0)
(-1.91039e-06 5.66789e-07 0)
(-1.91506e-06 6.16987e-07 0)
(-1.91784e-06 6.71789e-07 0)
(-1.91824e-06 7.31323e-07 0)
(-1.91576e-06 7.9567e-07 0)
(-1.90983e-06 8.64867e-07 0)
(-1.89983e-06 9.38887e-07 0)
(-1.88511e-06 1.01764e-06 0)
(-1.86498e-06 1.10095e-06 0)
(-1.83871e-06 1.18855e-06 0)
(-1.80554e-06 1.2801e-06 0)
(-1.76472e-06 1.37513e-06 0)
(-1.71545e-06 1.47304e-06 0)
(-1.65699e-06 1.57311e-06 0)
(-1.5886e-06 1.67447e-06 0)
(-1.5096e-06 1.7761e-06 0)
(-1.41939e-06 1.8768e-06 0)
(-1.31749e-06 1.97522e-06 0)
(-1.20357e-06 2.06983e-06 0)
(-1.07751e-06 2.15897e-06 0)
(-9.39421e-07 2.24085e-06 0)
(-7.89702e-07 2.31357e-06 0)
(-6.29071e-07 2.37523e-06 0)
(-4.58596e-07 2.42394e-06 0)
(-2.79703e-07 2.45792e-06 0)
(-9.41765e-08 2.47556e-06 0)
(-7.74071e-07 4.76172e-08 0)
(-1.68876e-06 1.24031e-07 0)
(-1.78589e-06 2.63489e-07 0)
(-1.78788e-06 2.75151e-07 0)
(-1.7901e-06 2.8875e-07 0)
(-1.79251e-06 3.045e-07 0)
(-1.79507e-06 3.22571e-07 0)
(-1.79768e-06 3.43132e-07 0)
(-1.80026e-06 3.66356e-07 0)
(-1.80268e-06 3.92412e-07 0)
(-1.80481e-06 4.2147e-07 0)
(-1.80647e-06 4.53699e-07 0)
(-1.80744e-06 4.89259e-07 0)
(-1.80751e-06 5.28305e-07 0)
(-1.80638e-06 5.70977e-07 0)
(-1.80376e-06 6.17401e-07 0)
(-1.79928e-06 6.67677e-07 0)
(-1.79256e-06 7.21879e-07 0)
(-1.78317e-06 7.80044e-07 0)
(-1.77064e-06 8.42169e-07 0)
(-1.75446e-06 9.082e-07 0)
(-1.7341e-06 9.78027e-07 0)
(-1.70899e-06 1.05147e-06 0)
(-1.67854e-06 1.12829e-06 0)
(-1.64213e-06 1.20814e-06 0)
(-1.59915e-06 1.29061e-06 0)
(-1.54899e-06 1.37516e-06 0)
(-1.49103e-06 1.46117e-06 0)
(-1.42472e-06 1.54789e-06 0)
(-1.34952e-06 1.63444e-06 0)
(-1.26499e-06 1.71983e-06 0)
(-1.17077e-06 1.80293e-06 0)
(-1.06666e-06 1.8825e-06 0)
(-9.52578e-07 1.95718e-06 0)
(-8.28662e-07 2.02554e-06 0)
(-6.95254e-07 2.08608e-06 0)
(-5.52948e-07 2.13727e-06 0)
(-4.026e-07 2.17762e-06 0)
(-2.4534e-07 2.20573e-06 0)
(-8.25701e-08 2.22031e-06 0)
(-7.71316e-07 4.92681e-08 0)
(-1.6617e-06 1.25356e-07 0)
(-1.75514e-06 2.62594e-07 0)
(-1.75263e-06 2.74593e-07 0)
(-1.75009e-06 2.88466e-07 0)
(-1.74753e-06 3.04382e-07 0)
(-1.74489e-06 3.2247e-07 0)
(-1.74213e-06 3.42857e-07 0)
(-1.73917e-06 3.65668e-07 0)
(-1.73591e-06 3.91027e-07 0)
(-1.73222e-06 4.19057e-07 0)
(-1.72796e-06 4.49876e-07 0)
(-1.72294e-06 4.83598e-07 0)
(-1.71697e-06 5.20327e-07 0)
(-1.70981e-06 5.60157e-07 0)
(-1.7012e-06 6.03164e-07 0)
(-1.69084e-06 6.49406e-07 0)
(-1.67839e-06 6.98917e-07 0)
(-1.66352e-06 7.51699e-07 0)
(-1.64582e-06 8.07721e-07 0)
(-1.62488e-06 8.66909e-07 0)
(-1.60026e-06 9.2914e-07 0)
(-1.57149e-06 9.94238e-07 0)
(-1.53809e-06 1.06197e-06 0)
(-1.49956e-06 1.13202e-06 0)
(-1.4554e-06 1.20401e-06 0)
(-1.40513e-06 1.27748e-06 0)
(-1.34826e-06 1.35188e-06 0)
(-1.28434e-06 1.42656e-06 0)
(-1.21298e-06 1.50079e-06 0)
(-1.13382e-06 1.57373e-06 0)
(-1.04662e-06 1.64444e-06 0)
(-9.51221e-07 1.71189e-06 0)
(-8.47594e-07 1.775e-06 0)
(-7.35866e-07 1.83258e-06 0)
(-6.16332e-07 1.88343e-06 0)
(-4.89476e-07 1.92634e-06 0)
(-3.55989e-07 1.9601e-06 0)
(-2.16769e-07 1.98358e-06 0)
(-7.2926e-08 1.99575e-06 0)
(-7.65e-07 4.84037e-08 0)
(-1.63247e-06 1.20831e-07 0)
(-1.72418e-06 2.49463e-07 0)
(-1.71718e-06 2.61427e-07 0)
(-1.71001e-06 2.75311e-07 0)
(-1.7027e-06 2.91207e-07 0)
(-1.69523e-06 3.09182e-07 0)
(-1.68756e-06 3.2931e-07 0)
(-1.67962e-06 3.51668e-07 0)
(-1.67133e-06 3.76335e-07 0)
(-1.66257e-06 4.03391e-07 0)
(-1.65321e-06 4.32912e-07 0)
(-1.6431e-06 4.64971e-07 0)
(-1.63206e-06 4.99633e-07 0)
(-1.61989e-06 5.36953e-07 0)
(-1.60637e-06 5.76972e-07 0)
(-1.59123e-06 6.19714e-07 0)
(-1.57421e-06 6.65183e-07 0)
(-1.55501e-06 7.13355e-07 0)
(-1.53329e-06 7.64179e-07 0)
(-1.50873e-06 8.17566e-07 0)
(-1.48094e-06 8.73388e-07 0)
(-1.44955e-06 9.31473e-07 0)
(-1.41415e-06 9.91596e-07 0)
(-1.37436e-06 1.05348e-06 0)
(-1.32976e-06 1.11677e-06 0)
(-1.27995e-06 1.18108e-06 0)
(-1.22456e-06 1.24591e-06 0)
(-1.16322e-06 1.31073e-06 0)
(-1.09563e-06 1.37489e-06 0)
(-1.02152e-06 1.43769e-06 0)
(-9.40704e-07 1.49835e-06 0)
(-8.53062e-07 1.55604e-06 0)
(-7.58594e-07 1.60983e-06 0)
(-6.57412e-07 1.65878e-06 0)
(-5.49764e-07 1.70191e-06 0)
(-4.36046e-07 1.73821e-06 0)
(-3.16812e-07 1.76673e-06 0)
(-1.9278e-07 1.78654e-06 0)
(-6.48327e-08 1.7968e-06 0)
(-7.59031e-07 4.40333e-08 0)
(-1.60345e-06 1.09181e-07 0)
(-1.69396e-06 2.23082e-07 0)
(-1.68198e-06 2.35345e-07 0)
(-1.67003e-06 2.4951e-07 0)
(-1.65806e-06 2.65609e-07 0)
(-1.64602e-06 2.83665e-07 0)
(-1.63382e-06 3.03714e-07 0)
(-1.6214e-06 3.25796e-07 0)
(-1.60865e-06 3.49959e-07 0)
(-1.59547e-06 3.7625e-07 0)
(-1.58173e-06 4.04716e-07 0)
(-1.5673e-06 4.35398e-07 0)
(-1.55201e-06 4.68332e-07 0)
(-1.53569e-06 5.03545e-07 0)
(-1.51815e-06 5.4105e-07 0)
(-1.49917e-06 5.80848e-07 0)
(-1.47851e-06 6.22917e-07 0)
(-1.45592e-06 6.67218e-07 0)
(-1.43113e-06 7.13684e-07 0)
(-1.40385e-06 7.62219e-07 0)
(-1.37378e-06 8.12692e-07 0)
(-1.34059e-06 8.64937e-07 0)
(-1.30397e-06 9.18744e-07 0)
(-1.26357e-06 9.73857e-07 0)
(-1.21908e-06 1.02997e-06 0)
(-1.17016e-06 1.08673e-06 0)
(-1.11652e-06 1.1437e-06 0)
(-1.05786e-06 1.20043e-06 0)
(-9.93939e-07 1.25637e-06 0)
(-9.2455e-07 1.31093e-06 0)
(-8.49544e-07 1.36345e-06 0)
(-7.68842e-07 1.41324e-06 0)
(-6.82447e-07 1.45953e-06 0)
(-5.90456e-07 1.50154e-06 0)
(-4.93075e-07 1.53847e-06 0)
(-3.90626e-07 1.5695e-06 0)
(-2.83555e-07 1.59383e-06 0)
(-1.72436e-07 1.61071e-06 0)
(-5.79724e-08 1.61945e-06 0)
(-7.52795e-07 3.48142e-08 0)
(-1.57263e-06 8.94539e-08 0)
(-1.66145e-06 1.83113e-07 0)
(-1.64493e-06 1.96559e-07 0)
(-1.62864e-06 2.11659e-07 0)
(-1.61248e-06 2.28464e-07 0)
(-1.59635e-06 2.47006e-07 0)
(-1.58016e-06 2.6732e-07 0)
(-1.5638e-06 2.89442e-07 0)
(-1.54719e-06 3.13404e-07 0)
(-1.53021e-06 3.3924e-07 0)
(-1.51276e-06 3.66978e-07 0)
(-1.4947e-06 3.96639e-07 0)
(-1.47589e-06 4.2824e-07 0)
(-1.45617e-06 4.61787e-07 0)
(-1.43539e-06 4.97274e-07 0)
(-1.41334e-06 5.34682e-07 0)
(-1.38984e-06 5.73978e-07 0)
(-1.36466e-06 6.15106e-07 0)
(-1.33758e-06 6.5799e-07 0)
(-1.30834e-06 7.02532e-07 0)
(-1.2767e-06 7.486e-07 0)
(-1.24239e-06 7.96037e-07 0)
(-1.20514e-06 8.44645e-07 0)
(-1.16467e-06 8.94194e-07 0)
(-1.12072e-06 9.4441e-07 0)
(-1.07301e-06 9.94974e-07 0)
(-1.0213e-06 1.04552e-06 0)
(-9.65365e-07 1.09565e-06 0)
(-9.04993e-07 1.1449e-06 0)
(-8.40025e-07 1.19275e-06 0)
(-7.70342e-07 1.23867e-06 0)
(-6.95884e-07 1.28206e-06 0)
(-6.16658e-07 1.32229e-06 0)
(-5.32745e-07 1.35872e-06 0)
(-4.44314e-07 1.39066e-06 0)
(-3.51624e-07 1.41745e-06 0)
(-2.55034e-07 1.43843e-06 0)
(-1.55005e-07 1.45297e-06 0)
(-5.20972e-08 1.4605e-06 0)
(-7.43462e-07 2.10525e-08 0)
(-1.53702e-06 6.29339e-08 0)
(-1.62375e-06 1.3208e-07 0)
(-1.60391e-06 1.47117e-07 0)
(-1.58424e-06 1.63524e-07 0)
(-1.56469e-06 1.81378e-07 0)
(-1.54518e-06 2.0073e-07 0)
(-1.52564e-06 2.21625e-07 0)
(-1.50598e-06 2.44099e-07 0)
(-1.48612e-06 2.68182e-07 0)
(-1.46597e-06 2.93897e-07 0)
(-1.44543e-06 3.21261e-07 0)
(-1.42438e-06 3.50283e-07 0)
(-1.4027e-06 3.80965e-07 0)
(-1.38026e-06 4.13297e-07 0)
(-1.35691e-06 4.47261e-07 0)
(-1.33249e-06 4.82825e-07 0)
(-1.30683e-06 5.19941e-07 0)
(-1.27973e-06 5.58548e-07 0)
(-1.25101e-06 5.98563e-07 0)
(-1.22046e-06 6.39885e-07 0)
(-1.18786e-06 6.82387e-07 0)
(-1.15298e-06 7.25918e-07 0)
(-1.1156e-06 7.70298e-07 0)
(-1.07549e-06 8.15314e-07 0)
(-1.03242e-06 8.60723e-07 0)
(-9.8618e-07 9.06243e-07 0)
(-9.36552e-07 9.51559e-07 0)
(-8.83352e-07 9.96314e-07 0)
(-8.26413e-07 1.04012e-06 0)
(-7.65603e-07 1.08253e-06 0)
(-7.00825e-07 1.1231e-06 0)
(-6.32033e-07 1.16131e-06 0)
(-5.5923e-07 1.19665e-06 0)
(-4.82485e-07 1.22857e-06 0)
(-4.01931e-07 1.2565e-06 0)
(-3.17779e-07 1.27988e-06 0)
(-2.30316e-07 1.29816e-06 0)
(-1.39911e-07 1.31082e-06 0)
(-4.70117e-08 1.31737e-06 0)
(-7.31354e-07 3.15113e-09 0)
(-1.49701e-06 3.11332e-08 0)
(-1.58136e-06 7.28924e-08 0)
(-1.55889e-06 8.9396e-08 0)
(-1.53651e-06 1.07123e-07 0)
(-1.51419e-06 1.26133e-07 0)
(-1.4919e-06 1.46469e-07 0)
(-1.46958e-06 1.68167e-07 0)
(-1.44719e-06 1.91255e-07 0)
(-1.42465e-06 2.15752e-07 0)
(-1.4019e-06 2.4167e-07 0)
(-1.37885e-06 2.69014e-07 0)
(-1.35541e-06 2.9778e-07 0)
(-1.33146e-06 3.27957e-07 0)
(-1.3069e-06 3.59522e-07 0)
(-1.2816e-06 3.92445e-07 0)
(-1.25541e-06 4.26682e-07 0)
(-1.22819e-06 4.62178e-07 0)
(-1.19977e-06 4.98865e-07 0)
(-1.17e-06 5.36657e-07 0)
(-1.13868e-06 5.75452e-07 0)
(-1.10563e-06 6.15129e-07 0)
(-1.07066e-06 6.55543e-07 0)
(-1.03358e-06 6.9653e-07 0)
(-9.94192e-07 7.37896e-07 0)
(-9.52303e-07 7.79423e-07 0)
(-9.07728e-07 8.20864e-07 0)
(-8.60295e-07 8.6194e-07 0)
(-8.09845e-07 9.02344e-07 0)
(-7.5624e-07 9.41736e-07 0)
(-6.99368e-07 9.79747e-07 0)
(-6.39151e-07 1.01598e-06 0)
(-5.75546e-07 1.05001e-06 0)
(-5.08556e-07 1.08139e-06 0)
(-4.38235e-07 1.10967e-06 0)
(-3.64689e-07 1.13436e-06 0)
(-2.88086e-07 1.15499e-06 0)
(-2.08656e-07 1.17111e-06 0)
(-1.26695e-07 1.18225e-06 0)
(-4.25612e-08 1.18801e-06 0)
(-7.16242e-07 -1.96911e-08 0)
(-1.45286e-06 -6.03544e-09 0)
(-1.53506e-06 6.84037e-09 0)
(-1.51022e-06 2.47335e-08 0)
(-1.48545e-06 4.38006e-08 0)
(-1.46074e-06 6.40645e-08 0)
(-1.43608e-06 8.55456e-08 0)
(-1.41144e-06 1.0826e-07 0)
(-1.38678e-06 1.32219e-07 0)
(-1.36206e-06 1.57424e-07 0)
(-1.33721e-06 1.83874e-07 0)
(-1.31217e-06 2.11555e-07 0)
(-1.28686e-06 2.40451e-07 0)
(-1.26119e-06 2.70534e-07 0)
(-1.23506e-06 3.01769e-07 0)
(-1.20835e-06 3.34115e-07 0)
(-1.18095e-06 3.67517e-07 0)
(-1.15273e-06 4.01914e-07 0)
(-1.12353e-06 4.37231e-07 0)
(-1.09322e-06 4.73382e-07 0)
(-1.06163e-06 5.10266e-07 0)
(-1.0286e-06 5.47765e-07 0)
(-9.93966e-07 5.85747e-07 0)
(-9.57558e-07 6.24058e-07 0)
(-9.19209e-07 6.62524e-07 0)
(-8.78753e-07 7.0095e-07 0)
(-8.36032e-07 7.39118e-07 0)
(-7.90898e-07 7.76784e-07 0)
(-7.43215e-07 8.13679e-07 0)
(-6.92866e-07 8.49512e-07 0)
(-6.39757e-07 8.83964e-07 0)
(-5.83817e-07 9.16695e-07 0)
(-5.25011e-07 9.47344e-07 0)
(-4.63338e-07 9.75531e-07 0)
(-3.98837e-07 1.00086e-06 0)
(-3.31594e-07 1.02294e-06 0)
(-2.61741e-07 1.04136e-06 0)
(-1.89462e-07 1.05572e-06 0)
(-1.14994e-07 1.06564e-06 0)
(-3.86223e-08 1.07077e-06 0)
(-6.983e-07 -4.8227e-08 0)
(-1.40473e-06 -4.94931e-08 0)
(-1.48486e-06 -6.58092e-08 0)
(-1.45771e-06 -4.62763e-08 0)
(-1.43073e-06 -2.56526e-08 0)
(-1.4039e-06 -3.91406e-09 0)
(-1.37719e-06 1.89554e-08 0)
(-1.35057e-06 4.29604e-08 0)
(-1.32404e-06 6.80949e-08 0)
(-1.29754e-06 9.43438e-08 0)
(-1.27104e-06 1.21684e-07 0)
(-1.24448e-06 1.50085e-07 0)
(-1.2178e-06 1.7951e-07 0)
(-1.19091e-06 2.09916e-07 0)
(-1.16373e-06 2.41254e-07 0)
(-1.13615e-06 2.73469e-07 0)
(-1.10807e-06 3.06501e-07 0)
(-1.07935e-06 3.40278e-07 0)
(-1.04988e-06 3.74725e-07 0)
(-1.01952e-06 4.09752e-07 0)
(-9.88116e-07 4.45264e-07 0)
(-9.55535e-07 4.81148e-07 0)
(-9.21624e-07 5.17282e-07 0)
(-8.86235e-07 5.53526e-07 0)
(-8.4922e-07 5.89723e-07 0)
(-8.10434e-07 6.257e-07 0)
(-7.69739e-07 6.61265e-07 0)
(-7.27007e-07 6.96204e-07 0)
(-6.82119e-07 7.30285e-07 0)
(-6.34974e-07 7.63254e-07 0)
(-5.85489e-07 7.94838e-07 0)
(-5.33604e-07 8.24743e-07 0)
(-4.79284e-07 8.52661e-07 0)
(-4.22526e-07 8.78266e-07 0)
(-3.63359e-07 9.01222e-07 0)
(-3.01849e-07 9.21185e-07 0)
(-2.381e-07 9.37811e-07 0)
(-1.72259e-07 9.50757e-07 0)
(-1.04514e-07 9.59692e-07 0)
(-3.50962e-08 9.64303e-07 0)
(-6.77611e-07 -8.25671e-08 0)
(-1.35156e-06 -9.87812e-08 0)
(-1.42909e-06 -1.43978e-07 0)
(-1.40027e-06 -1.22761e-07 0)
(-1.37152e-06 -1.0045e-07 0)
(-1.34288e-06 -7.70225e-08 0)
(-1.31441e-06 -5.24804e-08 0)
(-1.28614e-06 -2.68465e-08 0)
(-1.25807e-06 -1.58243e-10 0)
(-1.23018e-06 2.75376e-08 0)
(-1.20245e-06 5.61879e-08 0)
(-1.17483e-06 8.57355e-08 0)
(-1.14726e-06 1.16121e-07 0)
(-1.11966e-06 1.47281e-07 0)
(-1.09195e-06 1.79153e-07 0)
(-1.06402e-06 2.1167e-07 0)
(-1.03576e-06 2.44763e-07 0)
(-1.00707e-06 2.78357e-07 0)
(-9.77819e-07 3.12375e-07 0)
(-9.47875e-07 3.46731e-07 0)
(-9.17109e-07 3.81333e-07 0)
(-8.85386e-07 4.16077e-07 0)
(-8.52572e-07 4.50853e-07 0)
(-8.1853e-07 4.85534e-07 0)
(-7.83129e-07 5.19983e-07 0)
(-7.46238e-07 5.54047e-07 0)
(-7.07738e-07 5.87557e-07 0)
(-6.67512e-07 6.20328e-07 0)
(-6.25459e-07 6.52157e-07 0)
(-5.81488e-07 6.82827e-07 0)
(-5.35528e-07 7.121e-07 0)
(-4.87523e-07 7.39725e-07 0)
(-4.37442e-07 7.65435e-07 0)
(-3.85278e-07 7.88952e-07 0)
(-3.31051e-07 8.09984e-07 0)
(-2.74813e-07 8.28237e-07 0)
(-2.16646e-07 8.43412e-07 0)
(-1.56666e-07 8.55212e-07 0)
(-9.50236e-08 8.63348e-07 0)
(-3.1904e-08 8.67544e-07 0)
(-6.52774e-07 -1.23576e-07 0)
(-1.29346e-06 -1.53665e-07 0)
(-1.36937e-06 -2.27124e-07 0)
(-1.33852e-06 -2.04487e-07 0)
(-1.30772e-06 -1.80384e-07 0)
(-1.27715e-06 -1.5494e-07 0)
(-1.24694e-06 -1.2827e-07 0)
(-1.21715e-06 -1.00488e-07 0)
(-1.1878e-06 -7.17024e-08 0)
(-1.15887e-06 -4.20176e-08 0)
(-1.13034e-06 -1.1531e-08 0)
(-1.10214e-06 1.96657e-08 0)
(-1.0742e-06 5.14869e-08 0)
(-1.04643e-06 8.38517e-08 0)
(-1.01874e-06 1.16684e-07 0)
(-9.91011e-07 1.49908e-07 0)
(-9.63139e-07 1.83453e-07 0)
(-9.35e-07 2.17246e-07 0)
(-9.06472e-07 2.5121e-07 0)
(-8.77428e-07 2.85269e-07 0)
(-8.47742e-07 3.19339e-07 0)
(-8.17285e-07 3.53328e-07 0)
(-7.85932e-07 3.87139e-07 0)
(-7.53558e-07 4.20662e-07 0)
(-7.20042e-07 4.53778e-07 0)
(-6.85268e-07 4.86354e-07 0)
(-6.49128e-07 5.18245e-07 0)
(-6.1152e-07 5.49292e-07 0)
(-5.72352e-07 5.79319e-07 0)
(-5.31548e-07 6.08139e-07 0)
(-4.8904e-07 6.35548e-07 0)
(-4.44782e-07 6.61328e-07 0)
(-3.98743e-07 6.85249e-07 0)
(-3.50915e-07 7.0707e-07 0)
(-3.01313e-07 7.26541e-07 0)
(-2.49974e-07 7.43405e-07 0)
(-1.96965e-07 7.574e-07 0)
(-1.42378e-07 7.68269e-07 0)
(-8.63345e-08 7.75755e-07 0)
(-2.89827e-08 7.79614e-07 0)
(-6.21668e-07 -1.75174e-07 0)
(-1.23018e-06 -2.19551e-07 0)
(-1.30724e-06 -3.19414e-07 0)
(-1.27229e-06 -2.94014e-07 0)
(-1.23826e-06 -2.66837e-07 0)
(-1.20519e-06 -2.38183e-07 0)
(-1.17307e-06 -2.08296e-07 0)
(-1.14189e-06 -1.77385e-07 0)
(-1.11159e-06 -1.45631e-07 0)
(-1.08209e-06 -1.13191e-07 0)
(-1.05331e-06 -8.01974e-08 0)
(-1.02515e-06 -4.67674e-08 0)
(-9.97488e-07 -1.30013e-08 0)
(-9.70209e-07 2.10131e-08 0)
(-9.43189e-07 5.51979e-08 0)
(-9.16301e-07 8.94827e-08 0)
(-8.89415e-07 1.23802e-07 0)
(-8.62404e-07 1.58092e-07 0)
(-8.35138e-07 1.92291e-07 0)
(-8.07491e-07 2.26333e-07 0)
(-7.79337e-07 2.60151e-07 0)
(-7.50554e-07 2.93668e-07 0)
(-7.21024e-07 3.26805e-07 0)
(-6.90631e-07 3.59471e-07 0)
(-6.59265e-07 3.91565e-07 0)
(-6.26823e-07 4.22977e-07 0)
(-5.93207e-07 4.53582e-07 0)
(-5.58327e-07 4.83246e-07 0)
(-5.22104e-07 5.11818e-07 0)
(-4.8447e-07 5.39138e-07 0)
(-4.45366e-07 5.6503e-07 0)
(-4.04752e-07 5.89306e-07 0)
(-3.626e-07 6.11767e-07 0)
(-3.18901e-07 6.32204e-07 0)
(-2.73666e-07 6.50398e-07 0)
(-2.26924e-07 6.66126e-07 0)
(-1.78729e-07 6.79157e-07 0)
(-1.29154e-07 6.89264e-07 0)
(-7.82987e-08 6.96219e-07 0)
(-2.62821e-08 6.99802e-07 0)
(-5.85765e-07 -2.42153e-07 0)
(-1.15734e-06 -3.03697e-07 0)
(-1.23366e-06 -4.2477e-07 0)
(-1.19456e-06 -3.93279e-07 0)
(-1.15756e-06 -3.60391e-07 0)
(-1.12247e-06 -3.26403e-07 0)
(-1.08913e-06 -2.91578e-07 0)
(-1.05735e-06 -2.56143e-07 0)
(-1.02697e-06 -2.20293e-07 0)
(-9.97826e-07 -1.8419e-07 0)
(-9.69733e-07 -1.47966e-07 0)
(-9.42524e-07 -1.11728e-07 0)
(-9.1603e-07 -7.55615e-08 0)
(-8.90088e-07 -3.95363e-08 0)
(-8.64539e-07 -3.70892e-09 0)
(-8.39231e-07 3.18728e-08 0)
(-8.14019e-07 6.71663e-08 0)
(-7.88764e-07 1.02132e-07 0)
(-7.63331e-07 1.36728e-07 0)
(-7.37594e-07 1.70914e-07 0)
(-7.11431e-07 2.04642e-07 0)
(-6.84727e-07 2.37858e-07 0)
(-6.57372e-07 2.70502e-07 0)
(-6.29262e-07 3.02504e-07 0)
(-6.00298e-07 3.33785e-07 0)
(-5.7039e-07 3.64255e-07 0)
(-5.39451e-07 3.9381e-07 0)
(-5.07406e-07 4.22338e-07 0)
(-4.74186e-07 4.49712e-07 0)
(-4.39733e-07 4.75794e-07 0)
(-4.03998e-07 5.00432e-07 0)
(-3.66946e-07 5.23465e-07 0)
(-3.28554e-07 5.4472e-07 0)
(-2.88815e-07 5.64013e-07 0)
(-2.47737e-07 5.81153e-07 0)
(-2.05344e-07 5.95942e-07 0)
(-1.61679e-07 6.08178e-07 0)
(-1.16804e-07 6.17657e-07 0)
(-7.07992e-08 6.24174e-07 0)
(-2.37626e-08 6.27529e-07 0)
(-5.45836e-07 -3.26071e-07 0)
(-1.06836e-06 -4.06458e-07 0)
(-1.13636e-06 -5.38995e-07 0)
(-1.096e-06 -4.98653e-07 0)
(-1.05838e-06 -4.576e-07 0)
(-1.02335e-06 -4.16206e-07 0)
(-9.90678e-07 -3.74759e-07 0)
(-9.60093e-07 -3.33479e-07 0)
(-9.31315e-07 -2.92529e-07 0)
(-9.04071e-07 -2.52027e-07 0)
(-8.781e-07 -2.12051e-07 0)
(-8.53158e-07 -1.72652e-07 0)
(-8.29021e-07 -1.3386e-07 0)
(-8.05486e-07 -9.56909e-08 0)
(-7.82365e-07 -5.81512e-08 0)
(-7.5949e-07 -2.12436e-08 0)
(-7.36706e-07 1.50308e-08 0)
(-7.13871e-07 5.06688e-08 0)
(-6.90856e-07 8.56636e-08 0)
(-6.67541e-07 1.20002e-07 0)
(-6.43814e-07 1.53665e-07 0)
(-6.19572e-07 1.86624e-07 0)
(-5.94719e-07 2.1884e-07 0)
(-5.69166e-07 2.50266e-07 0)
(-5.42829e-07 2.80841e-07 0)
(-5.15632e-07 3.10497e-07 0)
(-4.87505e-07 3.39149e-07 0)
(-4.58385e-07 3.66704e-07 0)
(-4.28216e-07 3.93056e-07 0)
(-3.96952e-07 4.18085e-07 0)
(-3.64554e-07 4.41662e-07 0)
(-3.30995e-07 4.63645e-07 0)
(-2.96256e-07 4.83883e-07 0)
(-2.60334e-07 5.02215e-07 0)
(-2.23236e-07 5.18471e-07 0)
(-1.84984e-07 5.32475e-07 0)
(-1.45614e-07 5.44046e-07 0)
(-1.05179e-07 5.52999e-07 0)
(-6.37444e-08 5.59151e-07 0)
(-2.13934e-08 5.62317e-07 0)
(-4.93504e-07 -4.30265e-07 0)
(-9.56792e-07 -5.32264e-07 0)
(-1.01187e-06 -6.56486e-07 0)
(-9.71661e-07 -6.03855e-07 0)
(-9.35778e-07 -5.51977e-07 0)
(-9.03548e-07 -5.01242e-07 0)
(-8.74347e-07 -4.51857e-07 0)
(-8.47621e-07 -4.03909e-07 0)
(-8.22886e-07 -3.57415e-07 0)
(-7.99727e-07 -3.12344e-07 0)
(-7.7779e-07 -2.6864e-07 0)
(-7.56774e-07 -2.26232e-07 0)
(-7.36421e-07 -1.85044e-07 0)
(-7.16514e-07 -1.45001e-07 0)
(-6.96864e-07 -1.06032e-07 0)
(-6.7731e-07 -6.80768e-08 0)
(-6.5771e-07 -3.10804e-08 0)
(-6.3794e-07 4.99973e-09 0)
(-6.17888e-07 4.01954e-08 0)
(-5.97458e-07 7.45266e-08 0)
(-5.76557e-07 1.08002e-07 0)
(-5.55106e-07 1.40616e-07 0)
(-5.33028e-07 1.72354e-07 0)
(-5.10256e-07 2.03186e-07 0)
(-4.86725e-07 2.33072e-07 0)
(-4.62378e-07 2.61957e-07 0)
(-4.37162e-07 2.89775e-07 0)
(-4.1103e-07 3.16448e-07 0)
(-3.83942e-07 3.41885e-07 0)
(-3.55862e-07 3.65984e-07 0)
(-3.26764e-07 3.88631e-07 0)
(-2.96629e-07 4.09702e-07 0)
(-2.65446e-07 4.29062e-07 0)
(-2.33215e-07 4.46568e-07 0)
(-1.99944e-07 4.62068e-07 0)
(-1.65654e-07 4.75403e-07 0)
(-1.30379e-07 4.86409e-07 0)
(-9.41631e-08 4.94918e-07 0)
(-5.70634e-08 5.0076e-07 0)
(-1.91503e-08 5.03765e-07 0)
(-4.22767e-07 -5.58321e-07 0)
(-8.09034e-07 -7.1763e-07 0)
(-8.42637e-07 -7.65938e-07 0)
(-8.0978e-07 -6.96404e-07 0)
(-7.82312e-07 -6.3148e-07 0)
(-7.58728e-07 -5.70644e-07 0)
(-7.3795e-07 -5.13431e-07 0)
(-7.19192e-07 -4.59424e-07 0)
(-7.01867e-07 -4.08257e-07 0)
(-6.85534e-07 -3.59603e-07 0)
(-6.69851e-07 -3.13179e-07 0)
(-6.54555e-07 -2.68736e-07 0)
(-6.39438e-07 -2.2606e-07 0)
(-6.24333e-07 -1.8497e-07 0)
(-6.09106e-07 -1.45311e-07 0)
(-5.93646e-07 -1.06955e-07 0)
(-5.77861e-07 -6.97958e-08 0)
(-5.6167e-07 -3.37495e-08 0)
(-5.45005e-07 1.24849e-09 0)
(-5.27805e-07 3.5245e-08 0)
(-5.10014e-07 6.82698e-08 0)
(-4.91584e-07 1.00337e-07 0)
(-4.72467e-07 1.31446e-07 0)
(-4.52621e-07 1.61582e-07 0)
(-4.32008e-07 1.90716e-07 0)
(-4.10592e-07 2.18805e-07 0)
(-3.88339e-07 2.45795e-07 0)
(-3.6522e-07 2.71619e-07 0)
(-3.41211e-07 2.96197e-07 0)
(-3.1629e-07 3.19438e-07 0)
(-2.90443e-07 3.41242e-07 0)
(-2.63659e-07 3.61496e-07 0)
(-2.35935e-07 3.80078e-07 0)
(-2.07276e-07 3.96858e-07 0)
(-1.77694e-07 4.11697e-07 0)
(-1.4721e-07 4.24451e-07 0)
(-1.15855e-07 4.34968e-07 0)
(-8.36684e-08 4.43093e-07 0)
(-5.07014e-08 4.48669e-07 0)
(-1.70149e-08 4.51536e-07 0)
(-3.4438e-07 -6.74819e-07 0)
(-6.21472e-07 -8.15808e-07 0)
(-6.09513e-07 -8.24856e-07 0)
(-6.03344e-07 -7.4539e-07 0)
(-5.97372e-07 -6.73311e-07 0)
(-5.9149e-07 -6.07423e-07 0)
(-5.85526e-07 -5.46726e-07 0)
(-5.79317e-07 -4.90394e-07 0)
(-5.72728e-07 -4.3775e-07 0)
(-5.65656e-07 -3.8824e-07 0)
(-5.58028e-07 -3.41412e-07 0)
(-5.49793e-07 -2.96896e-07 0)
(-5.40915e-07 -2.5439e-07 0)
(-5.31371e-07 -2.13648e-07 0)
(-5.21141e-07 -1.74468e-07 0)
(-5.10215e-07 -1.36689e-07 0)
(-4.98581e-07 -1.00181e-07 0)
(-4.86229e-07 -6.48418e-08 0)
(-4.73151e-07 -3.05945e-08 0)
(-4.59336e-07 2.61756e-09 0)
(-4.44774e-07 3.48317e-08 0)
(-4.29454e-07 6.60681e-08 0)
(-4.13363e-07 9.63307e-08 0)
(-3.9649e-07 1.25609e-07 0)
(-3.78821e-07 1.53879e-07 0)
(-3.60344e-07 1.81103e-07 0)
(-3.41046e-07 2.07231e-07 0)
(-3.20918e-07 2.32201e-07 0)
(-2.9995e-07 2.5594e-07 0)
(-2.78134e-07 2.78363e-07 0)
(-2.55467e-07 2.99378e-07 0)
(-2.3195e-07 3.1888e-07 0)
(-2.07586e-07 3.36755e-07 0)
(-1.82385e-07 3.52882e-07 0)
(-1.56363e-07 3.67134e-07 0)
(-1.29541e-07 3.79373e-07 0)
(-1.0195e-07 3.89461e-07 0)
(-7.36265e-08 3.9725e-07 0)
(-4.4616e-08 4.02594e-07 0)
(-1.49727e-08 4.05341e-07 0)
(-1.62347e-07 -8.47068e-07 0)
(-3.5546e-07 -8.26946e-07 0)
(-3.74868e-07 -8.03835e-07 0)
(-3.94611e-07 -7.28869e-07 0)
(-4.11017e-07 -6.61469e-07 0)
(-4.24075e-07 -6.00095e-07 0)
(-4.34019e-07 -5.4359e-07 0)
(-4.4117e-07 -4.91073e-07 0)
(-4.4585e-07 -4.41867e-07 0)
(-4.48352e-07 -3.95442e-07 0)
(-4.48931e-07 -3.51381e-07 0)
(-4.47799e-07 -3.09352e-07 0)
(-4.45134e-07 -2.69089e-07 0)
(-4.41081e-07 -2.3038e-07 0)
(-4.3576e-07 -1.93052e-07 0)
(-4.29267e-07 -1.5697e-07 0)
(-4.21683e-07 -1.22026e-07 0)
(-4.13072e-07 -8.81387e-08 0)
(-4.03487e-07 -5.52455e-08 0)
(-3.9297e-07 -2.33041e-08 0)
(-3.81555e-07 7.71107e-09 0)
(-3.69268e-07 3.78105e-08 0)
(-3.5613e-07 6.69906e-08 0)
(-3.42159e-07 9.52347e-08 0)
(-3.27365e-07 1.22514e-07 0)
(-3.11758e-07 1.48787e-07 0)
(-2.95346e-07 1.74003e-07 0)
(-2.78134e-07 1.98099e-07 0)
(-2.60128e-07 2.21002e-07 0)
(-2.41334e-07 2.42631e-07 0)
(-2.21758e-07 2.62894e-07 0)
(-2.01409e-07 2.81691e-07 0)
(-1.80298e-07 2.98914e-07 0)
(-1.5844e-07 3.14447e-07 0)
(-1.35853e-07 3.28168e-07 0)
(-1.12561e-07 3.39948e-07 0)
(-8.85929e-08 3.49653e-07 0)
(-6.39832e-08 3.57146e-07 0)
(-3.87735e-08 3.62285e-07 0)
(-1.30121e-08 3.64926e-07 0)
(-8.61434e-09 -8.16523e-07 0)
(-9.97127e-08 -7.50002e-07 0)
(-1.64424e-07 -6.96779e-07 0)
(-2.13308e-07 -6.46112e-07 0)
(-2.50812e-07 -5.97742e-07 0)
(-2.79852e-07 -5.51449e-07 0)
(-3.02393e-07 -5.07039e-07 0)
(-3.19804e-07 -4.64338e-07 0)
(-3.33061e-07 -4.2319e-07 0)
(-3.42884e-07 -3.83452e-07 0)
(-3.49817e-07 -3.44998e-07 0)
(-3.54278e-07 -3.07716e-07 0)
(-3.56594e-07 -2.7151e-07 0)
(-3.57029e-07 -2.36297e-07 0)
(-3.55792e-07 -2.02009e-07 0)
(-3.53055e-07 -1.68589e-07 0)
(-3.4896e-07 -1.35995e-07 0)
(-3.43623e-07 -1.04197e-07 0)
(-3.3714e-07 -7.31736e-08 0)
(-3.29592e-07 -4.29178e-08 0)
(-3.21044e-07 -1.34318e-08 0)
(-3.11553e-07 1.52719e-08 0)
(-3.01164e-07 4.31706e-08 0)
(-2.89915e-07 7.02321e-08 0)
(-2.77838e-07 9.6415e-08 0)
(-2.6496e-07 1.21668e-07 0)
(-2.51304e-07 1.45933e-07 0)
(-2.36889e-07 1.69141e-07 0)
(-2.21731e-07 1.91215e-07 0)
(-2.05847e-07 2.12071e-07 0)
(-1.89251e-07 2.31617e-07 0)
(-1.7196e-07 2.49753e-07 0)
(-1.53989e-07 2.66372e-07 0)
(-1.35358e-07 2.81362e-07 0)
(-1.16086e-07 2.94602e-07 0)
(-9.61985e-08 3.0597e-07 0)
(-7.57234e-08 3.15334e-07 0)
(-5.46932e-08 3.22564e-07 0)
(-3.31456e-08 3.27521e-07 0)
(-1.11237e-08 3.3007e-07 0)
(5.05796e-09 -5.89947e-07 0)
(-4.20531e-08 -5.80425e-07 0)
(-8.5215e-08 -5.62676e-07 0)
(-1.23359e-07 -5.39539e-07 0)
(-1.56312e-07 -5.129e-07 0)
(-1.84326e-07 -4.84021e-07 0)
(-2.07825e-07 -4.53749e-07 0)
(-2.27282e-07 -4.22661e-07 0)
(-2.43156e-07 -3.91147e-07 0)
(-2.55863e-07 -3.59473e-07 0)
(-2.65775e-07 -3.27823e-07 0)
(-2.73212e-07 -2.96325e-07 0)
(-2.78452e-07 -2.65066e-07 0)
(-2.81733e-07 -2.34111e-07 0)
(-2.83259e-07 -2.03508e-07 0)
(-2.83203e-07 -1.73295e-07 0)
(-2.81715e-07 -1.43506e-07 0)
(-2.78924e-07 -1.14174e-07 0)
(-2.74938e-07 -8.53298e-08 0)
(-2.69853e-07 -5.70091e-08 0)
(-2.63748e-07 -2.92497e-08 0)
(-2.56692e-07 -2.0943e-09 0)
(-2.48746e-07 2.44096e-08 0)
(-2.39958e-07 5.02088e-08 0)
(-2.30372e-07 7.52445e-08 0)
(-2.20026e-07 9.94518e-08 0)
(-2.08951e-07 1.22759e-07 0)
(-1.97176e-07 1.4509e-07 0)
(-1.84724e-07 1.6636e-07 0)
(-1.71618e-07 1.86479e-07 0)
(-1.57879e-07 2.05351e-07 0)
(-1.43526e-07 2.22874e-07 0)
(-1.28579e-07 2.38941e-07 0)
(-1.13058e-07 2.53439e-07 0)
(-9.69868e-08 2.66249e-07 0)
(-8.03875e-08 2.77249e-07 0)
(-6.32872e-08 2.86312e-07 0)
(-4.57157e-08 2.9331e-07 0)
(-2.77069e-08 2.98109e-07 0)
(-9.29882e-09 3.00577e-07 0)
(6.27979e-09 -4.77822e-07 0)
(-2.25393e-08 -4.75127e-07 0)
(-5.05909e-08 -4.67613e-07 0)
(-7.70903e-08 -4.55911e-07 0)
(-1.01514e-07 -4.40704e-07 0)
(-1.23564e-07 -4.2264e-07 0)
(-1.43112e-07 -4.0229e-07 0)
(-1.60149e-07 -3.80136e-07 0)
(-1.74746e-07 -3.56577e-07 0)
(-1.87022e-07 -3.31939e-07 0)
(-1.97121e-07 -3.06487e-07 0)
(-2.05197e-07 -2.80434e-07 0)
(-2.11407e-07 -2.53957e-07 0)
(-2.15901e-07 -2.272e-07 0)
(-2.18821e-07 -2.00285e-07 0)
(-2.20299e-07 -1.73314e-07 0)
(-2.20456e-07 -1.46381e-07 0)
(-2.19398e-07 -1.19567e-07 0)
(-2.17225e-07 -9.29492e-08 0)
(-2.14024e-07 -6.66006e-08 0)
(-2.0987e-07 -4.05931e-08 0)
(-2.04833e-07 -1.49982e-08 0)
(-1.98972e-07 1.01116e-08 0)
(-1.9234e-07 3.46616e-08 0)
(-1.84983e-07 5.85745e-08 0)
(-1.7694e-07 8.17698e-08 0)
(-1.68248e-07 1.04163e-07 0)
(-1.58937e-07 1.25666e-07 0)
(-1.49035e-07 1.46187e-07 0)
(-1.38565e-07 1.65628e-07 0)
(-1.27552e-07 1.83887e-07 0)
(-1.16016e-07 2.0086e-07 0)
(-1.03979e-07 2.16435e-07 0)
(-9.14593e-08 2.30498e-07 0)
(-7.84796e-08 2.42931e-07 0)
(-6.50618e-08 2.53612e-07 0)
(-5.123e-08 2.62415e-07 0)
(-3.70106e-08 2.69213e-07 0)
(-2.24327e-08 2.73877e-07 0)
(-7.52901e-09 2.76274e-07 0)
(5.49322e-09 -4.09008e-07 0)
(-1.32089e-08 -4.07889e-07 0)
(-3.1755e-08 -4.03777e-07 0)
(-4.9756e-08 -3.96765e-07 0)
(-6.68791e-08 -3.87041e-07 0)
(-8.28627e-08 -3.74846e-07 0)
(-9.75183e-08 -3.60445e-07 0)
(-1.10726e-07 -3.44108e-07 0)
(-1.22421e-07 -3.26093e-07 0)
(-1.32589e-07 -3.06644e-07 0)
(-1.41248e-07 -2.85981e-07 0)
(-1.48441e-07 -2.64306e-07 0)
(-1.54232e-07 -2.41797e-07 0)
(-1.58694e-07 -2.18616e-07 0)
(-1.61904e-07 -1.9491e-07 0)
(-1.63945e-07 -1.70809e-07 0)
(-1.64896e-07 -1.46436e-07 0)
(-1.64835e-07 -1.21902e-07 0)
(-1.63834e-07 -9.73127e-08 0)
(-1.61962e-07 -7.27688e-08 0)
(-1.59282e-07 -4.83669e-08 0)
(-1.55851e-07 -2.42014e-08 0)
(-1.51721e-07 -3.65768e-10 0)
(-1.46938e-07 2.3047e-08 0)
(-1.41544e-07 4.59434e-08 0)
(-1.35575e-07 6.82284e-08 0)
(-1.29066e-07 8.98055e-08 0)
(-1.22044e-07 1.10576e-07 0)
(-1.14535e-07 1.30438e-07 0)
(-1.06565e-07 1.49289e-07 0)
(-9.81525e-08 1.67019e-07 0)
(-8.93191e-08 1.8352e-07 0)
(-8.00835e-08 1.98677e-07 0)
(-7.04643e-08 2.12374e-07 0)
(-6.04801e-08 2.24491e-07 0)
(-5.01501e-08 2.34905e-07 0)
(-3.94947e-08 2.43492e-07 0)
(-2.85358e-08 2.50126e-07 0)
(-1.72973e-08 2.54677e-07 0)
(-5.80566e-09 2.57017e-07 0)
(4.1249e-09 -3.64919e-07 0)
(-7.77053e-09 -3.64383e-07 0)
(-1.96536e-08 -3.61696e-07 0)
(-3.13282e-08 -3.56841e-07 0)
(-4.26087e-08 -3.49852e-07 0)
(-5.33301e-08 -3.40806e-07 0)
(-6.33546e-08 -3.29812e-07 0)
(-7.25745e-08 -3.17003e-07 0)
(-8.09121e-08 -3.02527e-07 0)
(-8.8318e-08 -2.8654e-07 0)
(-9.47676e-08 -2.692e-07 0)
(-1.00257e-07 -2.50663e-07 0)
(-1.04801e-07 -2.31083e-07 0)
(-1.08424e-07 -2.10607e-07 0)
(-1.11163e-07 -1.89378e-07 0)
(-1.13061e-07 -1.67531e-07 0)
(-1.14162e-07 -1.45196e-07 0)
(-1.14514e-07 -1.22498e-07 0)
(-1.14166e-07 -9.95564e-08 0)
(-1.13164e-07 -7.64874e-08 0)
(-1.11551e-07 -5.34031e-08 0)
(-1.09371e-07 -3.04137e-08 0)
(-1.0666e-07 -7.62685e-09 0)
(-1.03456e-07 1.48505e-08 0)
(-9.97888e-08 3.69124e-08 0)
(-9.5689e-08 5.84525e-08 0)
(-9.11823e-08 7.93644e-08 0)
(-8.62922e-08 9.95406e-08 0)
(-8.10399e-08 1.18872e-07 0)
(-7.54444e-08 1.37248e-07 0)
(-6.95231e-08 1.54557e-07 0)
(-6.32923e-08 1.70683e-07 0)
(-5.67671e-08 1.85511e-07 0)
(-4.99624e-08 1.9892e-07 0)
(-4.28928e-08 2.1079e-07 0)
(-3.5573e-08 2.20997e-07 0)
(-2.80187e-08 2.29417e-07 0)
(-2.02461e-08 2.35923e-07 0)
(-1.22732e-08 2.40387e-07 0)
(-4.11951e-09 2.42683e-07 0)
(2.53378e-09 -3.3824e-07 0)
(-4.11876e-09 -3.37963e-07 0)
(-1.07864e-08 -3.35941e-07 0)
(-1.73747e-08 -3.32132e-07 0)
(-2.37905e-08 -3.26521e-07 0)
(-2.99462e-08 -3.19124e-07 0)
(-3.57633e-08 -3.09983e-07 0)
(-4.11756e-08 -2.99163e-07 0)
(-4.61301e-08 -2.86749e-07 0)
(-5.05875e-08 -2.7284e-07 0)
(-5.4522e-08 -2.57549e-07 0)
(-5.79197e-08 -2.40996e-07 0)
(-6.07778e-08 -2.23307e-07 0)
(-6.31019e-08 -2.04611e-07 0)
(-6.49053e-08 -1.85038e-07 0)
(-6.62062e-08 -1.64719e-07 0)
(-6.70269e-08 -1.43782e-07 0)
(-6.7392e-08 -1.22355e-07 0)
(-6.73275e-08 -1.00563e-07 0)
(-6.68595e-08 -7.85288e-08 0)
(-6.60139e-08 -5.63736e-08 0)
(-6.48153e-08 -3.42157e-08 0)
(-6.32874e-08 -1.21719e-08 0)
(-6.14519e-08 9.64243e-09 0)
(-5.9329e-08 3.11129e-08 0)
(-5.6937e-08 5.2126e-08 0)
(-5.42928e-08 7.25681e-08 0)
(-5.14112e-08 9.23256e-08 0)
(-4.8306e-08 1.11284e-07 0)
(-4.49896e-08 1.29329e-07 0)
(-4.14733e-08 1.46343e-07 0)
(-3.77676e-08 1.6221e-07 0)
(-3.38822e-08 1.76809e-07 0)
(-2.98268e-08 1.9002e-07 0)
(-2.56105e-08 2.0172e-07 0)
(-2.12427e-08 2.11785e-07 0)
(-1.67332e-08 2.2009e-07 0)
(-1.20922e-08 2.26509e-07 0)
(-7.33067e-09 2.30915e-07 0)
(-2.4606e-09 2.33181e-07 0)
(8.52767e-10 -3.25596e-07 0)
(-1.29188e-09 -3.25423e-07 0)
(-3.44427e-09 -3.23675e-07 0)
(-5.5761e-09 -3.20303e-07 0)
(-7.65896e-09 -3.15279e-07 0)
(-9.66551e-09 -3.08598e-07 0)
(-1.15707e-08 -3.00276e-07 0)
(-1.33525e-08 -2.90351e-07 0)
(-1.49928e-08 -2.78882e-07 0)
(-1.64772e-08 -2.65943e-07 0)
(-1.77958e-08 -2.51623e-07 0)
(-1.89423e-08 -2.36024e-07 0)
(-1.9914e-08 -2.19255e-07 0)
(-2.07113e-08 -2.01436e-07 0)
(-2.13371e-08 -1.82687e-07 0)
(-2.17964e-08 -1.63134e-07 0)
(-2.20956e-08 -1.42904e-07 0)
(-2.22423e-08 -1.22124e-07 0)
(-2.22445e-08 -1.0092e-07 0)
(-2.21106e-08 -7.94179e-08 0)
(-2.18491e-08 -5.77414e-08 0)
(-2.1468e-08 -3.60131e-08 0)
(-2.09753e-08 -1.43537e-08 0)
(-2.03783e-08 7.11733e-09 0)
(-1.96837e-08 2.82816e-08 0)
(-1.8898e-08 4.90218e-08 0)
(-1.80268e-08 6.92209e-08 0)
(-1.70752e-08 8.87622e-08 0)
(-1.60481e-08 1.07529e-07 0)
(-1.49496e-08 1.25403e-07 0)
(-1.37837e-08 1.42266e-07 0)
(-1.25541e-08 1.57999e-07 0)
(-1.1264e-08 1.72481e-07 0)
(-9.91683e-09 1.85591e-07 0)
(-8.51572e-09 1.97204e-07 0)
(-7.06389e-09 2.07197e-07 0)
(-5.56463e-09 2.15444e-07 0)
(-4.02142e-09 2.21819e-07 0)
(-2.43797e-09 2.26195e-07 0)
(-8.18332e-10 2.28445e-07 0)
)
;

boundaryField
{
    top
    {
        type            zeroGradient;
    }
    inlet
    {
        type            fixedValue;
        value           uniform (0 0 0);
    }
    axis
    {
        type            fixedValue;
        value           uniform (0 0 0);
    }
    frontAndBack
    {
        type            empty;
    }
}


// ************************************************************************* //
