/*--------------------------------*- C++ -*----------------------------------*\
  =========                 |
  \\      /  F ield         | OpenFOAM: The Open Source CFD Toolbox
   \\    /   O peration     | Website:  https://openfoam.org
    \\  /    A nd           | Version:  7
     \\/     M anipulation  |
\*---------------------------------------------------------------------------*/
FoamFile
{
    version     2.0;
    format      ascii;
    class       volVectorField;
    location    "25000";
    object      Ub;
}
// * * * * * * * * * * * * * * * * * * * * * * * * * * * * * * * * * * * * * //

dimensions      [0 1 -1 0 0 0 0];

internalField   nonuniform List<vector> 
3200
(
(-1.94999e-20 -9.87871e-16 0)
(-6.15559e-20 -9.87866e-16 0)
(-1.14318e-19 -9.87854e-16 0)
(-1.90438e-19 -9.87829e-16 0)
(-3.15881e-19 -9.87778e-16 0)
(-2.49295e-09 -9.92124e-16 0)
(-2.63786e-05 -1.29818e-06 0)
(-5.66397e-05 -2.50126e-05 0)
(-6.1491e-05 -6.72182e-06 0)
(-6.29941e-05 -3.35388e-06 0)
(-6.39012e-05 -2.01767e-06 0)
(-6.45433e-05 -1.34087e-06 0)
(-6.50324e-05 -9.50539e-07 0)
(-6.54213e-05 -7.05773e-07 0)
(-6.574e-05 -5.42997e-07 0)
(-6.60068e-05 -4.2978e-07 0)
(-6.62342e-05 -3.481e-07 0)
(-6.64307e-05 -2.87443e-07 0)
(-6.66025e-05 -2.41262e-07 0)
(-6.67542e-05 -2.05328e-07 0)
(-6.68893e-05 -1.76849e-07 0)
(-6.70104e-05 -1.53935e-07 0)
(-6.71196e-05 -1.35232e-07 0)
(-6.72188e-05 -1.19774e-07 0)
(-6.60044e-05 -2.99402e-06 0)
(-6.11782e-05 -8.21403e-06 0)
(-5.25264e-05 -1.18365e-05 0)
(-4.30276e-05 -1.04586e-05 0)
(-3.59533e-05 -6.47853e-06 0)
(-3.16748e-05 -4.05145e-06 0)
(-2.90495e-05 -2.62183e-06 0)
(-2.73649e-05 -1.8209e-06 0)
(-2.61756e-05 -1.43596e-06 0)
(-2.51809e-05 -1.36515e-06 0)
(-2.41421e-05 -1.58988e-06 0)
(-2.28186e-05 -2.16631e-06 0)
(-2.09106e-05 -3.23501e-06 0)
(-1.79908e-05 -5.05206e-06 0)
(-1.34399e-05 -7.96737e-06 0)
(-6.49691e-06 -1.21306e-05 0)
(-1.22181e-20 -9.87825e-16 0)
(-3.64139e-20 -9.87815e-16 0)
(-5.91124e-20 -9.87792e-16 0)
(-7.52732e-20 -9.8775e-16 0)
(-6.86035e-20 -9.87676e-16 0)
(7.5946e-21 -9.87544e-16 0)
(1.8113e-19 -9.86925e-16 0)
(2.65232e-19 -9.50896e-16 0)
(2.19415e-19 -9.19253e-16 0)
(1.85147e-19 -8.89995e-16 0)
(1.61707e-19 -8.62351e-16 0)
(1.45059e-19 -8.35947e-16 0)
(1.32817e-19 -8.1056e-16 0)
(1.23595e-19 -7.86046e-16 0)
(1.16561e-19 -7.62301e-16 0)
(1.11199e-19 -7.39247e-16 0)
(1.07178e-19 -7.16827e-16 0)
(1.04282e-19 -6.94991e-16 0)
(1.02355e-19 -6.73701e-16 0)
(1.01266e-19 -6.52926e-16 0)
(1.00847e-19 -6.32636e-16 0)
(1.00808e-19 -6.12809e-16 0)
(1.0055e-19 -5.93422e-16 0)
(3.18293e-18 -5.63525e-15 0)
(1.45249e-08 -2.88734e-06 0)
(6.5893e-08 -8.11818e-06 0)
(1.1895e-07 -1.17484e-05 0)
(-4.23849e-06 -1.03767e-05 0)
(-1.12774e-05 -6.40184e-06 0)
(-1.55741e-05 -3.97925e-06 0)
(-1.82355e-05 -2.55355e-06 0)
(-1.99619e-05 -1.75604e-06 0)
(-2.11944e-05 -1.37412e-06 0)
(-2.22313e-05 -1.30601e-06 0)
(-2.33107e-05 -1.53319e-06 0)
(-2.46725e-05 -2.11191e-06 0)
(-2.66163e-05 -3.18284e-06 0)
(-2.93259e-05 -5.68029e-06 0)
(-3.19156e-05 -1.28764e-05 0)
(-1.77299e-05 -6.81455e-05 0)
(-4.98983e-21 -9.878e-16 0)
(-1.36472e-20 -9.87792e-16 0)
(-1.79381e-20 -9.87775e-16 0)
(-1.34099e-20 -9.8775e-16 0)
(6.44428e-21 -9.87718e-16 0)
(4.79317e-20 -9.87688e-16 0)
(1.03858e-19 -9.8769e-16 0)
(1.40485e-19 -9.87753e-16 0)
(1.46985e-19 -9.87795e-16 0)
(1.42396e-19 -9.87822e-16 0)
(1.34727e-19 -9.8784e-16 0)
(1.26882e-19 -9.87853e-16 0)
(1.19827e-19 -9.87862e-16 0)
(1.13808e-19 -9.87869e-16 0)
(1.08828e-19 -9.87874e-16 0)
(1.04815e-19 -9.87879e-16 0)
(1.01699e-19 -9.87883e-16 0)
(9.94389e-20 -9.87886e-16 0)
(9.80478e-20 -9.87889e-16 0)
(9.7629e-20 -9.87892e-16 0)
(9.84499e-20 -9.87895e-16 0)
(1.01096e-19 -9.87898e-16 0)
(1.06787e-19 -9.87902e-16 0)
(1.18021e-19 -9.87905e-16 0)
(1.35242e-19 -9.87908e-16 0)
(1.18516e-19 -9.88031e-16 0)
(2.4118e-20 -9.88142e-16 0)
(-3.22675e-20 -9.88181e-16 0)
(-1.34395e-20 -9.85367e-16 0)
(-1.11155e-21 -9.81052e-16 0)
(7.49786e-21 -9.75964e-16 0)
(1.39932e-20 -9.7049e-16 0)
(1.93825e-20 -9.64831e-16 0)
(2.43761e-20 -9.59077e-16 0)
(2.95574e-20 -9.53248e-16 0)
(3.54923e-20 -9.47314e-16 0)
(4.33398e-20 -9.51119e-16 0)
(9.11025e-11 -6.78189e-07 0)
(1.3314e-09 -9.11567e-06 0)
(2.31706e-08 -0.000109148 0)
(-4.05475e-22 -9.87792e-16 0)
(-1.37181e-22 -9.87787e-16 0)
(3.36781e-21 -9.87778e-16 0)
(1.2223e-20 -9.87767e-16 0)
(2.80445e-20 -9.87756e-16 0)
(5.05596e-20 -9.8775e-16 0)
(7.5401e-20 -9.87756e-16 0)
(9.46926e-20 -9.87777e-16 0)
(1.04965e-19 -9.87798e-16 0)
(1.08697e-19 -9.87817e-16 0)
(1.0864e-19 -9.87832e-16 0)
(1.06669e-19 -9.87844e-16 0)
(1.0389e-19 -9.87853e-16 0)
(1.00911e-19 -9.87861e-16 0)
(9.80504e-20 -9.87868e-16 0)
(9.54692e-20 -9.87873e-16 0)
(9.32424e-20 -9.87878e-16 0)
(9.1401e-20 -9.87883e-16 0)
(8.9952e-20 -9.87887e-16 0)
(8.88819e-20 -9.87891e-16 0)
(8.81409e-20 -9.87896e-16 0)
(8.75881e-20 -9.87902e-16 0)
(8.68517e-20 -9.87909e-16 0)
(8.49967e-20 -9.87918e-16 0)
(7.97715e-20 -9.87932e-16 0)
(6.68609e-20 -9.87951e-16 0)
(4.61951e-20 -9.87959e-16 0)
(2.96246e-20 -9.87941e-16 0)
(2.27649e-20 -9.87928e-16 0)
(2.03794e-20 -9.8792e-16 0)
(2.00295e-20 -9.87915e-16 0)
(2.05747e-20 -9.87912e-16 0)
(2.14818e-20 -9.87911e-16 0)
(2.24972e-20 -9.87911e-16 0)
(2.34834e-20 -9.87912e-16 0)
(2.43269e-20 -9.87915e-16 0)
(2.48685e-20 -9.8792e-16 0)
(2.58732e-20 -1.06391e-15 0)
(7.49501e-10 -9.91982e-06 0)
(2.25721e-08 -0.000103966 0)
(1.88257e-21 -9.87794e-16 0)
(6.26199e-21 -9.87792e-16 0)
(1.24022e-20 -9.87788e-16 0)
(2.1154e-20 -9.87784e-16 0)
(3.27637e-20 -9.87781e-16 0)
(4.64969e-20 -9.87781e-16 0)
(6.04629e-20 -9.87787e-16 0)
(7.22866e-20 -9.87797e-16 0)
(8.0656e-20 -9.87809e-16 0)
(8.57313e-20 -9.87821e-16 0)
(8.82662e-20 -9.87832e-16 0)
(8.90573e-20 -9.87841e-16 0)
(8.87447e-20 -9.8785e-16 0)
(8.77843e-20 -9.87857e-16 0)
(8.6478e-20 -9.87864e-16 0)
(8.50139e-20 -9.87869e-16 0)
(8.34982e-20 -9.87875e-16 0)
(8.1977e-20 -9.8788e-16 0)
(8.04467e-20 -9.87884e-16 0)
(7.88546e-20 -9.87889e-16 0)
(7.70891e-20 -9.87894e-16 0)
(7.49602e-20 -9.87899e-16 0)
(7.21756e-20 -9.87904e-16 0)
(6.83286e-20 -9.8791e-16 0)
(6.29572e-20 -9.87916e-16 0)
(5.58251e-20 -9.87921e-16 0)
(4.76242e-20 -9.87923e-16 0)
(4.00997e-20 -9.87921e-16 0)
(3.43448e-20 -9.87918e-16 0)
(3.01876e-20 -9.87915e-16 0)
(2.71648e-20 -9.87913e-16 0)
(2.48218e-20 -9.87911e-16 0)
(2.27753e-20 -9.8791e-16 0)
(2.0701e-20 -9.8791e-16 0)
(1.83008e-20 -9.8791e-16 0)
(1.52696e-20 -9.87912e-16 0)
(1.12657e-20 -9.87914e-16 0)
(5.98629e-21 -1.06605e-15 0)
(1.22297e-09 -1.4832e-05 0)
(2.25603e-08 -9.95629e-05 0)
(2.78385e-21 -9.87801e-16 0)
(8.63233e-21 -9.878e-16 0)
(1.52773e-20 -9.87799e-16 0)
(2.3035e-20 -9.87798e-16 0)
(3.18627e-20 -9.87798e-16 0)
(4.12952e-20 -9.878e-16 0)
(5.05175e-20 -9.87805e-16 0)
(5.86508e-20 -9.87811e-16 0)
(6.51325e-20 -9.87819e-16 0)
(6.98469e-20 -9.87827e-16 0)
(7.29758e-20 -9.87835e-16 0)
(7.48218e-20 -9.87843e-16 0)
(7.56958e-20 -9.8785e-16 0)
(7.5863e-20 -9.87856e-16 0)
(7.55276e-20 -9.87862e-16 0)
(7.48337e-20 -9.87867e-16 0)
(7.3873e-20 -9.87872e-16 0)
(7.2692e-20 -9.87877e-16 0)
(7.12986e-20 -9.87881e-16 0)
(6.9666e-20 -9.87885e-16 0)
(6.7736e-20 -9.8789e-16 0)
(6.54241e-20 -9.87894e-16 0)
(6.26316e-20 -9.87898e-16 0)
(5.92701e-20 -9.87901e-16 0)
(5.53085e-20 -9.87904e-16 0)
(5.08398e-20 -9.87907e-16 0)
(4.61347e-20 -9.87908e-16 0)
(4.15725e-20 -9.87908e-16 0)
(3.74264e-20 -9.87908e-16 0)
(3.37593e-20 -9.87907e-16 0)
(3.04921e-20 -9.87906e-16 0)
(2.74708e-20 -9.87904e-16 0)
(2.4506e-20 -9.87903e-16 0)
(2.13875e-20 -9.87903e-16 0)
(1.78835e-20 -9.87902e-16 0)
(1.37302e-20 -9.87901e-16 0)
(8.61295e-21 -9.879e-16 0)
(-8.56427e-11 -1.08013e-15 0)
(2.30477e-09 -2.17153e-05 0)
(2.05196e-08 -9.51889e-05 0)
(2.97872e-21 -9.87809e-16 0)
(9.03193e-21 -9.87809e-16 0)
(1.53699e-20 -9.87809e-16 0)
(2.20954e-20 -9.8781e-16 0)
(2.91318e-20 -9.87811e-16 0)
(3.62252e-20 -9.87813e-16 0)
(4.30046e-20 -9.87817e-16 0)
(4.90945e-20 -9.87822e-16 0)
(5.42308e-20 -9.87827e-16 0)
(5.83102e-20 -9.87833e-16 0)
(6.13636e-20 -9.87839e-16 0)
(6.35024e-20 -9.87845e-16 0)
(6.48693e-20 -9.87851e-16 0)
(6.5606e-20 -9.87856e-16 0)
(6.5835e-20 -9.87861e-16 0)
(6.56528e-20 -9.87866e-16 0)
(6.51285e-20 -9.8787e-16 0)
(6.43055e-20 -9.87875e-16 0)
(6.32047e-20 -9.87878e-16 0)
(6.18289e-20 -9.87882e-16 0)
(6.01683e-20 -9.87886e-16 0)
(5.82073e-20 -9.87889e-16 0)
(5.59344e-20 -9.87892e-16 0)
(5.33546e-20 -9.87894e-16 0)
(5.05022e-20 -9.87896e-16 0)
(4.74506e-20 -9.87898e-16 0)
(4.43082e-20 -9.87899e-16 0)
(4.11933e-20 -9.879e-16 0)
(3.81968e-20 -9.879e-16 0)
(3.53599e-20 -9.87899e-16 0)
(3.26772e-20 -9.87899e-16 0)
(3.01103e-20 -9.87898e-16 0)
(2.7601e-20 -9.87896e-16 0)
(2.5084e-20 -9.87895e-16 0)
(2.24962e-20 -9.87893e-16 0)
(1.97867e-20 -9.87891e-16 0)
(1.69285e-20 -9.87888e-16 0)
(1.45431e-20 -1.08892e-15 0)
(3.73199e-09 -2.73226e-05 0)
(1.62982e-08 -9.08221e-05 0)
(2.85607e-21 -9.87818e-16 0)
(8.57433e-21 -9.87818e-16 0)
(1.43342e-20 -9.87818e-16 0)
(2.0154e-20 -9.87819e-16 0)
(2.59688e-20 -9.87821e-16 0)
(3.16396e-20 -9.87823e-16 0)
(3.69849e-20 -9.87826e-16 0)
(4.1827e-20 -9.8783e-16 0)
(4.6033e-20 -9.87834e-16 0)
(4.95365e-20 -9.87839e-16 0)
(5.23331e-20 -9.87844e-16 0)
(5.44635e-20 -9.87848e-16 0)
(5.59938e-20 -9.87853e-16 0)
(5.69985e-20 -9.87857e-16 0)
(5.75493e-20 -9.87862e-16 0)
(5.7709e-20 -9.87866e-16 0)
(5.7528e-20 -9.87869e-16 0)
(5.70444e-20 -9.87873e-16 0)
(5.62856e-20 -9.87876e-16 0)
(5.52707e-20 -9.87879e-16 0)
(5.40138e-20 -9.87882e-16 0)
(5.25287e-20 -9.87885e-16 0)
(5.0833e-20 -9.87887e-16 0)
(4.89525e-20 -9.87889e-16 0)
(4.69242e-20 -9.87891e-16 0)
(4.4796e-20 -9.87892e-16 0)
(4.26235e-20 -9.87893e-16 0)
(4.0462e-20 -9.87894e-16 0)
(3.83583e-20 -9.87894e-16 0)
(3.63461e-20 -9.87894e-16 0)
(3.44469e-20 -9.87893e-16 0)
(3.26742e-20 -9.87892e-16 0)
(3.10408e-20 -9.87891e-16 0)
(2.9567e-20 -9.8789e-16 0)
(2.82906e-20 -9.87888e-16 0)
(2.72777e-20 -9.87886e-16 0)
(2.66374e-20 -9.87884e-16 0)
(2.79664e-20 -1.10708e-15 0)
(4.40462e-09 -2.99843e-05 0)
(1.26568e-08 -8.6457e-05 0)
(2.61254e-21 -9.87825e-16 0)
(7.80509e-21 -9.87826e-16 0)
(1.29345e-20 -9.87827e-16 0)
(1.79864e-20 -9.87828e-16 0)
(2.29103e-20 -9.87829e-16 0)
(2.76252e-20 -9.87831e-16 0)
(3.20351e-20 -9.87834e-16 0)
(3.60483e-20 -9.87837e-16 0)
(3.95941e-20 -9.8784e-16 0)
(4.26324e-20 -9.87844e-16 0)
(4.51537e-20 -9.87848e-16 0)
(4.71736e-20 -9.87852e-16 0)
(4.8724e-20 -9.87855e-16 0)
(4.9846e-20 -9.87859e-16 0)
(5.05828e-20 -9.87863e-16 0)
(5.09759e-20 -9.87866e-16 0)
(5.10626e-20 -9.87869e-16 0)
(5.08753e-20 -9.87872e-16 0)
(5.04417e-20 -9.87875e-16 0)
(4.97863e-20 -9.87878e-16 0)
(4.89317e-20 -9.8788e-16 0)
(4.79007e-20 -9.87882e-16 0)
(4.6718e-20 -9.87884e-16 0)
(4.54116e-20 -9.87886e-16 0)
(4.40132e-20 -9.87887e-16 0)
(4.25575e-20 -9.87888e-16 0)
(4.10813e-20 -9.87889e-16 0)
(3.96202e-20 -9.87889e-16 0)
(3.82079e-20 -9.8789e-16 0)
(3.68743e-20 -9.8789e-16 0)
(3.5647e-20 -9.87889e-16 0)
(3.45526e-20 -9.87889e-16 0)
(3.36196e-20 -9.87888e-16 0)
(3.28818e-20 -9.87887e-16 0)
(3.23807e-20 -9.87886e-16 0)
(3.21686e-20 -9.87885e-16 0)
(3.23086e-20 -9.87884e-16 0)
(3.51131e-20 -1.13936e-15 0)
(4.43674e-09 -3.05443e-05 0)
(9.96567e-09 -8.21095e-05 0)
(2.34011e-21 -9.87833e-16 0)
(6.97404e-21 -9.87833e-16 0)
(1.15064e-20 -9.87834e-16 0)
(1.59117e-20 -9.87835e-16 0)
(2.01503e-20 -9.87836e-16 0)
(2.4171e-20 -9.87838e-16 0)
(2.79186e-20 -9.8784e-16 0)
(3.13416e-20 -9.87843e-16 0)
(3.44006e-20 -9.87846e-16 0)
(3.70714e-20 -9.87848e-16 0)
(3.93465e-20 -9.87852e-16 0)
(4.12324e-20 -9.87855e-16 0)
(4.27465e-20 -9.87858e-16 0)
(4.39132e-20 -9.87861e-16 0)
(4.47601e-20 -9.87864e-16 0)
(4.53161e-20 -9.87866e-16 0)
(4.56093e-20 -9.87869e-16 0)
(4.56665e-20 -9.87872e-16 0)
(4.55129e-20 -9.87874e-16 0)
(4.51726e-20 -9.87876e-16 0)
(4.4669e-20 -9.87878e-16 0)
(4.40257e-20 -9.8788e-16 0)
(4.32669e-20 -9.87882e-16 0)
(4.24178e-20 -9.87883e-16 0)
(4.15046e-20 -9.87884e-16 0)
(4.05545e-20 -9.87885e-16 0)
(3.95943e-20 -9.87886e-16 0)
(3.86507e-20 -9.87887e-16 0)
(3.7749e-20 -9.87887e-16 0)
(3.6913e-20 -9.87887e-16 0)
(3.61656e-20 -9.87887e-16 0)
(3.55285e-20 -9.87887e-16 0)
(3.50233e-20 -9.87887e-16 0)
(3.46712e-20 -9.87886e-16 0)
(3.44935e-20 -9.87886e-16 0)
(3.45096e-20 -9.87885e-16 0)
(3.47359e-20 -9.87885e-16 0)
(3.8239e-20 -1.20218e-15 0)
(4.1907e-09 -3.01173e-05 0)
(8.01374e-09 -7.77971e-05 0)
(2.07853e-21 -9.87839e-16 0)
(6.18693e-21 -9.87839e-16 0)
(1.01855e-20 -9.8784e-16 0)
(1.40468e-20 -9.87841e-16 0)
(1.77389e-20 -9.87842e-16 0)
(2.1227e-20 -9.87844e-16 0)
(2.44763e-20 -9.87846e-16 0)
(2.7456e-20 -9.87848e-16 0)
(3.01424e-20 -9.8785e-16 0)
(3.25211e-20 -9.87852e-16 0)
(3.45871e-20 -9.87855e-16 0)
(3.63441e-20 -9.87858e-16 0)
(3.78028e-20 -9.8786e-16 0)
(3.89791e-20 -9.87863e-16 0)
(3.98922e-20 -9.87865e-16 0)
(4.0563e-20 -9.87867e-16 0)
(4.10133e-20 -9.8787e-16 0)
(4.12648e-20 -9.87872e-16 0)
(4.13393e-20 -9.87874e-16 0)
(4.12581e-20 -9.87876e-16 0)
(4.10422e-20 -9.87877e-16 0)
(4.0713e-20 -9.87879e-16 0)
(4.02916e-20 -9.8788e-16 0)
(3.97993e-20 -9.87882e-16 0)
(3.92573e-20 -9.87883e-16 0)
(3.86868e-20 -9.87884e-16 0)
(3.81083e-20 -9.87884e-16 0)
(3.75414e-20 -9.87885e-16 0)
(3.70046e-20 -9.87885e-16 0)
(3.65152e-20 -9.87886e-16 0)
(3.60886e-20 -9.87886e-16 0)
(3.5739e-20 -9.87886e-16 0)
(3.54783e-20 -9.87886e-16 0)
(3.53164e-20 -9.87886e-16 0)
(3.52602e-20 -9.87886e-16 0)
(3.53128e-20 -9.87885e-16 0)
(3.54724e-20 -9.87885e-16 0)
(4.04301e-20 -1.37004e-15 0)
(3.85895e-09 -2.92678e-05 0)
(6.54531e-09 -7.35308e-05 0)
(1.84277e-21 -9.87845e-16 0)
(5.48208e-21 -9.87845e-16 0)
(9.01617e-21 -9.87846e-16 0)
(1.24193e-20 -9.87846e-16 0)
(1.56656e-20 -9.87847e-16 0)
(1.87297e-20 -9.87849e-16 0)
(2.1588e-20 -9.8785e-16 0)
(2.42208e-20 -9.87852e-16 0)
(2.6613e-20 -9.87854e-16 0)
(2.87558e-20 -9.87856e-16 0)
(3.06463e-20 -9.87858e-16 0)
(3.22873e-20 -9.8786e-16 0)
(3.36864e-20 -9.87862e-16 0)
(3.48548e-20 -9.87864e-16 0)
(3.58067e-20 -9.87867e-16 0)
(3.65579e-20 -9.87869e-16 0)
(3.71256e-20 -9.8787e-16 0)
(3.75274e-20 -9.87872e-16 0)
(3.77812e-20 -9.87874e-16 0)
(3.79051e-20 -9.87876e-16 0)
(3.79169e-20 -9.87877e-16 0)
(3.78346e-20 -9.87878e-16 0)
(3.76758e-20 -9.8788e-16 0)
(3.74577e-20 -9.87881e-16 0)
(3.71974e-20 -9.87882e-16 0)
(3.69109e-20 -9.87883e-16 0)
(3.66138e-20 -9.87883e-16 0)
(3.63204e-20 -9.87884e-16 0)
(3.60439e-20 -9.87884e-16 0)
(3.5796e-20 -9.87885e-16 0)
(3.55867e-20 -9.87885e-16 0)
(3.54242e-20 -9.87885e-16 0)
(3.53146e-20 -9.87885e-16 0)
(3.52618e-20 -9.87886e-16 0)
(3.52669e-20 -9.87886e-16 0)
(3.53281e-20 -9.87886e-16 0)
(3.54403e-20 -9.87886e-16 0)
(4.47436e-20 -1.70334e-15 0)
(3.51102e-09 -2.82186e-05 0)
(5.39707e-09 -6.93176e-05 0)
(1.63649e-21 -9.8785e-16 0)
(4.86743e-21 -9.8785e-16 0)
(8.00259e-21 -9.8785e-16 0)
(1.10193e-20 -9.87851e-16 0)
(1.38964e-20 -9.87852e-16 0)
(1.66145e-20 -9.87853e-16 0)
(1.91568e-20 -9.87855e-16 0)
(2.15098e-20 -9.87856e-16 0)
(2.36634e-20 -9.87858e-16 0)
(2.56122e-20 -9.87859e-16 0)
(2.73547e-20 -9.87861e-16 0)
(2.88933e-20 -9.87863e-16 0)
(3.02337e-20 -9.87865e-16 0)
(3.13847e-20 -9.87866e-16 0)
(3.23572e-20 -9.87868e-16 0)
(3.31634e-20 -9.8787e-16 0)
(3.38169e-20 -9.87871e-16 0)
(3.43321e-20 -9.87873e-16 0)
(3.47234e-20 -9.87875e-16 0)
(3.50056e-20 -9.87876e-16 0)
(3.51936e-20 -9.87877e-16 0)
(3.53018e-20 -9.87878e-16 0)
(3.53445e-20 -9.87879e-16 0)
(3.53356e-20 -9.8788e-16 0)
(3.52881e-20 -9.87881e-16 0)
(3.52146e-20 -9.87882e-16 0)
(3.51266e-20 -9.87883e-16 0)
(3.50345e-20 -9.87883e-16 0)
(3.49478e-20 -9.87884e-16 0)
(3.48744e-20 -9.87884e-16 0)
(3.48207e-20 -9.87885e-16 0)
(3.47918e-20 -9.87885e-16 0)
(3.4791e-20 -9.87885e-16 0)
(3.48198e-20 -9.87886e-16 0)
(3.48779e-20 -9.87886e-16 0)
(3.49632e-20 -9.87886e-16 0)
(3.50718e-20 -9.87886e-16 0)
(5.17349e-20 -2.24079e-15 0)
(3.16935e-09 -2.70549e-05 0)
(4.47214e-09 -6.5162e-05 0)
(1.4585e-21 -9.87854e-16 0)
(4.33802e-21 -9.87854e-16 0)
(7.13238e-21 -9.87855e-16 0)
(9.82219e-21 -9.87855e-16 0)
(1.23902e-20 -9.87856e-16 0)
(1.48212e-20 -9.87857e-16 0)
(1.71027e-20 -9.87858e-16 0)
(1.92249e-20 -9.8786e-16 0)
(2.1181e-20 -9.87861e-16 0)
(2.29673e-20 -9.87862e-16 0)
(2.45832e-20 -9.87864e-16 0)
(2.60311e-20 -9.87865e-16 0)
(2.73155e-20 -9.87867e-16 0)
(2.84434e-20 -9.87868e-16 0)
(2.94233e-20 -9.8787e-16 0)
(3.02651e-20 -9.87871e-16 0)
(3.09796e-20 -9.87873e-16 0)
(3.15782e-20 -9.87874e-16 0)
(3.20727e-20 -9.87875e-16 0)
(3.24751e-20 -9.87877e-16 0)
(3.27972e-20 -9.87878e-16 0)
(3.30508e-20 -9.87879e-16 0)
(3.32471e-20 -9.8788e-16 0)
(3.33972e-20 -9.87881e-16 0)
(3.35112e-20 -9.87881e-16 0)
(3.35987e-20 -9.87882e-16 0)
(3.36683e-20 -9.87883e-16 0)
(3.3728e-20 -9.87883e-16 0)
(3.37844e-20 -9.87884e-16 0)
(3.38431e-20 -9.87884e-16 0)
(3.39088e-20 -9.87885e-16 0)
(3.39848e-20 -9.87885e-16 0)
(3.40732e-20 -9.87885e-16 0)
(3.41749e-20 -9.87886e-16 0)
(3.42899e-20 -9.87886e-16 0)
(3.44169e-20 -9.87886e-16 0)
(3.45537e-20 -9.87886e-16 0)
(6.2568e-20 -2.82036e-15 0)
(2.84119e-09 -2.58112e-05 0)
(3.71204e-09 -6.10679e-05 0)
(1.30575e-21 -9.87858e-16 0)
(3.88412e-21 -9.87858e-16 0)
(6.38756e-21 -9.87859e-16 0)
(8.79982e-21 -9.87859e-16 0)
(1.11068e-20 -9.8786e-16 0)
(1.32964e-20 -9.87861e-16 0)
(1.53592e-20 -9.87862e-16 0)
(1.72876e-20 -9.87863e-16 0)
(1.9077e-20 -9.87864e-16 0)
(2.07249e-20 -9.87865e-16 0)
(2.22311e-20 -9.87866e-16 0)
(2.35978e-20 -9.87868e-16 0)
(2.48289e-20 -9.87869e-16 0)
(2.59298e-20 -9.8787e-16 0)
(2.69076e-20 -9.87872e-16 0)
(2.777e-20 -9.87873e-16 0)
(2.85258e-20 -9.87874e-16 0)
(2.91842e-20 -9.87875e-16 0)
(2.97546e-20 -9.87876e-16 0)
(3.02466e-20 -9.87877e-16 0)
(3.06698e-20 -9.87878e-16 0)
(3.10334e-20 -9.87879e-16 0)
(3.13465e-20 -9.8788e-16 0)
(3.16177e-20 -9.87881e-16 0)
(3.1855e-20 -9.87882e-16 0)
(3.20656e-20 -9.87882e-16 0)
(3.22565e-20 -9.87883e-16 0)
(3.24333e-20 -9.87884e-16 0)
(3.26013e-20 -9.87884e-16 0)
(3.27648e-20 -9.87885e-16 0)
(3.2927e-20 -9.87885e-16 0)
(3.30906e-20 -9.87885e-16 0)
(3.32573e-20 -9.87886e-16 0)
(3.34281e-20 -9.87886e-16 0)
(3.36032e-20 -9.87886e-16 0)
(3.37823e-20 -9.87887e-16 0)
(3.39645e-20 -9.87887e-16 0)
(7.03391e-20 -3.24546e-15 0)
(2.52934e-09 -2.45044e-05 0)
(3.08e-09 -5.70385e-05 0)
(1.17472e-21 -9.87862e-16 0)
(3.49493e-21 -9.87862e-16 0)
(5.74945e-21 -9.87862e-16 0)
(7.92484e-21 -9.87863e-16 0)
(1.00096e-20 -9.87863e-16 0)
(1.19941e-20 -9.87864e-16 0)
(1.38708e-20 -9.87865e-16 0)
(1.56342e-20 -9.87866e-16 0)
(1.72807e-20 -9.87867e-16 0)
(1.88088e-20 -9.87868e-16 0)
(2.02184e-20 -9.87869e-16 0)
(2.15116e-20 -9.8787e-16 0)
(2.26916e-20 -9.87871e-16 0)
(2.37629e-20 -9.87872e-16 0)
(2.47311e-20 -9.87873e-16 0)
(2.56027e-20 -9.87874e-16 0)
(2.63845e-20 -9.87875e-16 0)
(2.7084e-20 -9.87876e-16 0)
(2.77088e-20 -9.87877e-16 0)
(2.82667e-20 -9.87878e-16 0)
(2.87651e-20 -9.87879e-16 0)
(2.92116e-20 -9.8788e-16 0)
(2.96133e-20 -9.87881e-16 0)
(2.99769e-20 -9.87882e-16 0)
(3.03089e-20 -9.87882e-16 0)
(3.06151e-20 -9.87883e-16 0)
(3.09005e-20 -9.87884e-16 0)
(3.11699e-20 -9.87884e-16 0)
(3.14274e-20 -9.87885e-16 0)
(3.16762e-20 -9.87885e-16 0)
(3.19191e-20 -9.87886e-16 0)
(3.21584e-20 -9.87886e-16 0)
(3.23955e-20 -9.87886e-16 0)
(3.26315e-20 -9.87887e-16 0)
(3.2867e-20 -9.87887e-16 0)
(3.31021e-20 -9.87887e-16 0)
(3.33367e-20 -9.87887e-16 0)
(7.5104e-20 -3.48748e-15 0)
(2.23543e-09 -2.31452e-05 0)
(2.55199e-09 -5.30771e-05 0)
(1.06198e-21 -9.87865e-16 0)
(3.16012e-21 -9.87865e-16 0)
(5.2007e-21 -9.87865e-16 0)
(7.17266e-21 -9.87866e-16 0)
(9.06664e-21 -9.87866e-16 0)
(1.0875e-20 -9.87867e-16 0)
(1.25917e-20 -9.87868e-16 0)
(1.42126e-20 -9.87868e-16 0)
(1.57349e-20 -9.87869e-16 0)
(1.71576e-20 -9.8787e-16 0)
(1.8481e-20 -9.87871e-16 0)
(1.97067e-20 -9.87872e-16 0)
(2.08375e-20 -9.87873e-16 0)
(2.18771e-20 -9.87874e-16 0)
(2.28302e-20 -9.87875e-16 0)
(2.37019e-20 -9.87876e-16 0)
(2.44978e-20 -9.87877e-16 0)
(2.52239e-20 -9.87878e-16 0)
(2.58864e-20 -9.87879e-16 0)
(2.64914e-20 -9.87879e-16 0)
(2.70451e-20 -9.8788e-16 0)
(2.75534e-20 -9.87881e-16 0)
(2.8022e-20 -9.87882e-16 0)
(2.84565e-20 -9.87882e-16 0)
(2.88617e-20 -9.87883e-16 0)
(2.92424e-20 -9.87884e-16 0)
(2.96027e-20 -9.87884e-16 0)
(2.99463e-20 -9.87885e-16 0)
(3.02766e-20 -9.87885e-16 0)
(3.05963e-20 -9.87886e-16 0)
(3.09077e-20 -9.87886e-16 0)
(3.12129e-20 -9.87887e-16 0)
(3.15132e-20 -9.87887e-16 0)
(3.181e-20 -9.87887e-16 0)
(3.2104e-20 -9.87888e-16 0)
(3.23956e-20 -9.87888e-16 0)
(3.26853e-20 -9.87888e-16 0)
(7.61083e-20 -3.53637e-15 0)
(1.96071e-09 -2.17421e-05 0)
(2.11128e-09 -4.91866e-05 0)
(9.6445e-22 -9.87868e-16 0)
(2.8705e-21 -9.87868e-16 0)
(4.726e-21 -9.87868e-16 0)
(6.52192e-21 -9.87869e-16 0)
(8.2507e-21 -9.87869e-16 0)
(9.9062e-21 -9.8787e-16 0)
(1.14837e-20 -9.8787e-16 0)
(1.29799e-20 -9.87871e-16 0)
(1.43928e-20 -9.87872e-16 0)
(1.57216e-20 -9.87872e-16 0)
(1.69668e-20 -9.87873e-16 0)
(1.81298e-20 -9.87874e-16 0)
(1.92129e-20 -9.87875e-16 0)
(2.02194e-20 -9.87876e-16 0)
(2.11528e-20 -9.87877e-16 0)
(2.20175e-20 -9.87877e-16 0)
(2.28181e-20 -9.87878e-16 0)
(2.35594e-20 -9.87879e-16 0)
(2.42464e-20 -9.8788e-16 0)
(2.48841e-20 -9.87881e-16 0)
(2.54774e-20 -9.87881e-16 0)
(2.60313e-20 -9.87882e-16 0)
(2.65501e-20 -9.87883e-16 0)
(2.70385e-20 -9.87883e-16 0)
(2.75003e-20 -9.87884e-16 0)
(2.79394e-20 -9.87885e-16 0)
(2.83592e-20 -9.87885e-16 0)
(2.87628e-20 -9.87886e-16 0)
(2.91528e-20 -9.87886e-16 0)
(2.95315e-20 -9.87887e-16 0)
(2.99012e-20 -9.87887e-16 0)
(3.02635e-20 -9.87887e-16 0)
(3.062e-20 -9.87888e-16 0)
(3.09719e-20 -9.87888e-16 0)
(3.13204e-20 -9.87888e-16 0)
(3.16667e-20 -9.87889e-16 0)
(3.20118e-20 -9.87889e-16 0)
(7.40773e-20 -3.45111e-15 0)
(1.7057e-09 -2.03023e-05 0)
(1.74457e-09 -4.53703e-05 0)
(8.79469e-22 -9.87871e-16 0)
(2.61811e-21 -9.87871e-16 0)
(4.31222e-21 -9.87871e-16 0)
(5.95449e-21 -9.87871e-16 0)
(7.53882e-21 -9.87872e-16 0)
(9.06029e-21 -9.87872e-16 0)
(1.05152e-20 -9.87873e-16 0)
(1.1901e-20 -9.87873e-16 0)
(1.32161e-20 -9.87874e-16 0)
(1.44601e-20 -9.87874e-16 0)
(1.56335e-20 -9.87875e-16 0)
(1.67375e-20 -9.87876e-16 0)
(1.77742e-20 -9.87877e-16 0)
(1.87461e-20 -9.87877e-16 0)
(1.96564e-20 -9.87878e-16 0)
(2.05085e-20 -9.87879e-16 0)
(2.13063e-20 -9.8788e-16 0)
(2.20537e-20 -9.8788e-16 0)
(2.27548e-20 -9.87881e-16 0)
(2.34136e-20 -9.87882e-16 0)
(2.40343e-20 -9.87883e-16 0)
(2.46207e-20 -9.87883e-16 0)
(2.51766e-20 -9.87884e-16 0)
(2.57056e-20 -9.87885e-16 0)
(2.62109e-20 -9.87885e-16 0)
(2.66957e-20 -9.87886e-16 0)
(2.71627e-20 -9.87886e-16 0)
(2.76146e-20 -9.87887e-16 0)
(2.80534e-20 -9.87887e-16 0)
(2.84812e-20 -9.87888e-16 0)
(2.88998e-20 -9.87888e-16 0)
(2.93107e-20 -9.87888e-16 0)
(2.97152e-20 -9.87889e-16 0)
(3.01145e-20 -9.87889e-16 0)
(3.05096e-20 -9.87889e-16 0)
(3.09015e-20 -9.8789e-16 0)
(3.12912e-20 -9.8789e-16 0)
(7.04374e-20 -3.30699e-15 0)
(1.46637e-09 -1.88318e-05 0)
(1.4486e-09 -4.16314e-05 0)
(8.0477e-22 -9.87873e-16 0)
(2.39622e-21 -9.87873e-16 0)
(3.9483e-21 -9.87873e-16 0)
(5.45513e-21 -9.87873e-16 0)
(6.91181e-21 -9.87874e-16 0)
(8.31445e-21 -9.87874e-16 0)
(9.66012e-21 -9.87875e-16 0)
(1.09468e-20 -9.87875e-16 0)
(1.21735e-20 -9.87876e-16 0)
(1.33399e-20 -9.87876e-16 0)
(1.44465e-20 -9.87877e-16 0)
(1.54944e-20 -9.87878e-16 0)
(1.64853e-20 -9.87878e-16 0)
(1.74215e-20 -9.87879e-16 0)
(1.83056e-20 -9.8788e-16 0)
(1.91405e-20 -9.87881e-16 0)
(1.99294e-20 -9.87881e-16 0)
(2.06755e-20 -9.87882e-16 0)
(2.13822e-20 -9.87883e-16 0)
(2.20529e-20 -9.87883e-16 0)
(2.26909e-20 -9.87884e-16 0)
(2.32996e-20 -9.87885e-16 0)
(2.38818e-20 -9.87885e-16 0)
(2.44407e-20 -9.87886e-16 0)
(2.49789e-20 -9.87886e-16 0)
(2.5499e-20 -9.87887e-16 0)
(2.60033e-20 -9.87887e-16 0)
(2.64938e-20 -9.87888e-16 0)
(2.69725e-20 -9.87888e-16 0)
(2.74409e-20 -9.87889e-16 0)
(2.79005e-20 -9.87889e-16 0)
(2.83525e-20 -9.8789e-16 0)
(2.87979e-20 -9.8789e-16 0)
(2.92376e-20 -9.8789e-16 0)
(2.96722e-20 -9.87891e-16 0)
(3.01023e-20 -9.87891e-16 0)
(3.0528e-20 -9.87891e-16 0)
(6.63521e-20 -3.1349e-15 0)
(1.2447e-09 -1.73356e-05 0)
(1.2034e-09 -3.79737e-05 0)
(7.38453e-22 -9.87875e-16 0)
(2.19917e-21 -9.87875e-16 0)
(3.62497e-21 -9.87875e-16 0)
(5.01113e-21 -9.87876e-16 0)
(6.35375e-21 -9.87876e-16 0)
(7.64977e-21 -9.87876e-16 0)
(8.8969e-21 -9.87877e-16 0)
(1.00936e-20 -9.87877e-16 0)
(1.12392e-20 -9.87878e-16 0)
(1.23335e-20 -9.87878e-16 0)
(1.33771e-20 -9.87879e-16 0)
(1.43709e-20 -9.8788e-16 0)
(1.53165e-20 -9.8788e-16 0)
(1.62158e-20 -9.87881e-16 0)
(1.70711e-20 -9.87881e-16 0)
(1.78848e-20 -9.87882e-16 0)
(1.86596e-20 -9.87883e-16 0)
(1.93982e-20 -9.87883e-16 0)
(2.01035e-20 -9.87884e-16 0)
(2.07783e-20 -9.87885e-16 0)
(2.14255e-20 -9.87885e-16 0)
(2.20476e-20 -9.87886e-16 0)
(2.26474e-20 -9.87886e-16 0)
(2.32273e-20 -9.87887e-16 0)
(2.37896e-20 -9.87887e-16 0)
(2.43363e-20 -9.87888e-16 0)
(2.48695e-20 -9.87888e-16 0)
(2.53908e-20 -9.87889e-16 0)
(2.59018e-20 -9.87889e-16 0)
(2.64038e-20 -9.8789e-16 0)
(2.6898e-20 -9.8789e-16 0)
(2.73853e-20 -9.87891e-16 0)
(2.78666e-20 -9.87891e-16 0)
(2.83424e-20 -9.87891e-16 0)
(2.88132e-20 -9.87892e-16 0)
(2.92794e-20 -9.87892e-16 0)
(2.97412e-20 -9.87892e-16 0)
(6.18815e-20 -2.93503e-15 0)
(1.04374e-09 -1.58183e-05 0)
(9.89281e-10 -3.44009e-05 0)
(6.78939e-22 -9.87877e-16 0)
(2.02229e-21 -9.87877e-16 0)
(3.33455e-21 -9.87877e-16 0)
(4.61197e-21 -9.87878e-16 0)
(5.85147e-21 -9.87878e-16 0)
(7.05065e-21 -9.87878e-16 0)
(8.20775e-21 -9.87879e-16 0)
(9.32165e-21 -9.87879e-16 0)
(1.03918e-20 -9.8788e-16 0)
(1.14183e-20 -9.8788e-16 0)
(1.24017e-20 -9.87881e-16 0)
(1.33429e-20 -9.87881e-16 0)
(1.42432e-20 -9.87882e-16 0)
(1.51044e-20 -9.87882e-16 0)
(1.59284e-20 -9.87883e-16 0)
(1.67173e-20 -9.87884e-16 0)
(1.74734e-20 -9.87884e-16 0)
(1.81991e-20 -9.87885e-16 0)
(1.88968e-20 -9.87885e-16 0)
(1.9569e-20 -9.87886e-16 0)
(2.0218e-20 -9.87886e-16 0)
(2.08463e-20 -9.87887e-16 0)
(2.14559e-20 -9.87888e-16 0)
(2.20491e-20 -9.87888e-16 0)
(2.26278e-20 -9.87889e-16 0)
(2.31938e-20 -9.87889e-16 0)
(2.37487e-20 -9.8789e-16 0)
(2.4294e-20 -9.8789e-16 0)
(2.4831e-20 -9.87891e-16 0)
(2.53608e-20 -9.87891e-16 0)
(2.58843e-20 -9.87892e-16 0)
(2.64023e-20 -9.87892e-16 0)
(2.69153e-20 -9.87892e-16 0)
(2.74239e-20 -9.87893e-16 0)
(2.79284e-20 -9.87893e-16 0)
(2.8429e-20 -9.87893e-16 0)
(2.89258e-20 -9.87894e-16 0)
(5.71067e-20 -2.72057e-15 0)
(8.62585e-10 -1.42849e-05 0)
(8.02098e-10 -3.09173e-05 0)
(6.24922e-22 -9.87879e-16 0)
(1.86169e-21 -9.87879e-16 0)
(3.07069e-21 -9.87879e-16 0)
(4.24897e-21 -9.8788e-16 0)
(5.39411e-21 -9.8788e-16 0)
(6.50425e-21 -9.8788e-16 0)
(7.57805e-21 -9.8788e-16 0)
(8.61472e-21 -9.87881e-16 0)
(9.61394e-21 -9.87881e-16 0)
(1.05758e-20 -9.87882e-16 0)
(1.1501e-20 -9.87882e-16 0)
(1.23903e-20 -9.87883e-16 0)
(1.3245e-20 -9.87883e-16 0)
(1.40666e-20 -9.87884e-16 0)
(1.48567e-20 -9.87884e-16 0)
(1.56174e-20 -9.87885e-16 0)
(1.63506e-20 -9.87886e-16 0)
(1.70584e-20 -9.87886e-16 0)
(1.77429e-20 -9.87887e-16 0)
(1.84063e-20 -9.87887e-16 0)
(1.90507e-20 -9.87888e-16 0)
(1.96782e-20 -9.87888e-16 0)
(2.02907e-20 -9.87889e-16 0)
(2.08902e-20 -9.87889e-16 0)
(2.14783e-20 -9.8789e-16 0)
(2.20567e-20 -9.8789e-16 0)
(2.26269e-20 -9.87891e-16 0)
(2.319e-20 -9.87891e-16 0)
(2.37473e-20 -9.87892e-16 0)
(2.42997e-20 -9.87892e-16 0)
(2.48478e-20 -9.87893e-16 0)
(2.53925e-20 -9.87893e-16 0)
(2.59339e-20 -9.87894e-16 0)
(2.64726e-20 -9.87894e-16 0)
(2.70086e-20 -9.87894e-16 0)
(2.75419e-20 -9.87895e-16 0)
(2.80725e-20 -9.87895e-16 0)
(5.23741e-20 -2.50128e-15 0)
(7.00651e-10 -1.27402e-05 0)
(6.3945e-10 -2.75275e-05 0)
(5.75331e-22 -9.87881e-16 0)
(1.7142e-21 -9.87881e-16 0)
(2.82821e-21 -9.87881e-16 0)
(3.91503e-21 -9.87881e-16 0)
(4.97278e-21 -9.87881e-16 0)
(6.00005e-21 -9.87882e-16 0)
(6.99583e-21 -9.87882e-16 0)
(7.95959e-21 -9.87882e-16 0)
(8.89115e-21 -9.87883e-16 0)
(9.79076e-21 -9.87883e-16 0)
(1.0659e-20 -9.87884e-16 0)
(1.14967e-20 -9.87884e-16 0)
(1.2305e-20 -9.87885e-16 0)
(1.30852e-20 -9.87885e-16 0)
(1.3839e-20 -9.87886e-16 0)
(1.45681e-20 -9.87886e-16 0)
(1.52741e-20 -9.87887e-16 0)
(1.59592e-20 -9.87887e-16 0)
(1.6625e-20 -9.87888e-16 0)
(1.72738e-20 -9.87889e-16 0)
(1.79072e-20 -9.87889e-16 0)
(1.85274e-20 -9.8789e-16 0)
(1.9136e-20 -9.8789e-16 0)
(1.97349e-20 -9.87891e-16 0)
(2.03257e-20 -9.87891e-16 0)
(2.09099e-20 -9.87892e-16 0)
(2.14888e-20 -9.87892e-16 0)
(2.20638e-20 -9.87893e-16 0)
(2.26358e-20 -9.87893e-16 0)
(2.32057e-20 -9.87894e-16 0)
(2.37741e-20 -9.87894e-16 0)
(2.43417e-20 -9.87895e-16 0)
(2.49086e-20 -9.87895e-16 0)
(2.54749e-20 -9.87895e-16 0)
(2.60408e-20 -9.87896e-16 0)
(2.66059e-20 -9.87896e-16 0)
(2.71701e-20 -9.87897e-16 0)
(4.76476e-20 -2.27923e-15 0)
(5.57459e-10 -1.119e-05 0)
(4.99235e-10 -2.42367e-05 0)
(5.29295e-22 -9.87882e-16 0)
(1.57723e-21 -9.87882e-16 0)
(2.60285e-21 -9.87883e-16 0)
(3.60435e-21 -9.87883e-16 0)
(4.58027e-21 -9.87883e-16 0)
(5.52952e-21 -9.87883e-16 0)
(6.45139e-21 -9.87884e-16 0)
(7.34551e-21 -9.87884e-16 0)
(8.21186e-21 -9.87884e-16 0)
(9.05072e-21 -9.87885e-16 0)
(9.86266e-21 -9.87885e-16 0)
(1.06485e-20 -9.87886e-16 0)
(1.14093e-20 -9.87886e-16 0)
(1.21464e-20 -9.87887e-16 0)
(1.28611e-20 -9.87887e-16 0)
(1.3555e-20 -9.87888e-16 0)
(1.42297e-20 -9.87888e-16 0)
(1.48871e-20 -9.87889e-16 0)
(1.55289e-20 -9.87889e-16 0)
(1.61569e-20 -9.8789e-16 0)
(1.6773e-20 -9.8789e-16 0)
(1.7379e-20 -9.87891e-16 0)
(1.79768e-20 -9.87891e-16 0)
(1.85679e-20 -9.87892e-16 0)
(1.91541e-20 -9.87893e-16 0)
(1.9737e-20 -9.87893e-16 0)
(2.03179e-20 -9.87894e-16 0)
(2.08981e-20 -9.87894e-16 0)
(2.14788e-20 -9.87895e-16 0)
(2.20608e-20 -9.87895e-16 0)
(2.26449e-20 -9.87896e-16 0)
(2.32316e-20 -9.87896e-16 0)
(2.3821e-20 -9.87897e-16 0)
(2.44131e-20 -9.87897e-16 0)
(2.50076e-20 -9.87897e-16 0)
(2.5604e-20 -9.87898e-16 0)
(2.62013e-20 -9.87898e-16 0)
(4.30131e-20 -2.06084e-15 0)
(4.32276e-10 -9.64027e-06 0)
(3.79443e-10 -2.1051e-05 0)
(4.86111e-22 -9.87884e-16 0)
(1.4487e-21 -9.87884e-16 0)
(2.39123e-21 -9.87884e-16 0)
(3.31229e-21 -9.87884e-16 0)
(4.21076e-21 -9.87884e-16 0)
(5.08581e-21 -9.87885e-16 0)
(5.93693e-21 -9.87885e-16 0)
(6.7639e-21 -9.87885e-16 0)
(7.56677e-21 -9.87886e-16 0)
(8.34586e-21 -9.87886e-16 0)
(9.10173e-21 -9.87886e-16 0)
(9.83516e-21 -9.87887e-16 0)
(1.05471e-20 -9.87887e-16 0)
(1.12388e-20 -9.87888e-16 0)
(1.19115e-20 -9.87888e-16 0)
(1.25666e-20 -9.87889e-16 0)
(1.32057e-20 -9.87889e-16 0)
(1.38304e-20 -9.8789e-16 0)
(1.44424e-20 -9.87891e-16 0)
(1.50435e-20 -9.87891e-16 0)
(1.56354e-20 -9.87892e-16 0)
(1.62201e-20 -9.87892e-16 0)
(1.67992e-20 -9.87893e-16 0)
(1.73747e-20 -9.87893e-16 0)
(1.79482e-20 -9.87894e-16 0)
(1.85215e-20 -9.87894e-16 0)
(1.90962e-20 -9.87895e-16 0)
(1.96738e-20 -9.87895e-16 0)
(2.02558e-20 -9.87896e-16 0)
(2.08433e-20 -9.87897e-16 0)
(2.14373e-20 -9.87897e-16 0)
(2.20385e-20 -9.87898e-16 0)
(2.26474e-20 -9.87898e-16 0)
(2.32641e-20 -9.87899e-16 0)
(2.3888e-20 -9.87899e-16 0)
(2.45185e-20 -9.87899e-16 0)
(2.5154e-20 -9.879e-16 0)
(3.85708e-20 -1.85157e-15 0)
(3.24665e-10 -8.09774e-06 0)
(2.79085e-10 -1.79777e-05 0)
(4.45221e-22 -9.87885e-16 0)
(1.32695e-21 -9.87885e-16 0)
(2.19064e-21 -9.87885e-16 0)
(3.03518e-21 -9.87886e-16 0)
(3.85968e-21 -9.87886e-16 0)
(4.66353e-21 -9.87886e-16 0)
(5.44635e-21 -9.87886e-16 0)
(6.20802e-21 -9.87887e-16 0)
(6.94863e-21 -9.87887e-16 0)
(7.6685e-21 -9.87887e-16 0)
(8.36817e-21 -9.87888e-16 0)
(9.04836e-21 -9.87888e-16 0)
(9.70994e-21 -9.87889e-16 0)
(1.0354e-20 -9.87889e-16 0)
(1.09816e-20 -9.8789e-16 0)
(1.15942e-20 -9.8789e-16 0)
(1.21932e-20 -9.87891e-16 0)
(1.27801e-20 -9.87891e-16 0)
(1.33564e-20 -9.87892e-16 0)
(1.3924e-20 -9.87892e-16 0)
(1.44845e-20 -9.87893e-16 0)
(1.50398e-20 -9.87893e-16 0)
(1.55917e-20 -9.87894e-16 0)
(1.61423e-20 -9.87895e-16 0)
(1.66934e-20 -9.87895e-16 0)
(1.7247e-20 -9.87896e-16 0)
(1.78052e-20 -9.87896e-16 0)
(1.83698e-20 -9.87897e-16 0)
(1.89429e-20 -9.87897e-16 0)
(1.95261e-20 -9.87898e-16 0)
(2.01213e-20 -9.87899e-16 0)
(2.07298e-20 -9.87899e-16 0)
(2.13529e-20 -9.879e-16 0)
(2.19913e-20 -9.879e-16 0)
(2.26453e-20 -9.87901e-16 0)
(2.33147e-20 -9.87901e-16 0)
(2.39986e-20 -9.87902e-16 0)
(3.43674e-20 -1.65521e-15 0)
(2.33916e-10 -6.56966e-06 0)
(1.96841e-10 -1.50252e-05 0)
(4.06192e-22 -9.87886e-16 0)
(1.21071e-21 -9.87887e-16 0)
(1.99899e-21 -9.87887e-16 0)
(2.77015e-21 -9.87887e-16 0)
(3.52349e-21 -9.87887e-16 0)
(4.25853e-21 -9.87887e-16 0)
(4.97498e-21 -9.87887e-16 0)
(5.67276e-21 -9.87888e-16 0)
(6.35198e-21 -9.87888e-16 0)
(7.01295e-21 -9.87888e-16 0)
(7.65612e-21 -9.87889e-16 0)
(8.28212e-21 -9.87889e-16 0)
(8.89174e-21 -9.8789e-16 0)
(9.48588e-21 -9.8789e-16 0)
(1.00656e-20 -9.87891e-16 0)
(1.0632e-20 -9.87891e-16 0)
(1.11865e-20 -9.87892e-16 0)
(1.17303e-20 -9.87892e-16 0)
(1.2265e-20 -9.87893e-16 0)
(1.27922e-20 -9.87893e-16 0)
(1.33135e-20 -9.87894e-16 0)
(1.38308e-20 -9.87894e-16 0)
(1.43459e-20 -9.87895e-16 0)
(1.48609e-20 -9.87896e-16 0)
(1.5378e-20 -9.87896e-16 0)
(1.58994e-20 -9.87897e-16 0)
(1.64275e-20 -9.87898e-16 0)
(1.69649e-20 -9.87898e-16 0)
(1.75142e-20 -9.87899e-16 0)
(1.80781e-20 -9.87899e-16 0)
(1.86595e-20 -9.879e-16 0)
(1.92611e-20 -9.87901e-16 0)
(1.98857e-20 -9.87901e-16 0)
(2.05356e-20 -9.87902e-16 0)
(2.1213e-20 -9.87903e-16 0)
(2.19193e-20 -9.87903e-16 0)
(2.26555e-20 -9.87904e-16 0)
(3.03322e-20 -1.47176e-15 0)
(1.58737e-10 -5.06645e-06 0)
(1.29985e-10 -1.22043e-05 0)
(3.6869e-22 -9.87888e-16 0)
(1.09898e-21 -9.87888e-16 0)
(1.81468e-21 -9.87888e-16 0)
(2.51505e-21 -9.87888e-16 0)
(3.19952e-21 -9.87888e-16 0)
(3.8677e-21 -9.87888e-16 0)
(4.51935e-21 -9.87889e-16 0)
(5.15441e-21 -9.87889e-16 0)
(5.77294e-21 -9.87889e-16 0)
(6.3752e-21 -9.8789e-16 0)
(6.96157e-21 -9.8789e-16 0)
(7.53255e-21 -9.8789e-16 0)
(8.08878e-21 -9.87891e-16 0)
(8.63102e-21 -9.87891e-16 0)
(9.16012e-21 -9.87892e-16 0)
(9.67705e-21 -9.87892e-16 0)
(1.01829e-20 -9.87893e-16 0)
(1.06788e-20 -9.87893e-16 0)
(1.11661e-20 -9.87894e-16 0)
(1.16462e-20 -9.87894e-16 0)
(1.21205e-20 -9.87895e-16 0)
(1.25907e-20 -9.87896e-16 0)
(1.30587e-20 -9.87896e-16 0)
(1.35265e-20 -9.87897e-16 0)
(1.39961e-20 -9.87897e-16 0)
(1.44701e-20 -9.87898e-16 0)
(1.49512e-20 -9.87899e-16 0)
(1.54423e-20 -9.87899e-16 0)
(1.59468e-20 -9.879e-16 0)
(1.64684e-20 -9.87901e-16 0)
(1.70113e-20 -9.87901e-16 0)
(1.758e-20 -9.87902e-16 0)
(1.81795e-20 -9.87903e-16 0)
(1.8815e-20 -9.87904e-16 0)
(1.94919e-20 -9.87904e-16 0)
(2.02154e-20 -9.87905e-16 0)
(2.09903e-20 -9.87906e-16 0)
(2.62736e-20 -1.29988e-15 0)
(9.85021e-11 -3.61006e-06 0)
(7.73026e-11 -9.52854e-06 0)
(3.32469e-22 -9.87889e-16 0)
(9.91038e-22 -9.87889e-16 0)
(1.63652e-21 -9.87889e-16 0)
(2.26829e-21 -9.87889e-16 0)
(2.88585e-21 -9.87889e-16 0)
(3.48886e-21 -9.87889e-16 0)
(4.07708e-21 -9.8789e-16 0)
(4.65043e-21 -9.8789e-16 0)
(5.20895e-21 -9.8789e-16 0)
(5.75278e-21 -9.8789e-16 0)
(6.2822e-21 -9.87891e-16 0)
(6.79756e-21 -9.87891e-16 0)
(7.29934e-21 -9.87892e-16 0)
(7.78809e-21 -9.87892e-16 0)
(8.26446e-21 -9.87893e-16 0)
(8.72916e-21 -9.87893e-16 0)
(9.183e-21 -9.87894e-16 0)
(9.62688e-21 -9.87894e-16 0)
(1.00618e-20 -9.87895e-16 0)
(1.04888e-20 -9.87895e-16 0)
(1.0909e-20 -9.87896e-16 0)
(1.13239e-20 -9.87896e-16 0)
(1.17348e-20 -9.87897e-16 0)
(1.21435e-20 -9.87898e-16 0)
(1.25518e-20 -9.87898e-16 0)
(1.2962e-20 -9.87899e-16 0)
(1.33765e-20 -9.879e-16 0)
(1.37983e-20 -9.879e-16 0)
(1.4231e-20 -9.87901e-16 0)
(1.46787e-20 -9.87902e-16 0)
(1.51464e-20 -9.87903e-16 0)
(1.56402e-20 -9.87904e-16 0)
(1.61673e-20 -9.87904e-16 0)
(1.67364e-20 -9.87905e-16 0)
(1.73578e-20 -9.87906e-16 0)
(1.80436e-20 -9.87907e-16 0)
(1.88076e-20 -9.87908e-16 0)
(2.19989e-20 -1.13941e-15 0)
(5.33857e-11 -2.25115e-06 0)
(3.95552e-11 -7.01593e-06 0)
(2.97348e-22 -9.8789e-16 0)
(8.86353e-22 -9.8789e-16 0)
(1.46367e-21 -9.8789e-16 0)
(2.02874e-21 -9.8789e-16 0)
(2.58112e-21 -9.8789e-16 0)
(3.12047e-21 -9.8789e-16 0)
(3.64656e-21 -9.8789e-16 0)
(4.15924e-21 -9.87891e-16 0)
(4.6585e-21 -9.87891e-16 0)
(5.14437e-21 -9.87891e-16 0)
(5.617e-21 -9.87892e-16 0)
(6.07658e-21 -9.87892e-16 0)
(6.5234e-21 -9.87893e-16 0)
(6.95778e-21 -9.87893e-16 0)
(7.38011e-21 -9.87893e-16 0)
(7.79082e-21 -9.87894e-16 0)
(8.19041e-21 -9.87894e-16 0)
(8.5794e-21 -9.87895e-16 0)
(8.95838e-21 -9.87895e-16 0)
(9.32798e-21 -9.87896e-16 0)
(9.68891e-21 -9.87897e-16 0)
(1.00419e-20 -9.87897e-16 0)
(1.03879e-20 -9.87898e-16 0)
(1.07279e-20 -9.87898e-16 0)
(1.10629e-20 -9.87899e-16 0)
(1.13945e-20 -9.879e-16 0)
(1.17241e-20 -9.87901e-16 0)
(1.20538e-20 -9.87901e-16 0)
(1.2386e-20 -9.87902e-16 0)
(1.27239e-20 -9.87903e-16 0)
(1.30715e-20 -9.87904e-16 0)
(1.34339e-20 -9.87905e-16 0)
(1.38181e-20 -9.87906e-16 0)
(1.42332e-20 -9.87907e-16 0)
(1.46918e-20 -9.87908e-16 0)
(1.52112e-20 -9.87909e-16 0)
(1.58154e-20 -9.8791e-16 0)
(1.71743e-20 -1.03792e-15 0)
(2.29685e-11 -1.10195e-06 0)
(1.57696e-11 -4.69197e-06 0)
(2.63196e-22 -9.8789e-16 0)
(7.84545e-22 -9.8789e-16 0)
(1.29553e-21 -9.8789e-16 0)
(1.79562e-21 -9.87891e-16 0)
(2.28441e-21 -9.87891e-16 0)
(2.76156e-21 -9.87891e-16 0)
(3.22679e-21 -9.87891e-16 0)
(3.67994e-21 -9.87891e-16 0)
(4.12088e-21 -9.87892e-16 0)
(4.54956e-21 -9.87892e-16 0)
(4.96597e-21 -9.87892e-16 0)
(5.37015e-21 -9.87893e-16 0)
(5.76217e-21 -9.87893e-16 0)
(6.14215e-21 -9.87894e-16 0)
(6.51019e-21 -9.87894e-16 0)
(6.86644e-21 -9.87895e-16 0)
(7.21102e-21 -9.87895e-16 0)
(7.54408e-21 -9.87896e-16 0)
(7.86575e-21 -9.87896e-16 0)
(8.17615e-21 -9.87897e-16 0)
(8.47538e-21 -9.87897e-16 0)
(8.76355e-21 -9.87898e-16 0)
(9.04072e-21 -9.87899e-16 0)
(9.30695e-21 -9.87899e-16 0)
(9.56228e-21 -9.879e-16 0)
(9.80676e-21 -9.879e-16 0)
(1.00404e-20 -9.87901e-16 0)
(1.02632e-20 -9.87902e-16 0)
(1.04754e-20 -9.87903e-16 0)
(1.06769e-20 -9.87904e-16 0)
(1.08679e-20 -9.87904e-16 0)
(1.1049e-20 -9.87905e-16 0)
(1.12205e-20 -9.87906e-16 0)
(1.13835e-20 -9.87907e-16 0)
(1.15394e-20 -9.87908e-16 0)
(1.16906e-20 -9.8791e-16 0)
(1.18403e-20 -9.87911e-16 0)
(1.21522e-20 -1.00535e-15 0)
(6.25943e-12 -4.29669e-07 0)
(3.67732e-12 -2.59658e-06 0)
(2.29919e-22 -9.87891e-16 0)
(6.85333e-22 -9.87891e-16 0)
(1.13164e-21 -9.87891e-16 0)
(1.56836e-21 -9.87891e-16 0)
(1.99508e-21 -9.87891e-16 0)
(2.41145e-21 -9.87892e-16 0)
(2.81719e-21 -9.87892e-16 0)
(3.21204e-21 -9.87892e-16 0)
(3.59584e-21 -9.87892e-16 0)
(3.96841e-21 -9.87893e-16 0)
(4.32963e-21 -9.87893e-16 0)
(4.67937e-21 -9.87894e-16 0)
(5.01754e-21 -9.87894e-16 0)
(5.34402e-21 -9.87894e-16 0)
(5.65868e-21 -9.87895e-16 0)
(5.96137e-21 -9.87895e-16 0)
(6.25191e-21 -9.87896e-16 0)
(6.53004e-21 -9.87896e-16 0)
(6.79549e-21 -9.87897e-16 0)
(7.04787e-21 -9.87897e-16 0)
(7.28671e-21 -9.87898e-16 0)
(7.51145e-21 -9.87898e-16 0)
(7.72137e-21 -9.87899e-16 0)
(7.91559e-21 -9.879e-16 0)
(8.09306e-21 -9.879e-16 0)
(8.25245e-21 -9.87901e-16 0)
(8.39213e-21 -9.87902e-16 0)
(8.51011e-21 -9.87902e-16 0)
(8.60387e-21 -9.87903e-16 0)
(8.67027e-21 -9.87904e-16 0)
(8.70529e-21 -9.87905e-16 0)
(8.70379e-21 -9.87905e-16 0)
(8.65906e-21 -9.87906e-16 0)
(8.56224e-21 -9.87907e-16 0)
(8.40149e-21 -9.87908e-16 0)
(8.16077e-21 -9.8791e-16 0)
(7.81803e-21 -9.87911e-16 0)
(7.3747e-21 -9.92386e-16 0)
(1.59975e-12 -1.30179e-07 0)
(2.38421e-12 -8.06106e-07 0)
(1.97437e-22 -9.87892e-16 0)
(5.88495e-22 -9.87892e-16 0)
(9.71675e-22 -9.87892e-16 0)
(1.34652e-21 -9.87892e-16 0)
(1.71263e-21 -9.87892e-16 0)
(2.06966e-21 -9.87892e-16 0)
(2.41729e-21 -9.87892e-16 0)
(2.75525e-21 -9.87893e-16 0)
(3.08328e-21 -9.87893e-16 0)
(3.40115e-21 -9.87893e-16 0)
(3.70863e-21 -9.87894e-16 0)
(4.00546e-21 -9.87894e-16 0)
(4.2914e-21 -9.87894e-16 0)
(4.56617e-21 -9.87895e-16 0)
(4.82943e-21 -9.87895e-16 0)
(5.08081e-21 -9.87896e-16 0)
(5.31985e-21 -9.87896e-16 0)
(5.54604e-21 -9.87897e-16 0)
(5.75873e-21 -9.87897e-16 0)
(5.95718e-21 -9.87898e-16 0)
(6.14049e-21 -9.87898e-16 0)
(6.3076e-21 -9.87899e-16 0)
(6.45724e-21 -9.87899e-16 0)
(6.5879e-21 -9.879e-16 0)
(6.69776e-21 -9.87901e-16 0)
(6.78468e-21 -9.87901e-16 0)
(6.84606e-21 -9.87902e-16 0)
(6.87876e-21 -9.87902e-16 0)
(6.87899e-21 -9.87903e-16 0)
(6.84213e-21 -9.87904e-16 0)
(6.76251e-21 -9.87905e-16 0)
(6.63313e-21 -9.87905e-16 0)
(6.4453e-21 -9.87906e-16 0)
(6.18822e-21 -9.87907e-16 0)
(5.84833e-21 -9.87908e-16 0)
(5.40862e-21 -9.87908e-16 0)
(4.84771e-21 -9.87909e-16 0)
(4.13872e-21 -9.8791e-16 0)
(3.248e-21 -9.87911e-16 0)
(1.78148e-21 -9.87913e-16 0)
(1.65682e-22 -9.87892e-16 0)
(4.93824e-22 -9.87892e-16 0)
(8.15297e-22 -9.87892e-16 0)
(1.12968e-21 -9.87892e-16 0)
(1.43659e-21 -9.87893e-16 0)
(1.73568e-21 -9.87893e-16 0)
(2.02665e-21 -9.87893e-16 0)
(2.30919e-21 -9.87893e-16 0)
(2.583e-21 -9.87894e-16 0)
(2.84781e-21 -9.87894e-16 0)
(3.10332e-21 -9.87894e-16 0)
(3.34919e-21 -9.87895e-16 0)
(3.58508e-21 -9.87895e-16 0)
(3.81059e-21 -9.87895e-16 0)
(4.02527e-21 -9.87896e-16 0)
(4.2286e-21 -9.87896e-16 0)
(4.41997e-21 -9.87897e-16 0)
(4.59867e-21 -9.87897e-16 0)
(4.7639e-21 -9.87898e-16 0)
(4.91468e-21 -9.87898e-16 0)
(5.04992e-21 -9.87899e-16 0)
(5.16832e-21 -9.87899e-16 0)
(5.26839e-21 -9.879e-16 0)
(5.34841e-21 -9.879e-16 0)
(5.40637e-21 -9.87901e-16 0)
(5.43995e-21 -9.87901e-16 0)
(5.44648e-21 -9.87902e-16 0)
(5.42287e-21 -9.87902e-16 0)
(5.36558e-21 -9.87903e-16 0)
(5.2705e-21 -9.87904e-16 0)
(5.13297e-21 -9.87904e-16 0)
(4.94767e-21 -9.87905e-16 0)
(4.70861e-21 -9.87905e-16 0)
(4.40915e-21 -9.87906e-16 0)
(4.04207e-21 -9.87907e-16 0)
(3.59977e-21 -9.87907e-16 0)
(3.07476e-21 -9.87908e-16 0)
(2.46032e-21 -9.87908e-16 0)
(1.75181e-21 -9.87909e-16 0)
(9.48589e-22 -9.87909e-16 0)
(1.34579e-22 -9.87893e-16 0)
(4.01102e-22 -9.87893e-16 0)
(6.62158e-22 -9.87893e-16 0)
(9.1737e-22 -9.87893e-16 0)
(1.16639e-21 -9.87893e-16 0)
(1.40891e-21 -9.87893e-16 0)
(1.64462e-21 -9.87893e-16 0)
(1.87323e-21 -9.87894e-16 0)
(2.09444e-21 -9.87894e-16 0)
(2.30794e-21 -9.87894e-16 0)
(2.51342e-21 -9.87895e-16 0)
(2.71051e-21 -9.87895e-16 0)
(2.89884e-21 -9.87895e-16 0)
(3.07795e-21 -9.87896e-16 0)
(3.24736e-21 -9.87896e-16 0)
(3.40647e-21 -9.87897e-16 0)
(3.55466e-21 -9.87897e-16 0)
(3.69115e-21 -9.87897e-16 0)
(3.8151e-21 -9.87898e-16 0)
(3.92553e-21 -9.87898e-16 0)
(4.02132e-21 -9.87899e-16 0)
(4.10122e-21 -9.87899e-16 0)
(4.1638e-21 -9.879e-16 0)
(4.20747e-21 -9.879e-16 0)
(4.23045e-21 -9.87901e-16 0)
(4.23078e-21 -9.87901e-16 0)
(4.20629e-21 -9.87902e-16 0)
(4.15462e-21 -9.87902e-16 0)
(4.07325e-21 -9.87903e-16 0)
(3.9595e-21 -9.87903e-16 0)
(3.81061e-21 -9.87904e-16 0)
(3.62382e-21 -9.87904e-16 0)
(3.39651e-21 -9.87905e-16 0)
(3.12643e-21 -9.87905e-16 0)
(2.81192e-21 -9.87906e-16 0)
(2.45242e-21 -9.87906e-16 0)
(2.04891e-21 -9.87906e-16 0)
(1.60471e-21 -9.87907e-16 0)
(1.12637e-21 -9.87907e-16 0)
(6.24805e-22 -9.87907e-16 0)
(1.04041e-22 -9.87893e-16 0)
(3.10073e-22 -9.87893e-16 0)
(5.11843e-22 -9.87893e-16 0)
(7.09033e-22 -9.87893e-16 0)
(9.01353e-22 -9.87893e-16 0)
(1.08853e-21 -9.87894e-16 0)
(1.27029e-21 -9.87894e-16 0)
(1.44638e-21 -9.87894e-16 0)
(1.61653e-21 -9.87894e-16 0)
(1.78044e-21 -9.87895e-16 0)
(1.93782e-21 -9.87895e-16 0)
(2.08834e-21 -9.87895e-16 0)
(2.23162e-21 -9.87896e-16 0)
(2.36723e-21 -9.87896e-16 0)
(2.49472e-21 -9.87896e-16 0)
(2.61355e-21 -9.87897e-16 0)
(2.72311e-21 -9.87897e-16 0)
(2.82272e-21 -9.87898e-16 0)
(2.9116e-21 -9.87898e-16 0)
(2.9889e-21 -9.87898e-16 0)
(3.05366e-21 -9.87899e-16 0)
(3.10481e-21 -9.87899e-16 0)
(3.14119e-21 -9.879e-16 0)
(3.16155e-21 -9.879e-16 0)
(3.16454e-21 -9.87901e-16 0)
(3.14872e-21 -9.87901e-16 0)
(3.11263e-21 -9.87902e-16 0)
(3.05475e-21 -9.87902e-16 0)
(2.97361e-21 -9.87903e-16 0)
(2.86782e-21 -9.87903e-16 0)
(2.73615e-21 -9.87903e-16 0)
(2.57762e-21 -9.87904e-16 0)
(2.39167e-21 -9.87904e-16 0)
(2.17824e-21 -9.87905e-16 0)
(1.93802e-21 -9.87905e-16 0)
(1.67256e-21 -9.87905e-16 0)
(1.38447e-21 -9.87905e-16 0)
(1.0776e-21 -9.87906e-16 0)
(7.57062e-22 -9.87906e-16 0)
(4.29145e-22 -9.87906e-16 0)
(7.39662e-23 -9.87893e-16 0)
(2.20434e-22 -9.87893e-16 0)
(3.63849e-22 -9.87893e-16 0)
(5.03972e-22 -9.87893e-16 0)
(6.40581e-22 -9.87894e-16 0)
(7.73463e-22 -9.87894e-16 0)
(9.02411e-22 -9.87894e-16 0)
(1.02722e-21 -9.87894e-16 0)
(1.14766e-21 -9.87894e-16 0)
(1.26352e-21 -9.87895e-16 0)
(1.37454e-21 -9.87895e-16 0)
(1.48045e-21 -9.87895e-16 0)
(1.58096e-21 -9.87896e-16 0)
(1.67571e-21 -9.87896e-16 0)
(1.76433e-21 -9.87897e-16 0)
(1.84639e-21 -9.87897e-16 0)
(1.92141e-21 -9.87897e-16 0)
(1.98885e-21 -9.87898e-16 0)
(2.04812e-21 -9.87898e-16 0)
(2.09856e-21 -9.87899e-16 0)
(2.13945e-21 -9.87899e-16 0)
(2.17001e-21 -9.87899e-16 0)
(2.18942e-21 -9.879e-16 0)
(2.19682e-21 -9.879e-16 0)
(2.1913e-21 -9.87901e-16 0)
(2.17197e-21 -9.87901e-16 0)
(2.13794e-21 -9.87902e-16 0)
(2.08838e-21 -9.87902e-16 0)
(2.02258e-21 -9.87902e-16 0)
(1.93994e-21 -9.87903e-16 0)
(1.84008e-21 -9.87903e-16 0)
(1.7229e-21 -9.87903e-16 0)
(1.58862e-21 -9.87904e-16 0)
(1.43787e-21 -9.87904e-16 0)
(1.27174e-21 -9.87904e-16 0)
(1.09183e-21 -9.87904e-16 0)
(9.00267e-22 -9.87905e-16 0)
(6.9967e-22 -9.87905e-16 0)
(4.93092e-22 -9.87905e-16 0)
(2.83873e-22 -9.87905e-16 0)
(4.42371e-23 -9.87893e-16 0)
(1.31832e-22 -9.87893e-16 0)
(2.17592e-22 -9.87893e-16 0)
(3.01367e-22 -9.87894e-16 0)
(3.83018e-22 -9.87894e-16 0)
(4.6241e-22 -9.87894e-16 0)
(5.39411e-22 -9.87894e-16 0)
(6.13889e-22 -9.87894e-16 0)
(6.85702e-22 -9.87895e-16 0)
(7.54704e-22 -9.87895e-16 0)
(8.20732e-22 -9.87895e-16 0)
(8.8361e-22 -9.87896e-16 0)
(9.43141e-22 -9.87896e-16 0)
(9.99105e-22 -9.87896e-16 0)
(1.05126e-21 -9.87897e-16 0)
(1.09932e-21 -9.87897e-16 0)
(1.14299e-21 -9.87897e-16 0)
(1.18192e-21 -9.87898e-16 0)
(1.21575e-21 -9.87898e-16 0)
(1.24406e-21 -9.87899e-16 0)
(1.26642e-21 -9.87899e-16 0)
(1.28237e-21 -9.879e-16 0)
(1.29141e-21 -9.879e-16 0)
(1.29306e-21 -9.879e-16 0)
(1.28682e-21 -9.87901e-16 0)
(1.27221e-21 -9.87901e-16 0)
(1.24879e-21 -9.87902e-16 0)
(1.21616e-21 -9.87902e-16 0)
(1.17404e-21 -9.87902e-16 0)
(1.12223e-21 -9.87903e-16 0)
(1.06069e-21 -9.87903e-16 0)
(9.89563e-22 -9.87903e-16 0)
(9.09174e-22 -9.87903e-16 0)
(8.20085e-22 -9.87904e-16 0)
(7.23092e-22 -9.87904e-16 0)
(6.19232e-22 -9.87904e-16 0)
(5.0976e-22 -9.87904e-16 0)
(3.96121e-22 -9.87904e-16 0)
(2.79894e-22 -9.87904e-16 0)
(1.62723e-22 -9.87905e-16 0)
(1.47216e-23 -9.87893e-16 0)
(4.38717e-23 -9.87894e-16 0)
(7.24094e-23 -9.87894e-16 0)
(1.00284e-22 -9.87894e-16 0)
(1.27447e-22 -9.87894e-16 0)
(1.53854e-22 -9.87894e-16 0)
(1.79459e-22 -9.87894e-16 0)
(2.04215e-22 -9.87894e-16 0)
(2.28075e-22 -9.87895e-16 0)
(2.50988e-22 -9.87895e-16 0)
(2.72897e-22 -9.87895e-16 0)
(2.93742e-22 -9.87896e-16 0)
(3.13454e-22 -9.87896e-16 0)
(3.31956e-22 -9.87896e-16 0)
(3.49165e-22 -9.87897e-16 0)
(3.64986e-22 -9.87897e-16 0)
(3.79313e-22 -9.87898e-16 0)
(3.92031e-22 -9.87898e-16 0)
(4.03013e-22 -9.87898e-16 0)
(4.12123e-22 -9.87899e-16 0)
(4.19213e-22 -9.87899e-16 0)
(4.24131e-22 -9.879e-16 0)
(4.26718e-22 -9.879e-16 0)
(4.26813e-22 -9.879e-16 0)
(4.2426e-22 -9.87901e-16 0)
(4.1891e-22 -9.87901e-16 0)
(4.10632e-22 -9.87901e-16 0)
(3.99315e-22 -9.87902e-16 0)
(3.84883e-22 -9.87902e-16 0)
(3.673e-22 -9.87902e-16 0)
(3.46581e-22 -9.87903e-16 0)
(3.22799e-22 -9.87903e-16 0)
(2.96095e-22 -9.87903e-16 0)
(2.66676e-22 -9.87904e-16 0)
(2.34823e-22 -9.87904e-16 0)
(2.00887e-22 -9.87904e-16 0)
(1.65275e-22 -9.87904e-16 0)
(1.28445e-22 -9.87904e-16 0)
(9.08839e-23 -9.87904e-16 0)
(5.30887e-23 -9.87904e-16 0)
(2.59682e-06 -1.42547e-05 0)
(1.08553e-05 -9.49056e-06 0)
(1.62855e-05 -5.87838e-06 0)
(1.96863e-05 -3.60685e-06 0)
(2.18084e-05 -2.23798e-06 0)
(2.31564e-05 -1.43994e-06 0)
(2.40612e-05 -1.01408e-06 0)
(2.47533e-05 -8.52335e-07 0)
(2.5418e-05 -9.15652e-07 0)
(2.62457e-05 -1.22966e-06 0)
(2.74905e-05 -1.89902e-06 0)
(2.95574e-05 -3.14708e-06 0)
(3.31468e-05 -5.39396e-06 0)
(3.95022e-05 -9.38799e-06 0)
(5.00864e-05 -1.47397e-05 0)
(6.254e-05 -1.32079e-05 0)
(7.22006e-05 -8.16796e-06 0)
(7.59511e-05 -1.44507e-07 0)
(7.59581e-05 -5.1444e-08 0)
(7.59142e-05 -5.89397e-08 0)
(7.58652e-05 -6.81374e-08 0)
(7.58101e-05 -7.95657e-08 0)
(7.57477e-05 -9.39743e-08 0)
(7.56764e-05 -1.12435e-07 0)
(7.55943e-05 -1.36538e-07 0)
(7.54986e-05 -1.68728e-07 0)
(7.53856e-05 -2.1281e-07 0)
(7.52501e-05 -2.74979e-07 0)
(7.50846e-05 -3.65871e-07 0)
(7.48778e-05 -5.0489e-07 0)
(7.46113e-05 -7.29799e-07 0)
(7.42534e-05 -1.12267e-06 0)
(7.37413e-05 -1.89038e-06 0)
(7.29215e-05 -3.68903e-06 0)
(7.11835e-05 -9.94241e-06 0)
(5.02001e-05 -0.000120538 0)
(1.52201e-05 -2.46322e-08 0)
(1.56192e-11 -9.86019e-13 0)
(2.06046e-16 -9.86094e-13 0)
(6.19562e-17 -9.86125e-13 0)
(1.59357e-05 -8.17379e-05 0)
(3.42037e-05 -1.84615e-05 0)
(3.22102e-05 -6.64408e-06 0)
(2.90767e-05 -3.589e-06 0)
(2.69395e-05 -2.21924e-06 0)
(2.55747e-05 -1.42034e-06 0)
(2.46514e-05 -9.93573e-07 0)
(2.39391e-05 -8.30856e-07 0)
(2.32524e-05 -8.93099e-07 0)
(2.24013e-05 -1.2059e-06 0)
(2.11318e-05 -1.8739e-06 0)
(1.90406e-05 -3.1204e-06 0)
(1.54315e-05 -5.36549e-06 0)
(9.07452e-06 -9.35746e-06 0)
(2.49263e-06 -1.47068e-05 0)
(-7.13439e-08 -1.3172e-05 0)
(-5.78773e-08 -8.12819e-06 0)
(-1.7395e-10 -9.92533e-08 0)
(-1.47532e-16 -5.79349e-13 0)
(-1.38571e-16 -5.98278e-13 0)
(-1.32507e-16 -6.1774e-13 0)
(-1.28675e-16 -6.37575e-13 0)
(-1.26708e-16 -6.57793e-13 0)
(-1.26367e-16 -6.78406e-13 0)
(-1.27525e-16 -6.99427e-13 0)
(-1.30156e-16 -7.20869e-13 0)
(-1.34339e-16 -7.42749e-13 0)
(-1.4027e-16 -7.65086e-13 0)
(-1.48296e-16 -7.87903e-13 0)
(-1.58989e-16 -8.11227e-13 0)
(-1.73274e-16 -8.35094e-13 0)
(-1.92687e-16 -8.59553e-13 0)
(-2.19869e-16 -8.8467e-13 0)
(-2.59511e-16 -9.10553e-13 0)
(-3.19424e-16 -9.37386e-13 0)
(-3.26149e-16 -9.65556e-13 0)
(-1.61756e-16 -9.85333e-13 0)
(7.51993e-18 -9.85567e-13 0)
(3.73486e-17 -9.85675e-13 0)
(1.63975e-17 -9.8572e-13 0)
(2.08505e-08 -0.00013086 0)
(-1.14169e-09 -1.69375e-05 0)
(-6.19401e-11 -7.82631e-07 0)
(-4.62106e-17 -9.44763e-13 0)
(-4.00744e-17 -9.4229e-13 0)
(-3.5265e-17 -9.47522e-13 0)
(-3.0856e-17 -9.5265e-13 0)
(-2.64314e-17 -9.57732e-13 0)
(-2.15742e-17 -9.6279e-13 0)
(-1.57858e-17 -9.67811e-13 0)
(-8.37551e-18 -9.72735e-13 0)
(1.71995e-18 -9.7743e-13 0)
(1.62621e-17 -9.81636e-13 0)
(3.83384e-17 -9.84854e-13 0)
(2.96147e-18 -9.86133e-13 0)
(-9.55049e-17 -9.86136e-13 0)
(-1.44763e-16 -9.85995e-13 0)
(-1.39432e-16 -9.85962e-13 0)
(-1.31311e-16 -9.8595e-13 0)
(-1.26005e-16 -9.8594e-13 0)
(-1.22608e-16 -9.85933e-13 0)
(-1.20659e-16 -9.85928e-13 0)
(-1.19925e-16 -9.85923e-13 0)
(-1.20288e-16 -9.85919e-13 0)
(-1.21707e-16 -9.85914e-13 0)
(-1.24192e-16 -9.8591e-13 0)
(-1.27803e-16 -9.85906e-13 0)
(-1.32643e-16 -9.85901e-13 0)
(-1.38861e-16 -9.85895e-13 0)
(-1.4664e-16 -9.85888e-13 0)
(-1.5616e-16 -9.85878e-13 0)
(-1.67473e-16 -9.85865e-13 0)
(-1.80144e-16 -9.85846e-13 0)
(-1.92244e-16 -9.85818e-13 0)
(-1.9754e-16 -9.85773e-13 0)
(-1.78015e-16 -9.85701e-13 0)
(-1.20398e-16 -9.8564e-13 0)
(-5.69026e-17 -9.85656e-13 0)
(-2.02392e-17 -9.85685e-13 0)
(-4.3749e-18 -9.85703e-13 0)
(2.13315e-08 -0.000123595 0)
(-4.91099e-10 -1.56231e-05 0)
(-3.72125e-17 -1.29483e-12 0)
(-3.30744e-17 -9.85939e-13 0)
(-3.27569e-17 -9.85937e-13 0)
(-3.17427e-17 -9.85936e-13 0)
(-3.03114e-17 -9.85935e-13 0)
(-2.86199e-17 -9.85936e-13 0)
(-2.67765e-17 -9.85937e-13 0)
(-2.49098e-17 -9.8594e-13 0)
(-2.32627e-17 -9.85944e-13 0)
(-2.23633e-17 -9.8595e-13 0)
(-2.33733e-17 -9.8596e-13 0)
(-2.88333e-17 -9.85974e-13 0)
(-4.42958e-17 -9.85996e-13 0)
(-6.76657e-17 -9.85999e-13 0)
(-8.67394e-17 -9.85981e-13 0)
(-9.70846e-17 -9.85965e-13 0)
(-1.02297e-16 -9.85953e-13 0)
(-1.05004e-16 -9.85943e-13 0)
(-1.06578e-16 -9.85935e-13 0)
(-1.07755e-16 -9.85928e-13 0)
(-1.08946e-16 -9.85922e-13 0)
(-1.10389e-16 -9.85916e-13 0)
(-1.12229e-16 -9.85911e-13 0)
(-1.14563e-16 -9.85905e-13 0)
(-1.17454e-16 -9.85899e-13 0)
(-1.20936e-16 -9.85893e-13 0)
(-1.25003e-16 -9.85885e-13 0)
(-1.29575e-16 -9.85876e-13 0)
(-1.34429e-16 -9.85865e-13 0)
(-1.39065e-16 -9.85851e-13 0)
(-1.42467e-16 -9.85833e-13 0)
(-1.42726e-16 -9.8581e-13 0)
(-1.3661e-16 -9.85782e-13 0)
(-1.19849e-16 -9.85749e-13 0)
(-9.15111e-17 -9.85724e-13 0)
(-5.92503e-17 -9.85717e-13 0)
(-3.16029e-17 -9.8572e-13 0)
(-9.74392e-18 -9.85723e-13 0)
(2.0916e-08 -0.00011739 0)
(-4.2132e-10 -1.50662e-05 0)
(-3.2284e-17 -1.28475e-12 0)
(-2.94904e-17 -9.85937e-13 0)
(-3.04226e-17 -9.85937e-13 0)
(-3.09974e-17 -9.85937e-13 0)
(-3.13423e-17 -9.85937e-13 0)
(-3.15985e-17 -9.85938e-13 0)
(-3.19277e-17 -9.85939e-13 0)
(-3.25319e-17 -9.85941e-13 0)
(-3.36824e-17 -9.85944e-13 0)
(-3.57545e-17 -9.85948e-13 0)
(-3.92503e-17 -9.85952e-13 0)
(-4.47538e-17 -9.85957e-13 0)
(-5.26532e-17 -9.85961e-13 0)
(-6.21605e-17 -9.85961e-13 0)
(-7.13522e-17 -9.85957e-13 0)
(-7.89135e-17 -9.85951e-13 0)
(-8.4692e-17 -9.85944e-13 0)
(-8.90131e-17 -9.85937e-13 0)
(-9.22906e-17 -9.85931e-13 0)
(-9.48915e-17 -9.85924e-13 0)
(-9.71027e-17 -9.85918e-13 0)
(-9.91343e-17 -9.85913e-13 0)
(-1.01131e-16 -9.85907e-13 0)
(-1.03185e-16 -9.85901e-13 0)
(-1.05335e-16 -9.85894e-13 0)
(-1.07572e-16 -9.85887e-13 0)
(-1.0982e-16 -9.8588e-13 0)
(-1.11912e-16 -9.8587e-13 0)
(-1.1355e-16 -9.8586e-13 0)
(-1.14242e-16 -9.85847e-13 0)
(-1.1323e-16 -9.85833e-13 0)
(-1.09446e-16 -9.85816e-13 0)
(-1.01598e-16 -9.85798e-13 0)
(-8.86194e-17 -9.8578e-13 0)
(-7.07406e-17 -9.85765e-13 0)
(-5.01603e-17 -9.85756e-13 0)
(-2.94621e-17 -9.85752e-13 0)
(-9.66667e-18 -9.85751e-13 0)
(1.77254e-08 -0.000111302 0)
(-4.03844e-10 -1.45059e-05 0)
(-3.21838e-17 -1.2749e-12 0)
(-2.95187e-17 -9.85934e-13 0)
(-3.07806e-17 -9.85934e-13 0)
(-3.19234e-17 -9.85935e-13 0)
(-3.30163e-17 -9.85935e-13 0)
(-3.4146e-17 -9.85936e-13 0)
(-3.54173e-17 -9.85937e-13 0)
(-3.69545e-17 -9.85938e-13 0)
(-3.8902e-17 -9.8594e-13 0)
(-4.14179e-17 -9.85941e-13 0)
(-4.46548e-17 -9.85943e-13 0)
(-4.87131e-17 -9.85944e-13 0)
(-5.35586e-17 -9.85945e-13 0)
(-5.89229e-17 -9.85944e-13 0)
(-6.43499e-17 -9.85942e-13 0)
(-6.94229e-17 -9.85938e-13 0)
(-7.39118e-17 -9.85934e-13 0)
(-7.77566e-17 -9.8593e-13 0)
(-8.10032e-17 -9.85925e-13 0)
(-8.3747e-17 -9.8592e-13 0)
(-8.60949e-17 -9.85914e-13 0)
(-8.8143e-17 -9.85909e-13 0)
(-8.99641e-17 -9.85903e-13 0)
(-9.16005e-17 -9.85897e-13 0)
(-9.30579e-17 -9.85891e-13 0)
(-9.42983e-17 -9.85884e-13 0)
(-9.52291e-17 -9.85877e-13 0)
(-9.56894e-17 -9.85869e-13 0)
(-9.54328e-17 -9.85859e-13 0)
(-9.41104e-17 -9.85849e-13 0)
(-9.12662e-17 -9.85838e-13 0)
(-8.6365e-17 -9.85825e-13 0)
(-7.88899e-17 -9.85813e-13 0)
(-6.85431e-17 -9.85801e-13 0)
(-5.55129e-17 -9.85791e-13 0)
(-4.05524e-17 -9.85784e-13 0)
(-2.45927e-17 -9.85779e-13 0)
(-8.23503e-18 -9.85777e-13 0)
(1.21449e-08 -0.000105352 0)
(-4.21329e-10 -1.3942e-05 0)
(-3.40922e-17 -1.26119e-12 0)
(-3.10108e-17 -9.85931e-13 0)
(-3.21595e-17 -9.85931e-13 0)
(-3.33413e-17 -9.85932e-13 0)
(-3.45813e-17 -9.85932e-13 0)
(-3.59181e-17 -9.85933e-13 0)
(-3.74008e-17 -9.85933e-13 0)
(-3.90868e-17 -9.85934e-13 0)
(-4.10369e-17 -9.85934e-13 0)
(-4.33079e-17 -9.85935e-13 0)
(-4.59407e-17 -9.85935e-13 0)
(-4.89437e-17 -9.85935e-13 0)
(-5.22739e-17 -9.85935e-13 0)
(-5.58259e-17 -9.85934e-13 0)
(-5.9447e-17 -9.85932e-13 0)
(-6.29783e-17 -9.8593e-13 0)
(-6.6293e-17 -9.85927e-13 0)
(-6.93116e-17 -9.85923e-13 0)
(-7.19987e-17 -9.85919e-13 0)
(-7.43512e-17 -9.85915e-13 0)
(-7.63839e-17 -9.8591e-13 0)
(-7.81166e-17 -9.85906e-13 0)
(-7.95634e-17 -9.85901e-13 0)
(-8.07244e-17 -9.85895e-13 0)
(-8.15775e-17 -9.85889e-13 0)
(-8.20722e-17 -9.85883e-13 0)
(-8.21221e-17 -9.85876e-13 0)
(-8.15989e-17 -9.85869e-13 0)
(-8.03269e-17 -9.85861e-13 0)
(-7.80835e-17 -9.85853e-13 0)
(-7.46089e-17 -9.85844e-13 0)
(-6.96354e-17 -9.85835e-13 0)
(-6.29416e-17 -9.85826e-13 0)
(-5.44315e-17 -9.85817e-13 0)
(-4.42089e-17 -9.8581e-13 0)
(-3.25844e-17 -9.85804e-13 0)
(-1.99694e-17 -9.85801e-13 0)
(-6.73347e-18 -9.85799e-13 0)
(7.82094e-09 -9.95483e-05 0)
(-4.31242e-10 -1.33779e-05 0)
(-3.5852e-17 -1.24548e-12 0)
(-3.2485e-17 -9.85928e-13 0)
(-3.34508e-17 -9.85928e-13 0)
(-3.4504e-17 -9.85929e-13 0)
(-3.56513e-17 -9.85929e-13 0)
(-3.69063e-17 -9.85929e-13 0)
(-3.82879e-17 -9.85929e-13 0)
(-3.98177e-17 -9.8593e-13 0)
(-4.15172e-17 -9.8593e-13 0)
(-4.3403e-17 -9.8593e-13 0)
(-4.54823e-17 -9.85929e-13 0)
(-4.77467e-17 -9.85929e-13 0)
(-5.01677e-17 -9.85928e-13 0)
(-5.26952e-17 -9.85927e-13 0)
(-5.52622e-17 -9.85925e-13 0)
(-5.77948e-17 -9.85923e-13 0)
(-6.0223e-17 -9.85921e-13 0)
(-6.2489e-17 -9.85918e-13 0)
(-6.45496e-17 -9.85915e-13 0)
(-6.63754e-17 -9.85911e-13 0)
(-6.79466e-17 -9.85907e-13 0)
(-6.92476e-17 -9.85903e-13 0)
(-7.02616e-17 -9.85898e-13 0)
(-7.09649e-17 -9.85894e-13 0)
(-7.13218e-17 -9.85889e-13 0)
(-7.12798e-17 -9.85883e-13 0)
(-7.0766e-17 -9.85877e-13 0)
(-6.96845e-17 -9.85871e-13 0)
(-6.79161e-17 -9.85865e-13 0)
(-6.53222e-17 -9.85858e-13 0)
(-6.1755e-17 -9.85851e-13 0)
(-5.70759e-17 -9.85844e-13 0)
(-5.11829e-17 -9.85837e-13 0)
(-4.40428e-17 -9.85831e-13 0)
(-3.57166e-17 -9.85825e-13 0)
(-2.6361e-17 -9.85821e-13 0)
(-1.61981e-17 -9.85818e-13 0)
(-5.47262e-18 -9.85816e-13 0)
(5.10298e-09 -9.38835e-05 0)
(-4.25954e-10 -1.28162e-05 0)
(-3.67995e-17 -1.2293e-12 0)
(-3.34169e-17 -9.85925e-13 0)
(-3.42396e-17 -9.85926e-13 0)
(-3.51463e-17 -9.85926e-13 0)
(-3.61396e-17 -9.85926e-13 0)
(-3.72247e-17 -9.85926e-13 0)
(-3.84079e-17 -9.85926e-13 0)
(-3.96959e-17 -9.85926e-13 0)
(-4.10942e-17 -9.85926e-13 0)
(-4.26049e-17 -9.85925e-13 0)
(-4.4225e-17 -9.85925e-13 0)
(-4.59437e-17 -9.85924e-13 0)
(-4.77415e-17 -9.85923e-13 0)
(-4.95896e-17 -9.85922e-13 0)
(-5.14514e-17 -9.8592e-13 0)
(-5.32853e-17 -9.85919e-13 0)
(-5.50486e-17 -9.85916e-13 0)
(-5.67005e-17 -9.85914e-13 0)
(-5.82038e-17 -9.85911e-13 0)
(-5.95259e-17 -9.85908e-13 0)
(-6.06376e-17 -9.85905e-13 0)
(-6.15112e-17 -9.85901e-13 0)
(-6.21179e-17 -9.85897e-13 0)
(-6.24254e-17 -9.85893e-13 0)
(-6.23945e-17 -9.85889e-13 0)
(-6.19772e-17 -9.85884e-13 0)
(-6.11144e-17 -9.85879e-13 0)
(-5.9736e-17 -9.85874e-13 0)
(-5.77614e-17 -9.85868e-13 0)
(-5.51039e-17 -9.85863e-13 0)
(-5.16773e-17 -9.85857e-13 0)
(-4.7407e-17 -9.85852e-13 0)
(-4.22437e-17 -9.85847e-13 0)
(-3.61784e-17 -9.85842e-13 0)
(-2.9253e-17 -9.85838e-13 0)
(-2.15625e-17 -9.85834e-13 0)
(-1.32465e-17 -9.85832e-13 0)
(-4.47596e-18 -9.85831e-13 0)
(3.41251e-09 -8.83484e-05 0)
(-4.10532e-10 -1.22579e-05 0)
(-3.71164e-17 -1.21372e-12 0)
(-3.38277e-17 -9.85923e-13 0)
(-3.45327e-17 -9.85924e-13 0)
(-3.53008e-17 -9.85924e-13 0)
(-3.61346e-17 -9.85924e-13 0)
(-3.70363e-17 -9.85923e-13 0)
(-3.80079e-17 -9.85923e-13 0)
(-3.90508e-17 -9.85923e-13 0)
(-4.01645e-17 -9.85923e-13 0)
(-4.13465e-17 -9.85922e-13 0)
(-4.2591e-17 -9.85921e-13 0)
(-4.38881e-17 -9.85921e-13 0)
(-4.52231e-17 -9.8592e-13 0)
(-4.65767e-17 -9.85918e-13 0)
(-4.79253e-17 -9.85917e-13 0)
(-4.92418e-17 -9.85915e-13 0)
(-5.04969e-17 -9.85913e-13 0)
(-5.16605e-17 -9.85911e-13 0)
(-5.27026e-17 -9.85909e-13 0)
(-5.35935e-17 -9.85906e-13 0)
(-5.43041e-17 -9.85903e-13 0)
(-5.48052e-17 -9.859e-13 0)
(-5.50662e-17 -9.85897e-13 0)
(-5.50541e-17 -9.85893e-13 0)
(-5.47324e-17 -9.85889e-13 0)
(-5.40598e-17 -9.85885e-13 0)
(-5.29899e-17 -9.85881e-13 0)
(-5.1471e-17 -9.85877e-13 0)
(-4.94484e-17 -9.85872e-13 0)
(-4.68661e-17 -9.85868e-13 0)
(-4.36727e-17 -9.85863e-13 0)
(-3.98265e-17 -9.85859e-13 0)
(-3.53039e-17 -9.85855e-13 0)
(-3.01065e-17 -9.85851e-13 0)
(-2.42665e-17 -9.85848e-13 0)
(-1.78497e-17 -9.85845e-13 0)
(-1.09526e-17 -9.85843e-13 0)
(-3.69898e-18 -9.85843e-13 0)
(2.29652e-09 -8.29378e-05 0)
(-3.89844e-10 -1.17016e-05 0)
(-3.70178e-17 -1.19872e-12 0)
(-3.38737e-17 -9.85922e-13 0)
(-3.44634e-17 -9.85922e-13 0)
(-3.50966e-17 -9.85922e-13 0)
(-3.57755e-17 -9.85921e-13 0)
(-3.6501e-17 -9.85921e-13 0)
(-3.72734e-17 -9.85921e-13 0)
(-3.8092e-17 -9.85921e-13 0)
(-3.89545e-17 -9.8592e-13 0)
(-3.9857e-17 -9.8592e-13 0)
(-4.07934e-17 -9.85919e-13 0)
(-4.17549e-17 -9.85918e-13 0)
(-4.27302e-17 -9.85917e-13 0)
(-4.37049e-17 -9.85916e-13 0)
(-4.46617e-17 -9.85914e-13 0)
(-4.55811e-17 -9.85913e-13 0)
(-4.64413e-17 -9.85911e-13 0)
(-4.72191e-17 -9.85909e-13 0)
(-4.78902e-17 -9.85907e-13 0)
(-4.84294e-17 -9.85905e-13 0)
(-4.88109e-17 -9.85902e-13 0)
(-4.90078e-17 -9.859e-13 0)
(-4.8992e-17 -9.85897e-13 0)
(-4.87339e-17 -9.85894e-13 0)
(-4.82019e-17 -9.8589e-13 0)
(-4.73618e-17 -9.85887e-13 0)
(-4.61774e-17 -9.85883e-13 0)
(-4.46108e-17 -9.8588e-13 0)
(-4.26238e-17 -9.85876e-13 0)
(-4.01796e-17 -9.85872e-13 0)
(-3.72462e-17 -9.85869e-13 0)
(-3.38004e-17 -9.85865e-13 0)
(-2.98312e-17 -9.85862e-13 0)
(-2.53449e-17 -9.85859e-13 0)
(-2.03682e-17 -9.85857e-13 0)
(-1.49497e-17 -9.85855e-13 0)
(-9.16033e-18 -9.85853e-13 0)
(-3.09157e-18 -9.85852e-13 0)
(1.51944e-09 -7.76495e-05 0)
(-3.66609e-10 -1.11453e-05 0)
(-3.66959e-17 -1.18366e-12 0)
(-3.36875e-17 -9.8592e-13 0)
(-3.41567e-17 -9.8592e-13 0)
(-3.46559e-17 -9.8592e-13 0)
(-3.51859e-17 -9.8592e-13 0)
(-3.57468e-17 -9.8592e-13 0)
(-3.63378e-17 -9.85919e-13 0)
(-3.69572e-17 -9.85919e-13 0)
(-3.7602e-17 -9.85918e-13 0)
(-3.82682e-17 -9.85918e-13 0)
(-3.89498e-17 -9.85917e-13 0)
(-3.96395e-17 -9.85916e-13 0)
(-4.03279e-17 -9.85915e-13 0)
(-4.10035e-17 -9.85914e-13 0)
(-4.1653e-17 -9.85913e-13 0)
(-4.22613e-17 -9.85911e-13 0)
(-4.28113e-17 -9.8591e-13 0)
(-4.32847e-17 -9.85908e-13 0)
(-4.36615e-17 -9.85906e-13 0)
(-4.3921e-17 -9.85904e-13 0)
(-4.40411e-17 -9.85902e-13 0)
(-4.39987e-17 -9.859e-13 0)
(-4.37697e-17 -9.85897e-13 0)
(-4.33289e-17 -9.85894e-13 0)
(-4.265e-17 -9.85892e-13 0)
(-4.17055e-17 -9.85889e-13 0)
(-4.04673e-17 -9.85886e-13 0)
(-3.89074e-17 -9.85883e-13 0)
(-3.69984e-17 -9.8588e-13 0)
(-3.47158e-17 -9.85877e-13 0)
(-3.20392e-17 -9.85874e-13 0)
(-2.89553e-17 -9.85871e-13 0)
(-2.546e-17 -9.85868e-13 0)
(-2.15615e-17 -9.85866e-13 0)
(-1.7282e-17 -9.85864e-13 0)
(-1.2659e-17 -9.85862e-13 0)
(-7.74624e-18 -9.85861e-13 0)
(-2.61255e-18 -9.85861e-13 0)
(9.6065e-10 -7.24834e-05 0)
(-3.42135e-10 -1.05879e-05 0)
(-3.6187e-17 -1.16902e-12 0)
(-3.33464e-17 -9.85919e-13 0)
(-3.36945e-17 -9.85919e-13 0)
(-3.40637e-17 -9.85919e-13 0)
(-3.44536e-17 -9.85919e-13 0)
(-3.48634e-17 -9.85918e-13 0)
(-3.52915e-17 -9.85918e-13 0)
(-3.57357e-17 -9.85917e-13 0)
(-3.61929e-17 -9.85917e-13 0)
(-3.66589e-17 -9.85916e-13 0)
(-3.71285e-17 -9.85916e-13 0)
(-3.75952e-17 -9.85915e-13 0)
(-3.80511e-17 -9.85914e-13 0)
(-3.84868e-17 -9.85913e-13 0)
(-3.88916e-17 -9.85912e-13 0)
(-3.92532e-17 -9.8591e-13 0)
(-3.95581e-17 -9.85909e-13 0)
(-3.97913e-17 -9.85907e-13 0)
(-3.99365e-17 -9.85906e-13 0)
(-3.99767e-17 -9.85904e-13 0)
(-3.98933e-17 -9.85902e-13 0)
(-3.96674e-17 -9.859e-13 0)
(-3.92786e-17 -9.85898e-13 0)
(-3.87063e-17 -9.85896e-13 0)
(-3.7929e-17 -9.85893e-13 0)
(-3.69249e-17 -9.85891e-13 0)
(-3.56724e-17 -9.85888e-13 0)
(-3.41503e-17 -9.85886e-13 0)
(-3.23391e-17 -9.85883e-13 0)
(-3.02217e-17 -9.85881e-13 0)
(-2.7785e-17 -9.85878e-13 0)
(-2.50215e-17 -9.85876e-13 0)
(-2.19305e-17 -9.85874e-13 0)
(-1.85205e-17 -9.85872e-13 0)
(-1.48101e-17 -9.8587e-13 0)
(-1.08289e-17 -9.85869e-13 0)
(-6.61826e-18 -9.85868e-13 0)
(-2.23073e-18 -9.85868e-13 0)
(5.53663e-10 -6.74402e-05 0)
(-3.17186e-10 -1.0031e-05 0)
(-3.55902e-17 -1.15567e-12 0)
(-3.2892e-17 -9.85919e-13 0)
(-3.31256e-17 -9.85918e-13 0)
(-3.33738e-17 -9.85918e-13 0)
(-3.36354e-17 -9.85918e-13 0)
(-3.3909e-17 -9.85917e-13 0)
(-3.41927e-17 -9.85917e-13 0)
(-3.4484e-17 -9.85917e-13 0)
(-3.47797e-17 -9.85916e-13 0)
(-3.5076e-17 -9.85915e-13 0)
(-3.53681e-17 -9.85915e-13 0)
(-3.56504e-17 -9.85914e-13 0)
(-3.59162e-17 -9.85913e-13 0)
(-3.61576e-17 -9.85912e-13 0)
(-3.63657e-17 -9.85911e-13 0)
(-3.65305e-17 -9.8591e-13 0)
(-3.6641e-17 -9.85909e-13 0)
(-3.66847e-17 -9.85907e-13 0)
(-3.66486e-17 -9.85906e-13 0)
(-3.65184e-17 -9.85904e-13 0)
(-3.62791e-17 -9.85902e-13 0)
(-3.59149e-17 -9.85901e-13 0)
(-3.54093e-17 -9.85899e-13 0)
(-3.47453e-17 -9.85897e-13 0)
(-3.39059e-17 -9.85895e-13 0)
(-3.28738e-17 -9.85893e-13 0)
(-3.16322e-17 -9.85891e-13 0)
(-3.01653e-17 -9.85889e-13 0)
(-2.84587e-17 -9.85886e-13 0)
(-2.65004e-17 -9.85884e-13 0)
(-2.42818e-17 -9.85882e-13 0)
(-2.17987e-17 -9.8588e-13 0)
(-1.90523e-17 -9.85879e-13 0)
(-1.60505e-17 -9.85877e-13 0)
(-1.28088e-17 -9.85876e-13 0)
(-9.35075e-18 -9.85875e-13 0)
(-5.70864e-18 -9.85874e-13 0)
(-1.92306e-18 -9.85874e-13 0)
(2.58344e-10 -6.25214e-05 0)
(-2.92322e-10 -9.47843e-06 0)
(-3.48955e-17 -1.14259e-12 0)
(-3.23512e-17 -9.85918e-13 0)
(-3.24818e-17 -9.85918e-13 0)
(-3.26213e-17 -9.85918e-13 0)
(-3.27683e-17 -9.85917e-13 0)
(-3.29213e-17 -9.85917e-13 0)
(-3.30782e-17 -9.85916e-13 0)
(-3.32366e-17 -9.85916e-13 0)
(-3.33937e-17 -9.85915e-13 0)
(-3.35459e-17 -9.85915e-13 0)
(-3.36889e-17 -9.85914e-13 0)
(-3.3818e-17 -9.85913e-13 0)
(-3.39273e-17 -9.85913e-13 0)
(-3.40103e-17 -9.85912e-13 0)
(-3.40595e-17 -9.85911e-13 0)
(-3.40667e-17 -9.8591e-13 0)
(-3.40227e-17 -9.85909e-13 0)
(-3.39173e-17 -9.85907e-13 0)
(-3.37397e-17 -9.85906e-13 0)
(-3.34784e-17 -9.85905e-13 0)
(-3.31209e-17 -9.85903e-13 0)
(-3.26543e-17 -9.85902e-13 0)
(-3.20653e-17 -9.859e-13 0)
(-3.13402e-17 -9.85898e-13 0)
(-3.04653e-17 -9.85897e-13 0)
(-2.94271e-17 -9.85895e-13 0)
(-2.82125e-17 -9.85893e-13 0)
(-2.68095e-17 -9.85891e-13 0)
(-2.52074e-17 -9.85889e-13 0)
(-2.33977e-17 -9.85888e-13 0)
(-2.13746e-17 -9.85886e-13 0)
(-1.91359e-17 -9.85884e-13 0)
(-1.66835e-17 -9.85883e-13 0)
(-1.40246e-17 -9.85882e-13 0)
(-1.11719e-17 -9.85881e-13 0)
(-8.14436e-18 -9.8588e-13 0)
(-4.96734e-18 -9.85879e-13 0)
(-1.67251e-18 -9.85879e-13 0)
(4.86037e-11 -5.7729e-05 0)
(-2.67953e-10 -8.93377e-06 0)
(-3.41336e-17 -1.13017e-12 0)
(-3.17515e-17 -9.85918e-13 0)
(-3.1791e-17 -9.85918e-13 0)
(-3.18339e-17 -9.85917e-13 0)
(-3.18792e-17 -9.85917e-13 0)
(-3.19256e-17 -9.85917e-13 0)
(-3.19714e-17 -9.85916e-13 0)
(-3.20145e-17 -9.85916e-13 0)
(-3.20523e-17 -9.85915e-13 0)
(-3.20817e-17 -9.85915e-13 0)
(-3.20991e-17 -9.85914e-13 0)
(-3.21002e-17 -9.85913e-13 0)
(-3.20802e-17 -9.85913e-13 0)
(-3.20336e-17 -9.85912e-13 0)
(-3.19541e-17 -9.85911e-13 0)
(-3.18347e-17 -9.8591e-13 0)
(-3.16679e-17 -9.85909e-13 0)
(-3.14453e-17 -9.85908e-13 0)
(-3.11581e-17 -9.85907e-13 0)
(-3.07965e-17 -9.85905e-13 0)
(-3.03505e-17 -9.85904e-13 0)
(-2.98097e-17 -9.85903e-13 0)
(-2.91632e-17 -9.85901e-13 0)
(-2.84e-17 -9.859e-13 0)
(-2.75091e-17 -9.85898e-13 0)
(-2.64798e-17 -9.85897e-13 0)
(-2.53021e-17 -9.85895e-13 0)
(-2.39666e-17 -9.85894e-13 0)
(-2.24653e-17 -9.85892e-13 0)
(-2.07922e-17 -9.85891e-13 0)
(-1.89432e-17 -9.85889e-13 0)
(-1.69172e-17 -9.85888e-13 0)
(-1.47165e-17 -9.85887e-13 0)
(-1.23473e-17 -9.85886e-13 0)
(-9.82e-18 -9.85885e-13 0)
(-7.14991e-18 -9.85884e-13 0)
(-4.35707e-18 -9.85884e-13 0)
(-1.46639e-18 -9.85883e-13 0)
(-9.3678e-11 -5.30655e-05 0)
(-2.44246e-10 -8.39492e-06 0)
(-3.33601e-17 -1.11842e-12 0)
(-3.11255e-17 -9.85918e-13 0)
(-3.10805e-17 -9.85918e-13 0)
(-3.1035e-17 -9.85917e-13 0)
(-3.09882e-17 -9.85917e-13 0)
(-3.09391e-17 -9.85917e-13 0)
(-3.08866e-17 -9.85916e-13 0)
(-3.08286e-17 -9.85916e-13 0)
(-3.07631e-17 -9.85915e-13 0)
(-3.06874e-17 -9.85915e-13 0)
(-3.05983e-17 -9.85914e-13 0)
(-3.04923e-17 -9.85913e-13 0)
(-3.03652e-17 -9.85913e-13 0)
(-3.02122e-17 -9.85912e-13 0)
(-3.00281e-17 -9.85911e-13 0)
(-2.98072e-17 -9.8591e-13 0)
(-2.9543e-17 -9.85909e-13 0)
(-2.92287e-17 -9.85908e-13 0)
(-2.88569e-17 -9.85907e-13 0)
(-2.84196e-17 -9.85906e-13 0)
(-2.79086e-17 -9.85905e-13 0)
(-2.73154e-17 -9.85904e-13 0)
(-2.66312e-17 -9.85903e-13 0)
(-2.5847e-17 -9.85901e-13 0)
(-2.49542e-17 -9.859e-13 0)
(-2.39442e-17 -9.85899e-13 0)
(-2.28091e-17 -9.85897e-13 0)
(-2.15417e-17 -9.85896e-13 0)
(-2.01359e-17 -9.85895e-13 0)
(-1.85873e-17 -9.85894e-13 0)
(-1.68931e-17 -9.85892e-13 0)
(-1.50527e-17 -9.85891e-13 0)
(-1.30685e-17 -9.8589e-13 0)
(-1.09457e-17 -9.85889e-13 0)
(-8.69279e-18 -9.85889e-13 0)
(-6.32214e-18 -9.85888e-13 0)
(-3.84968e-18 -9.85887e-13 0)
(-1.29512e-18 -9.85887e-13 0)
(-1.82209e-10 -4.85338e-05 0)
(-2.21078e-10 -7.853e-06 0)
(-3.25943e-17 -1.10706e-12 0)
(-3.04959e-17 -9.85918e-13 0)
(-3.03687e-17 -9.85918e-13 0)
(-3.02389e-17 -9.85918e-13 0)
(-3.01062e-17 -9.85917e-13 0)
(-2.997e-17 -9.85917e-13 0)
(-2.9829e-17 -9.85916e-13 0)
(-2.96817e-17 -9.85916e-13 0)
(-2.95262e-17 -9.85916e-13 0)
(-2.936e-17 -9.85915e-13 0)
(-2.91805e-17 -9.85914e-13 0)
(-2.89844e-17 -9.85914e-13 0)
(-2.87683e-17 -9.85913e-13 0)
(-2.8528e-17 -9.85912e-13 0)
(-2.82592e-17 -9.85912e-13 0)
(-2.7957e-17 -9.85911e-13 0)
(-2.76159e-17 -9.8591e-13 0)
(-2.72303e-17 -9.85909e-13 0)
(-2.6794e-17 -9.85908e-13 0)
(-2.63005e-17 -9.85907e-13 0)
(-2.5743e-17 -9.85906e-13 0)
(-2.51144e-17 -9.85905e-13 0)
(-2.44077e-17 -9.85904e-13 0)
(-2.36156e-17 -9.85903e-13 0)
(-2.27311e-17 -9.85902e-13 0)
(-2.17473e-17 -9.85901e-13 0)
(-2.06581e-17 -9.85899e-13 0)
(-1.94577e-17 -9.85898e-13 0)
(-1.81416e-17 -9.85897e-13 0)
(-1.67063e-17 -9.85896e-13 0)
(-1.51498e-17 -9.85895e-13 0)
(-1.34721e-17 -9.85894e-13 0)
(-1.16752e-17 -9.85893e-13 0)
(-9.76346e-18 -9.85892e-13 0)
(-7.74389e-18 -9.85892e-13 0)
(-5.62637e-18 -9.85891e-13 0)
(-3.42365e-18 -9.85891e-13 0)
(-1.15139e-18 -9.85891e-13 0)
(-2.1642e-10 -4.41373e-05 0)
(-1.98652e-10 -7.29864e-06 0)
(-3.18551e-17 -1.09622e-12 0)
(-2.98709e-17 -9.85919e-13 0)
(-2.96587e-17 -9.85918e-13 0)
(-2.94461e-17 -9.85918e-13 0)
(-2.92322e-17 -9.85918e-13 0)
(-2.90157e-17 -9.85917e-13 0)
(-2.8795e-17 -9.85917e-13 0)
(-2.85686e-17 -9.85916e-13 0)
(-2.83345e-17 -9.85916e-13 0)
(-2.80905e-17 -9.85916e-13 0)
(-2.78342e-17 -9.85915e-13 0)
(-2.75627e-17 -9.85914e-13 0)
(-2.72729e-17 -9.85914e-13 0)
(-2.69614e-17 -9.85913e-13 0)
(-2.66242e-17 -9.85912e-13 0)
(-2.62574e-17 -9.85912e-13 0)
(-2.58562e-17 -9.85911e-13 0)
(-2.5416e-17 -9.8591e-13 0)
(-2.49316e-17 -9.85909e-13 0)
(-2.43975e-17 -9.85908e-13 0)
(-2.38081e-17 -9.85907e-13 0)
(-2.31576e-17 -9.85906e-13 0)
(-2.24402e-17 -9.85905e-13 0)
(-2.165e-17 -9.85904e-13 0)
(-2.07813e-17 -9.85903e-13 0)
(-1.98286e-17 -9.85902e-13 0)
(-1.87869e-17 -9.85901e-13 0)
(-1.76517e-17 -9.859e-13 0)
(-1.64194e-17 -9.85899e-13 0)
(-1.50874e-17 -9.85898e-13 0)
(-1.36541e-17 -9.85898e-13 0)
(-1.21198e-17 -9.85897e-13 0)
(-1.04861e-17 -9.85896e-13 0)
(-8.7567e-18 -9.85895e-13 0)
(-6.93727e-18 -9.85895e-13 0)
(-5.03575e-18 -9.85894e-13 0)
(-3.06235e-18 -9.85894e-13 0)
(-1.02955e-18 -9.85894e-13 0)
(-2.18044e-10 -3.98797e-05 0)
(-1.76738e-10 -6.73046e-06 0)
(-3.10876e-17 -1.08595e-12 0)
(-2.92128e-17 -9.85919e-13 0)
(-2.89236e-17 -9.85919e-13 0)
(-2.86366e-17 -9.85919e-13 0)
(-2.83502e-17 -9.85918e-13 0)
(-2.80626e-17 -9.85918e-13 0)
(-2.77721e-17 -9.85918e-13 0)
(-2.74771e-17 -9.85917e-13 0)
(-2.71756e-17 -9.85917e-13 0)
(-2.68656e-17 -9.85916e-13 0)
(-2.65448e-17 -9.85916e-13 0)
(-2.62108e-17 -9.85915e-13 0)
(-2.58607e-17 -9.85915e-13 0)
(-2.54915e-17 -9.85914e-13 0)
(-2.51e-17 -9.85913e-13 0)
(-2.46826e-17 -9.85913e-13 0)
(-2.42355e-17 -9.85912e-13 0)
(-2.37545e-17 -9.85911e-13 0)
(-2.32353e-17 -9.8591e-13 0)
(-2.26734e-17 -9.85909e-13 0)
(-2.2064e-17 -9.85909e-13 0)
(-2.14025e-17 -9.85908e-13 0)
(-2.06838e-17 -9.85907e-13 0)
(-1.99032e-17 -9.85906e-13 0)
(-1.9056e-17 -9.85905e-13 0)
(-1.81377e-17 -9.85904e-13 0)
(-1.71443e-17 -9.85903e-13 0)
(-1.60721e-17 -9.85902e-13 0)
(-1.49183e-17 -9.85902e-13 0)
(-1.36808e-17 -9.85901e-13 0)
(-1.23585e-17 -9.859e-13 0)
(-1.09514e-17 -9.85899e-13 0)
(-9.46122e-18 -9.85899e-13 0)
(-7.89073e-18 -9.85898e-13 0)
(-6.24462e-18 -9.85898e-13 0)
(-4.52925e-18 -9.85897e-13 0)
(-2.75279e-18 -9.85897e-13 0)
(-9.25212e-19 -9.85897e-13 0)
(-2.0973e-10 -3.57651e-05 0)
(-1.55274e-10 -6.15483e-06 0)
(-3.02363e-17 -1.07606e-12 0)
(-2.84843e-17 -9.8592e-13 0)
(-2.81351e-17 -9.8592e-13 0)
(-2.77879e-17 -9.85919e-13 0)
(-2.74414e-17 -9.85919e-13 0)
(-2.70943e-17 -9.85919e-13 0)
(-2.67452e-17 -9.85918e-13 0)
(-2.63925e-17 -9.85918e-13 0)
(-2.60347e-17 -9.85917e-13 0)
(-2.56698e-17 -9.85917e-13 0)
(-2.5296e-17 -9.85916e-13 0)
(-2.49111e-17 -9.85916e-13 0)
(-2.45126e-17 -9.85915e-13 0)
(-2.40979e-17 -9.85915e-13 0)
(-2.36642e-17 -9.85914e-13 0)
(-2.32084e-17 -9.85913e-13 0)
(-2.27273e-17 -9.85913e-13 0)
(-2.22172e-17 -9.85912e-13 0)
(-2.16746e-17 -9.85911e-13 0)
(-2.10956e-17 -9.85911e-13 0)
(-2.04762e-17 -9.8591e-13 0)
(-1.98124e-17 -9.85909e-13 0)
(-1.91e-17 -9.85908e-13 0)
(-1.83352e-17 -9.85907e-13 0)
(-1.75139e-17 -9.85907e-13 0)
(-1.66326e-17 -9.85906e-13 0)
(-1.56878e-17 -9.85905e-13 0)
(-1.46766e-17 -9.85904e-13 0)
(-1.35966e-17 -9.85903e-13 0)
(-1.24462e-17 -9.85903e-13 0)
(-1.12245e-17 -9.85902e-13 0)
(-9.93157e-18 -9.85901e-13 0)
(-8.56862e-18 -9.85901e-13 0)
(-7.13804e-18 -9.859e-13 0)
(-5.64355e-18 -9.859e-13 0)
(-4.09026e-18 -9.859e-13 0)
(-2.48472e-18 -9.85899e-13 0)
(-8.34898e-19 -9.85899e-13 0)
(-1.95143e-10 -3.17986e-05 0)
(-1.34656e-10 -5.57819e-06 0)
(-2.93083e-17 -1.06638e-12 0)
(-2.76849e-17 -9.85921e-13 0)
(-2.72874e-17 -9.85921e-13 0)
(-2.68911e-17 -9.8592e-13 0)
(-2.64951e-17 -9.8592e-13 0)
(-2.60988e-17 -9.8592e-13 0)
(-2.57011e-17 -9.85919e-13 0)
(-2.53009e-17 -9.85919e-13 0)
(-2.48969e-17 -9.85918e-13 0)
(-2.44875e-17 -9.85918e-13 0)
(-2.40712e-17 -9.85917e-13 0)
(-2.36459e-17 -9.85917e-13 0)
(-2.32097e-17 -9.85916e-13 0)
(-2.27603e-17 -9.85916e-13 0)
(-2.22952e-17 -9.85915e-13 0)
(-2.18118e-17 -9.85915e-13 0)
(-2.13072e-17 -9.85914e-13 0)
(-2.07784e-17 -9.85913e-13 0)
(-2.02222e-17 -9.85912e-13 0)
(-1.96353e-17 -9.85912e-13 0)
(-1.90143e-17 -9.85911e-13 0)
(-1.83557e-17 -9.8591e-13 0)
(-1.76562e-17 -9.8591e-13 0)
(-1.69123e-17 -9.85909e-13 0)
(-1.61207e-17 -9.85908e-13 0)
(-1.52783e-17 -9.85907e-13 0)
(-1.43823e-17 -9.85907e-13 0)
(-1.34303e-17 -9.85906e-13 0)
(-1.24203e-17 -9.85905e-13 0)
(-1.13509e-17 -9.85905e-13 0)
(-1.02213e-17 -9.85904e-13 0)
(-9.03163e-18 -9.85904e-13 0)
(-7.78276e-18 -9.85903e-13 0)
(-6.47663e-18 -9.85903e-13 0)
(-5.11622e-18 -9.85902e-13 0)
(-3.7056e-18 -9.85902e-13 0)
(-2.25002e-18 -9.85902e-13 0)
(-7.5586e-19 -9.85902e-13 0)
(-1.76279e-10 -2.79858e-05 0)
(-1.15078e-10 -5.00193e-06 0)
(-2.83171e-17 -1.05688e-12 0)
(-2.68205e-17 -9.85922e-13 0)
(-2.63806e-17 -9.85922e-13 0)
(-2.59418e-17 -9.85922e-13 0)
(-2.55039e-17 -9.85921e-13 0)
(-2.50663e-17 -9.85921e-13 0)
(-2.46284e-17 -9.8592e-13 0)
(-2.41893e-17 -9.8592e-13 0)
(-2.3748e-17 -9.85919e-13 0)
(-2.33033e-17 -9.85919e-13 0)
(-2.28538e-17 -9.85918e-13 0)
(-2.23979e-17 -9.85918e-13 0)
(-2.19338e-17 -9.85917e-13 0)
(-2.14596e-17 -9.85917e-13 0)
(-2.0973e-17 -9.85916e-13 0)
(-2.04717e-17 -9.85916e-13 0)
(-1.99532e-17 -9.85915e-13 0)
(-1.94149e-17 -9.85914e-13 0)
(-1.88538e-17 -9.85914e-13 0)
(-1.82673e-17 -9.85913e-13 0)
(-1.76522e-17 -9.85912e-13 0)
(-1.70056e-17 -9.85912e-13 0)
(-1.63246e-17 -9.85911e-13 0)
(-1.56061e-17 -9.8591e-13 0)
(-1.48474e-17 -9.8591e-13 0)
(-1.40458e-17 -9.85909e-13 0)
(-1.3199e-17 -9.85908e-13 0)
(-1.23049e-17 -9.85908e-13 0)
(-1.13617e-17 -9.85907e-13 0)
(-1.03682e-17 -9.85906e-13 0)
(-9.32386e-18 -9.85906e-13 0)
(-8.22858e-18 -9.85905e-13 0)
(-7.08309e-18 -9.85905e-13 0)
(-5.88889e-18 -9.85905e-13 0)
(-4.64835e-18 -9.85904e-13 0)
(-3.36473e-18 -9.85904e-13 0)
(-2.04221e-18 -9.85904e-13 0)
(-6.85907e-19 -9.85904e-13 0)
(-1.54849e-10 -2.43331e-05 0)
(-9.66251e-11 -4.42453e-06 0)
(-2.72656e-17 -1.04758e-12 0)
(-2.5888e-17 -9.85924e-13 0)
(-2.54089e-17 -9.85923e-13 0)
(-2.49323e-17 -9.85923e-13 0)
(-2.44579e-17 -9.85922e-13 0)
(-2.39853e-17 -9.85922e-13 0)
(-2.3514e-17 -9.85922e-13 0)
(-2.30435e-17 -9.85921e-13 0)
(-2.25729e-17 -9.85921e-13 0)
(-2.21012e-17 -9.8592e-13 0)
(-2.16274e-17 -9.8592e-13 0)
(-2.11499e-17 -9.85919e-13 0)
(-2.06671e-17 -9.85918e-13 0)
(-2.01774e-17 -9.85918e-13 0)
(-1.96786e-17 -9.85917e-13 0)
(-1.91686e-17 -9.85917e-13 0)
(-1.86452e-17 -9.85916e-13 0)
(-1.8106e-17 -9.85915e-13 0)
(-1.75483e-17 -9.85915e-13 0)
(-1.69697e-17 -9.85914e-13 0)
(-1.63675e-17 -9.85914e-13 0)
(-1.5739e-17 -9.85913e-13 0)
(-1.50816e-17 -9.85912e-13 0)
(-1.43928e-17 -9.85912e-13 0)
(-1.36701e-17 -9.85911e-13 0)
(-1.29112e-17 -9.8591e-13 0)
(-1.2114e-17 -9.8591e-13 0)
(-1.12767e-17 -9.85909e-13 0)
(-1.03979e-17 -9.85909e-13 0)
(-9.47646e-18 -9.85908e-13 0)
(-8.51178e-18 -9.85908e-13 0)
(-7.5038e-18 -9.85907e-13 0)
(-6.45303e-18 -9.85907e-13 0)
(-5.36064e-18 -9.85906e-13 0)
(-4.2285e-18 -9.85906e-13 0)
(-3.05921e-18 -9.85906e-13 0)
(-1.85611e-18 -9.85906e-13 0)
(-6.23286e-19 -9.85906e-13 0)
(-1.32198e-10 -2.0848e-05 0)
(-7.93652e-11 -3.84879e-06 0)
(-2.6122e-17 -1.0386e-12 0)
(-2.48679e-17 -9.85925e-13 0)
(-2.43572e-17 -9.85924e-13 0)
(-2.38487e-17 -9.85924e-13 0)
(-2.33432e-17 -9.85924e-13 0)
(-2.2841e-17 -9.85923e-13 0)
(-2.23425e-17 -9.85923e-13 0)
(-2.18472e-17 -9.85922e-13 0)
(-2.13547e-17 -9.85922e-13 0)
(-2.08642e-17 -9.85921e-13 0)
(-2.03746e-17 -9.85921e-13 0)
(-1.98845e-17 -9.8592e-13 0)
(-1.93923e-17 -9.8592e-13 0)
(-1.88962e-17 -9.85919e-13 0)
(-1.83945e-17 -9.85918e-13 0)
(-1.7885e-17 -9.85918e-13 0)
(-1.73654e-17 -9.85917e-13 0)
(-1.68336e-17 -9.85917e-13 0)
(-1.62873e-17 -9.85916e-13 0)
(-1.57239e-17 -9.85915e-13 0)
(-1.51411e-17 -9.85915e-13 0)
(-1.45366e-17 -9.85914e-13 0)
(-1.39079e-17 -9.85913e-13 0)
(-1.32527e-17 -9.85913e-13 0)
(-1.2569e-17 -9.85912e-13 0)
(-1.18546e-17 -9.85912e-13 0)
(-1.11077e-17 -9.85911e-13 0)
(-1.03269e-17 -9.85911e-13 0)
(-9.51063e-18 -9.8591e-13 0)
(-8.6581e-18 -9.8591e-13 0)
(-7.76869e-18 -9.85909e-13 0)
(-6.84229e-18 -9.85909e-13 0)
(-5.87926e-18 -9.85908e-13 0)
(-4.8805e-18 -9.85908e-13 0)
(-3.84749e-18 -9.85908e-13 0)
(-2.78228e-18 -9.85908e-13 0)
(-1.68756e-18 -9.85907e-13 0)
(-5.66595e-19 -9.85907e-13 0)
(-1.09031e-10 -1.75391e-05 0)
(-6.34507e-11 -3.27428e-06 0)
(-2.49223e-17 -1.02994e-12 0)
(-2.37713e-17 -9.85926e-13 0)
(-2.32242e-17 -9.85926e-13 0)
(-2.26814e-17 -9.85925e-13 0)
(-2.21449e-17 -9.85925e-13 0)
(-2.16158e-17 -9.85924e-13 0)
(-2.10945e-17 -9.85924e-13 0)
(-2.05808e-17 -9.85923e-13 0)
(-2.0074e-17 -9.85923e-13 0)
(-1.95732e-17 -9.85922e-13 0)
(-1.9077e-17 -9.85922e-13 0)
(-1.85839e-17 -9.85921e-13 0)
(-1.80921e-17 -9.85921e-13 0)
(-1.75997e-17 -9.8592e-13 0)
(-1.71047e-17 -9.85919e-13 0)
(-1.6605e-17 -9.85919e-13 0)
(-1.60984e-17 -9.85918e-13 0)
(-1.55826e-17 -9.85918e-13 0)
(-1.50553e-17 -9.85917e-13 0)
(-1.45145e-17 -9.85916e-13 0)
(-1.39576e-17 -9.85916e-13 0)
(-1.33827e-17 -9.85915e-13 0)
(-1.27875e-17 -9.85915e-13 0)
(-1.21699e-17 -9.85914e-13 0)
(-1.15281e-17 -9.85914e-13 0)
(-1.08602e-17 -9.85913e-13 0)
(-1.01646e-17 -9.85912e-13 0)
(-9.43994e-18 -9.85912e-13 0)
(-8.68504e-18 -9.85911e-13 0)
(-7.89904e-18 -9.85911e-13 0)
(-7.08142e-18 -9.85911e-13 0)
(-6.23203e-18 -9.8591e-13 0)
(-5.35112e-18 -9.8591e-13 0)
(-4.43937e-18 -9.8591e-13 0)
(-3.49797e-18 -9.85909e-13 0)
(-2.52854e-18 -9.85909e-13 0)
(-1.53324e-18 -9.85909e-13 0)
(-5.14714e-19 -9.85909e-13 0)
(-8.57842e-11 -1.44168e-05 0)
(-4.87093e-11 -2.68074e-06 0)
(-2.36901e-17 -1.02132e-12 0)
(-2.2595e-17 -9.85928e-13 0)
(-2.19907e-17 -9.85927e-13 0)
(-2.14033e-17 -9.85927e-13 0)
(-2.0833e-17 -9.85926e-13 0)
(-2.02793e-17 -9.85926e-13 0)
(-1.97411e-17 -9.85925e-13 0)
(-1.92173e-17 -9.85925e-13 0)
(-1.87062e-17 -9.85924e-13 0)
(-1.8206e-17 -9.85924e-13 0)
(-1.77147e-17 -9.85923e-13 0)
(-1.72303e-17 -9.85922e-13 0)
(-1.67504e-17 -9.85922e-13 0)
(-1.62729e-17 -9.85921e-13 0)
(-1.57954e-17 -9.85921e-13 0)
(-1.53157e-17 -9.8592e-13 0)
(-1.48315e-17 -9.85919e-13 0)
(-1.43405e-17 -9.85919e-13 0)
(-1.38405e-17 -9.85918e-13 0)
(-1.33294e-17 -9.85917e-13 0)
(-1.28049e-17 -9.85917e-13 0)
(-1.22652e-17 -9.85916e-13 0)
(-1.17081e-17 -9.85916e-13 0)
(-1.1132e-17 -9.85915e-13 0)
(-1.0535e-17 -9.85915e-13 0)
(-9.91553e-18 -9.85914e-13 0)
(-9.27224e-18 -9.85914e-13 0)
(-8.60387e-18 -9.85913e-13 0)
(-7.90942e-18 -9.85913e-13 0)
(-7.18813e-18 -9.85912e-13 0)
(-6.43954e-18 -9.85912e-13 0)
(-5.66348e-18 -9.85911e-13 0)
(-4.86013e-18 -9.85911e-13 0)
(-4.03003e-18 -9.85911e-13 0)
(-3.17411e-18 -9.85911e-13 0)
(-2.2937e-18 -9.8591e-13 0)
(-1.39053e-18 -9.8591e-13 0)
(-4.66753e-19 -9.8591e-13 0)
(-6.36304e-11 -1.14934e-05 0)
(-3.48784e-11 -2.05441e-06 0)
(-2.22602e-17 -1.013e-12 0)
(-2.12146e-17 -9.8593e-13 0)
(-2.05575e-17 -9.85929e-13 0)
(-1.99344e-17 -9.85929e-13 0)
(-1.93422e-17 -9.85928e-13 0)
(-1.87779e-17 -9.85927e-13 0)
(-1.82384e-17 -9.85927e-13 0)
(-1.77207e-17 -9.85926e-13 0)
(-1.72218e-17 -9.85925e-13 0)
(-1.67386e-17 -9.85925e-13 0)
(-1.62681e-17 -9.85924e-13 0)
(-1.58074e-17 -9.85923e-13 0)
(-1.53537e-17 -9.85923e-13 0)
(-1.49042e-17 -9.85922e-13 0)
(-1.44565e-17 -9.85922e-13 0)
(-1.40079e-17 -9.85921e-13 0)
(-1.35563e-17 -9.8592e-13 0)
(-1.30992e-17 -9.8592e-13 0)
(-1.26346e-17 -9.85919e-13 0)
(-1.21603e-17 -9.85918e-13 0)
(-1.16745e-17 -9.85918e-13 0)
(-1.11753e-17 -9.85917e-13 0)
(-1.06609e-17 -9.85917e-13 0)
(-1.01298e-17 -9.85916e-13 0)
(-9.5803e-18 -9.85916e-13 0)
(-9.0112e-18 -9.85915e-13 0)
(-8.42124e-18 -9.85915e-13 0)
(-7.80937e-18 -9.85914e-13 0)
(-7.17474e-18 -9.85914e-13 0)
(-6.51672e-18 -9.85913e-13 0)
(-5.83491e-18 -9.85913e-13 0)
(-5.12917e-18 -9.85913e-13 0)
(-4.39965e-18 -9.85912e-13 0)
(-3.64677e-18 -9.85912e-13 0)
(-2.87132e-18 -9.85912e-13 0)
(-2.07437e-18 -9.85912e-13 0)
(-1.25735e-18 -9.85912e-13 0)
(-4.22009e-19 -9.85912e-13 0)
(-4.36463e-11 -8.78449e-06 0)
(-2.24468e-11 -1.42606e-06 0)
(-2.04217e-17 -1.00487e-12 0)
(-1.94642e-17 -9.85932e-13 0)
(-1.87962e-17 -9.85931e-13 0)
(-1.81741e-17 -9.8593e-13 0)
(-1.75938e-17 -9.85929e-13 0)
(-1.70506e-17 -9.85929e-13 0)
(-1.65396e-17 -9.85928e-13 0)
(-1.60557e-17 -9.85927e-13 0)
(-1.55945e-17 -9.85926e-13 0)
(-1.51515e-17 -9.85926e-13 0)
(-1.47229e-17 -9.85925e-13 0)
(-1.43049e-17 -9.85924e-13 0)
(-1.38943e-17 -9.85924e-13 0)
(-1.34881e-17 -9.85923e-13 0)
(-1.30834e-17 -9.85922e-13 0)
(-1.26779e-17 -9.85922e-13 0)
(-1.22692e-17 -9.85921e-13 0)
(-1.18551e-17 -9.85921e-13 0)
(-1.14337e-17 -9.8592e-13 0)
(-1.10032e-17 -9.85919e-13 0)
(-1.05618e-17 -9.85919e-13 0)
(-1.0108e-17 -9.85918e-13 0)
(-9.6403e-18 -9.85918e-13 0)
(-9.1573e-18 -9.85917e-13 0)
(-8.65778e-18 -9.85917e-13 0)
(-8.14062e-18 -9.85916e-13 0)
(-7.60485e-18 -9.85916e-13 0)
(-7.04962e-18 -9.85915e-13 0)
(-6.47425e-18 -9.85915e-13 0)
(-5.87825e-18 -9.85914e-13 0)
(-5.26132e-18 -9.85914e-13 0)
(-4.62337e-18 -9.85914e-13 0)
(-3.96453e-18 -9.85914e-13 0)
(-3.2852e-18 -9.85913e-13 0)
(-2.58602e-18 -9.85913e-13 0)
(-1.86791e-18 -9.85913e-13 0)
(-1.13206e-18 -9.85913e-13 0)
(-3.79933e-19 -9.85913e-13 0)
(-2.61436e-11 -6.31016e-06 0)
(-1.23132e-11 -8.31537e-07 0)
(-1.81081e-17 -9.96365e-13 0)
(-1.72561e-17 -9.85933e-13 0)
(-1.66188e-17 -9.85933e-13 0)
(-1.60464e-17 -9.85932e-13 0)
(-1.55278e-17 -9.85931e-13 0)
(-1.50532e-17 -9.8593e-13 0)
(-1.46139e-17 -9.85929e-13 0)
(-1.42026e-17 -9.85928e-13 0)
(-1.38131e-17 -9.85927e-13 0)
(-1.34398e-17 -9.85927e-13 0)
(-1.30784e-17 -9.85926e-13 0)
(-1.27248e-17 -9.85925e-13 0)
(-1.23759e-17 -9.85925e-13 0)
(-1.20286e-17 -9.85924e-13 0)
(-1.16805e-17 -9.85923e-13 0)
(-1.13294e-17 -9.85923e-13 0)
(-1.09733e-17 -9.85922e-13 0)
(-1.06105e-17 -9.85921e-13 0)
(-1.02393e-17 -9.85921e-13 0)
(-9.85832e-18 -9.8592e-13 0)
(-9.46624e-18 -9.8592e-13 0)
(-9.06181e-18 -9.85919e-13 0)
(-8.64392e-18 -9.85919e-13 0)
(-8.21153e-18 -9.85918e-13 0)
(-7.76371e-18 -9.85918e-13 0)
(-7.29963e-18 -9.85917e-13 0)
(-6.81855e-18 -9.85917e-13 0)
(-6.31988e-18 -9.85916e-13 0)
(-5.80313e-18 -9.85916e-13 0)
(-5.26795e-18 -9.85915e-13 0)
(-4.71416e-18 -9.85915e-13 0)
(-4.14174e-18 -9.85915e-13 0)
(-3.55087e-18 -9.85915e-13 0)
(-2.94192e-18 -9.85914e-13 0)
(-2.31545e-18 -9.85914e-13 0)
(-1.67228e-18 -9.85914e-13 0)
(-1.01341e-18 -9.85914e-13 0)
(-3.40098e-19 -9.85914e-13 0)
(-1.19903e-11 -4.09787e-06 0)
(-4.7914e-12 -2.83185e-07 0)
(-1.50116e-17 -9.90747e-13 0)
(-1.43812e-17 -9.85935e-13 0)
(-1.38934e-17 -9.85934e-13 0)
(-1.34745e-17 -9.85933e-13 0)
(-1.31055e-17 -9.85932e-13 0)
(-1.27724e-17 -9.85931e-13 0)
(-1.24647e-17 -9.8593e-13 0)
(-1.21746e-17 -9.85929e-13 0)
(-1.18961e-17 -9.85928e-13 0)
(-1.16245e-17 -9.85927e-13 0)
(-1.1356e-17 -9.85927e-13 0)
(-1.10877e-17 -9.85926e-13 0)
(-1.08173e-17 -9.85925e-13 0)
(-1.05428e-17 -9.85925e-13 0)
(-1.02624e-17 -9.85924e-13 0)
(-9.9749e-18 -9.85923e-13 0)
(-9.67894e-18 -9.85923e-13 0)
(-9.37347e-18 -9.85922e-13 0)
(-9.05752e-18 -9.85922e-13 0)
(-8.73021e-18 -9.85921e-13 0)
(-8.3907e-18 -9.8592e-13 0)
(-8.03826e-18 -9.8592e-13 0)
(-7.67219e-18 -9.85919e-13 0)
(-7.29185e-18 -9.85919e-13 0)
(-6.89665e-18 -9.85918e-13 0)
(-6.48607e-18 -9.85918e-13 0)
(-6.05968e-18 -9.85917e-13 0)
(-5.61711e-18 -9.85917e-13 0)
(-5.15807e-18 -9.85917e-13 0)
(-4.68241e-18 -9.85916e-13 0)
(-4.19005e-18 -9.85916e-13 0)
(-3.68109e-18 -9.85916e-13 0)
(-3.15573e-18 -9.85915e-13 0)
(-2.61436e-18 -9.85915e-13 0)
(-2.05751e-18 -9.85915e-13 0)
(-1.4859e-18 -9.85915e-13 0)
(-9.00425e-19 -9.85915e-13 0)
(-3.02173e-19 -9.85915e-13 0)
(-2.71615e-12 -2.18895e-06 0)
(-1.34058e-13 -6.36343e-08 0)
(-1.08443e-17 -9.88292e-13 0)
(-1.0715e-17 -9.85936e-13 0)
(-1.0609e-17 -9.85935e-13 0)
(-1.05045e-17 -9.85934e-13 0)
(-1.03986e-17 -9.85932e-13 0)
(-1.02883e-17 -9.85931e-13 0)
(-1.01713e-17 -9.8593e-13 0)
(-1.00457e-17 -9.8593e-13 0)
(-9.91022e-18 -9.85929e-13 0)
(-9.76397e-18 -9.85928e-13 0)
(-9.60631e-18 -9.85927e-13 0)
(-9.4368e-18 -9.85927e-13 0)
(-9.25514e-18 -9.85926e-13 0)
(-9.06109e-18 -9.85925e-13 0)
(-8.85448e-18 -9.85924e-13 0)
(-8.63512e-18 -9.85924e-13 0)
(-8.40286e-18 -9.85923e-13 0)
(-8.15752e-18 -9.85923e-13 0)
(-7.89891e-18 -9.85922e-13 0)
(-7.62683e-18 -9.85922e-13 0)
(-7.34107e-18 -9.85921e-13 0)
(-7.04141e-18 -9.8592e-13 0)
(-6.72762e-18 -9.8592e-13 0)
(-6.39947e-18 -9.85919e-13 0)
(-6.05676e-18 -9.85919e-13 0)
(-5.6993e-18 -9.85919e-13 0)
(-5.32691e-18 -9.85918e-13 0)
(-4.93948e-18 -9.85918e-13 0)
(-4.53694e-18 -9.85917e-13 0)
(-4.11928e-18 -9.85917e-13 0)
(-3.68659e-18 -9.85917e-13 0)
(-3.23904e-18 -9.85916e-13 0)
(-2.7769e-18 -9.85916e-13 0)
(-2.30057e-18 -9.85916e-13 0)
(-1.81057e-18 -9.85916e-13 0)
(-1.30756e-18 -9.85916e-13 0)
(-7.92352e-19 -9.85916e-13 0)
(-2.65905e-19 -9.85916e-13 0)
(4.04193e-13 -6.58325e-07 0)
(-3.80275e-13 -5.27623e-08 0)
(-6.66113e-18 -9.86504e-13 0)
(-7.00804e-18 -9.85936e-13 0)
(-7.2994e-18 -9.85934e-13 0)
(-7.53129e-18 -9.85933e-13 0)
(-7.7079e-18 -9.85932e-13 0)
(-7.8349e-18 -9.85931e-13 0)
(-7.918e-18 -9.85931e-13 0)
(-7.96244e-18 -9.8593e-13 0)
(-7.97272e-18 -9.85929e-13 0)
(-7.95262e-18 -9.85928e-13 0)
(-7.9053e-18 -9.85927e-13 0)
(-7.83332e-18 -9.85927e-13 0)
(-7.73882e-18 -9.85926e-13 0)
(-7.62351e-18 -9.85926e-13 0)
(-7.48882e-18 -9.85925e-13 0)
(-7.3359e-18 -9.85924e-13 0)
(-7.16567e-18 -9.85924e-13 0)
(-6.97889e-18 -9.85923e-13 0)
(-6.77616e-18 -9.85923e-13 0)
(-6.55796e-18 -9.85922e-13 0)
(-6.32464e-18 -9.85922e-13 0)
(-6.07651e-18 -9.85921e-13 0)
(-5.81379e-18 -9.85921e-13 0)
(-5.53662e-18 -9.8592e-13 0)
(-5.24515e-18 -9.8592e-13 0)
(-4.93949e-18 -9.85919e-13 0)
(-4.61971e-18 -9.85919e-13 0)
(-4.28594e-18 -9.85918e-13 0)
(-3.93828e-18 -9.85918e-13 0)
(-3.5769e-18 -9.85918e-13 0)
(-3.20198e-18 -9.85917e-13 0)
(-2.81379e-18 -9.85917e-13 0)
(-2.41267e-18 -9.85917e-13 0)
(-1.99901e-18 -9.85917e-13 0)
(-1.57335e-18 -9.85917e-13 0)
(-1.1363e-18 -9.85916e-13 0)
(-6.88593e-19 -9.85916e-13 0)
(-2.31087e-19 -9.85916e-13 0)
(-5.56578e-19 -9.85937e-13 0)
(-1.77083e-18 -9.85936e-13 0)
(-2.92007e-18 -9.85935e-13 0)
(-3.78822e-18 -9.85934e-13 0)
(-4.45427e-18 -9.85933e-13 0)
(-4.96999e-18 -9.85933e-13 0)
(-5.37031e-18 -9.85932e-13 0)
(-5.67951e-18 -9.85931e-13 0)
(-5.91495e-18 -9.8593e-13 0)
(-6.08941e-18 -9.8593e-13 0)
(-6.21253e-18 -9.85929e-13 0)
(-6.29175e-18 -9.85928e-13 0)
(-6.33289e-18 -9.85928e-13 0)
(-6.3406e-18 -9.85927e-13 0)
(-6.31863e-18 -9.85926e-13 0)
(-6.27003e-18 -9.85926e-13 0)
(-6.19731e-18 -9.85925e-13 0)
(-6.10253e-18 -9.85925e-13 0)
(-5.9874e-18 -9.85924e-13 0)
(-5.85334e-18 -9.85923e-13 0)
(-5.70154e-18 -9.85923e-13 0)
(-5.53298e-18 -9.85922e-13 0)
(-5.34847e-18 -9.85922e-13 0)
(-5.1487e-18 -9.85921e-13 0)
(-4.93423e-18 -9.85921e-13 0)
(-4.70553e-18 -9.85921e-13 0)
(-4.463e-18 -9.8592e-13 0)
(-4.20699e-18 -9.8592e-13 0)
(-3.9378e-18 -9.85919e-13 0)
(-3.6557e-18 -9.85919e-13 0)
(-3.36098e-18 -9.85919e-13 0)
(-3.0539e-18 -9.85918e-13 0)
(-2.73475e-18 -9.85918e-13 0)
(-2.40386e-18 -9.85918e-13 0)
(-2.06161e-18 -9.85917e-13 0)
(-1.70842e-18 -9.85917e-13 0)
(-1.3448e-18 -9.85917e-13 0)
(-9.71317e-19 -9.85917e-13 0)
(-5.88644e-19 -9.85917e-13 0)
(-1.9755e-19 -9.85917e-13 0)
(-1.70903e-19 -9.85933e-13 0)
(-7.46837e-19 -9.85933e-13 0)
(-1.51336e-18 -9.85933e-13 0)
(-2.19077e-18 -9.85932e-13 0)
(-2.776e-18 -9.85932e-13 0)
(-3.2735e-18 -9.85931e-13 0)
(-3.69084e-18 -9.85931e-13 0)
(-4.03639e-18 -9.8593e-13 0)
(-4.31829e-18 -9.8593e-13 0)
(-4.54396e-18 -9.85929e-13 0)
(-4.71999e-18 -9.85929e-13 0)
(-4.85207e-18 -9.85928e-13 0)
(-4.94514e-18 -9.85927e-13 0)
(-5.0034e-18 -9.85927e-13 0)
(-5.03049e-18 -9.85926e-13 0)
(-5.0295e-18 -9.85926e-13 0)
(-5.00308e-18 -9.85925e-13 0)
(-4.9535e-18 -9.85925e-13 0)
(-4.88272e-18 -9.85924e-13 0)
(-4.79241e-18 -9.85924e-13 0)
(-4.68399e-18 -9.85923e-13 0)
(-4.55869e-18 -9.85923e-13 0)
(-4.41756e-18 -9.85922e-13 0)
(-4.2615e-18 -9.85922e-13 0)
(-4.09127e-18 -9.85921e-13 0)
(-3.90752e-18 -9.85921e-13 0)
(-3.71084e-18 -9.85921e-13 0)
(-3.50172e-18 -9.8592e-13 0)
(-3.28058e-18 -9.8592e-13 0)
(-3.04783e-18 -9.85919e-13 0)
(-2.80382e-18 -9.85919e-13 0)
(-2.54892e-18 -9.85919e-13 0)
(-2.28348e-18 -9.85918e-13 0)
(-2.00785e-18 -9.85918e-13 0)
(-1.72242e-18 -9.85918e-13 0)
(-1.42763e-18 -9.85918e-13 0)
(-1.12394e-18 -9.85918e-13 0)
(-8.11882e-19 -9.85918e-13 0)
(-4.92057e-19 -9.85917e-13 0)
(-1.65141e-19 -9.85917e-13 0)
(-7.26846e-20 -9.85931e-13 0)
(-4.00283e-19 -9.85931e-13 0)
(-8.98463e-19 -9.85931e-13 0)
(-1.36907e-18 -9.85931e-13 0)
(-1.80283e-18 -9.85931e-13 0)
(-2.19442e-18 -9.8593e-13 0)
(-2.54157e-18 -9.8593e-13 0)
(-2.84414e-18 -9.85929e-13 0)
(-3.10338e-18 -9.85929e-13 0)
(-3.32139e-18 -9.85929e-13 0)
(-3.50074e-18 -9.85928e-13 0)
(-3.64417e-18 -9.85928e-13 0)
(-3.75445e-18 -9.85927e-13 0)
(-3.83426e-18 -9.85927e-13 0)
(-3.88612e-18 -9.85926e-13 0)
(-3.91238e-18 -9.85926e-13 0)
(-3.91515e-18 -9.85925e-13 0)
(-3.89638e-18 -9.85925e-13 0)
(-3.85778e-18 -9.85924e-13 0)
(-3.80092e-18 -9.85924e-13 0)
(-3.72716e-18 -9.85923e-13 0)
(-3.6377e-18 -9.85923e-13 0)
(-3.53362e-18 -9.85923e-13 0)
(-3.41584e-18 -9.85922e-13 0)
(-3.28518e-18 -9.85922e-13 0)
(-3.14235e-18 -9.85921e-13 0)
(-2.98798e-18 -9.85921e-13 0)
(-2.82262e-18 -9.8592e-13 0)
(-2.64676e-18 -9.8592e-13 0)
(-2.46083e-18 -9.8592e-13 0)
(-2.26525e-18 -9.85919e-13 0)
(-2.06038e-18 -9.85919e-13 0)
(-1.84659e-18 -9.85919e-13 0)
(-1.62426e-18 -9.85919e-13 0)
(-1.39375e-18 -9.85918e-13 0)
(-1.15546e-18 -9.85918e-13 0)
(-9.09812e-19 -9.85918e-13 0)
(-6.57284e-19 -9.85918e-13 0)
(-3.98391e-19 -9.85918e-13 0)
(-1.3371e-19 -9.85918e-13 0)
(-3.40137e-20 -9.8593e-13 0)
(-2.34581e-19 -9.8593e-13 0)
(-5.63948e-19 -9.8593e-13 0)
(-8.83635e-19 -9.8593e-13 0)
(-1.18773e-18 -9.8593e-13 0)
(-1.47159e-18 -9.85929e-13 0)
(-1.73186e-18 -9.85929e-13 0)
(-1.96641e-18 -9.85929e-13 0)
(-2.17412e-18 -9.85929e-13 0)
(-2.3547e-18 -9.85928e-13 0)
(-2.50847e-18 -9.85928e-13 0)
(-2.63622e-18 -9.85927e-13 0)
(-2.73907e-18 -9.85927e-13 0)
(-2.8183e-18 -9.85927e-13 0)
(-2.87532e-18 -9.85926e-13 0)
(-2.91156e-18 -9.85926e-13 0)
(-2.92845e-18 -9.85925e-13 0)
(-2.92736e-18 -9.85925e-13 0)
(-2.90959e-18 -9.85924e-13 0)
(-2.87634e-18 -9.85924e-13 0)
(-2.82875e-18 -9.85924e-13 0)
(-2.76781e-18 -9.85923e-13 0)
(-2.69446e-18 -9.85923e-13 0)
(-2.60952e-18 -9.85922e-13 0)
(-2.51373e-18 -9.85922e-13 0)
(-2.40773e-18 -9.85922e-13 0)
(-2.29212e-18 -9.85921e-13 0)
(-2.16742e-18 -9.85921e-13 0)
(-2.03408e-18 -9.8592e-13 0)
(-1.89252e-18 -9.8592e-13 0)
(-1.74312e-18 -9.8592e-13 0)
(-1.58625e-18 -9.85919e-13 0)
(-1.42223e-18 -9.85919e-13 0)
(-1.2514e-18 -9.85919e-13 0)
(-1.07409e-18 -9.85919e-13 0)
(-8.90633e-19 -9.85919e-13 0)
(-7.01401e-19 -9.85918e-13 0)
(-5.06778e-19 -9.85918e-13 0)
(-3.0719e-19 -9.85918e-13 0)
(-1.03105e-19 -9.85918e-13 0)
(-1.59035e-20 -9.85929e-13 0)
(-1.38e-19 -9.85929e-13 0)
(-3.49036e-19 -9.85929e-13 0)
(-5.56369e-19 -9.85929e-13 0)
(-7.56703e-19 -9.85929e-13 0)
(-9.47108e-19 -9.85929e-13 0)
(-1.12514e-18 -9.85929e-13 0)
(-1.28888e-18 -9.85928e-13 0)
(-1.43695e-18 -9.85928e-13 0)
(-1.56847e-18 -9.85928e-13 0)
(-1.68301e-18 -9.85927e-13 0)
(-1.78051e-18 -9.85927e-13 0)
(-1.8612e-18 -9.85927e-13 0)
(-1.92554e-18 -9.85926e-13 0)
(-1.97419e-18 -9.85926e-13 0)
(-2.00788e-18 -9.85926e-13 0)
(-2.02744e-18 -9.85925e-13 0)
(-2.0337e-18 -9.85925e-13 0)
(-2.02752e-18 -9.85924e-13 0)
(-2.00972e-18 -9.85924e-13 0)
(-1.98108e-18 -9.85924e-13 0)
(-1.94235e-18 -9.85923e-13 0)
(-1.89422e-18 -9.85923e-13 0)
(-1.8373e-18 -9.85922e-13 0)
(-1.77218e-18 -9.85922e-13 0)
(-1.69937e-18 -9.85922e-13 0)
(-1.61934e-18 -9.85921e-13 0)
(-1.53249e-18 -9.85921e-13 0)
(-1.43922e-18 -9.85921e-13 0)
(-1.33984e-18 -9.8592e-13 0)
(-1.23469e-18 -9.8592e-13 0)
(-1.12403e-18 -9.8592e-13 0)
(-1.00815e-18 -9.85919e-13 0)
(-8.87301e-19 -9.85919e-13 0)
(-7.61748e-19 -9.85919e-13 0)
(-6.31754e-19 -9.85919e-13 0)
(-4.97593e-19 -9.85919e-13 0)
(-3.59558e-19 -9.85919e-13 0)
(-2.17965e-19 -9.85918e-13 0)
(-7.31598e-20 -9.85918e-13 0)
(-6.84748e-21 -9.85929e-13 0)
(-7.31465e-20 -9.85929e-13 0)
(-1.91559e-19 -9.85929e-13 0)
(-3.08564e-19 -9.85929e-13 0)
(-4.22505e-19 -9.85929e-13 0)
(-5.31825e-19 -9.85928e-13 0)
(-6.35133e-19 -9.85928e-13 0)
(-7.31253e-19 -9.85928e-13 0)
(-8.19241e-19 -9.85928e-13 0)
(-8.98402e-19 -9.85928e-13 0)
(-9.68275e-19 -9.85927e-13 0)
(-1.02862e-18 -9.85927e-13 0)
(-1.07937e-18 -9.85927e-13 0)
(-1.12065e-18 -9.85926e-13 0)
(-1.15268e-18 -9.85926e-13 0)
(-1.17578e-18 -9.85926e-13 0)
(-1.19035e-18 -9.85925e-13 0)
(-1.19684e-18 -9.85925e-13 0)
(-1.19569e-18 -9.85924e-13 0)
(-1.18738e-18 -9.85924e-13 0)
(-1.17236e-18 -9.85924e-13 0)
(-1.15108e-18 -9.85923e-13 0)
(-1.12394e-18 -9.85923e-13 0)
(-1.09135e-18 -9.85923e-13 0)
(-1.05364e-18 -9.85922e-13 0)
(-1.01117e-18 -9.85922e-13 0)
(-9.64204e-19 -9.85921e-13 0)
(-9.1303e-19 -9.85921e-13 0)
(-8.57884e-19 -9.85921e-13 0)
(-7.98987e-19 -9.8592e-13 0)
(-7.3654e-19 -9.8592e-13 0)
(-6.70728e-19 -9.8592e-13 0)
(-6.01727e-19 -9.8592e-13 0)
(-5.29704e-19 -9.85919e-13 0)
(-4.54826e-19 -9.85919e-13 0)
(-3.77257e-19 -9.85919e-13 0)
(-2.97172e-19 -9.85919e-13 0)
(-2.1475e-19 -9.85919e-13 0)
(-1.30188e-19 -9.85919e-13 0)
(-4.36986e-20 -9.85919e-13 0)
(-1.88433e-21 -9.85928e-13 0)
(-2.29429e-20 -9.85928e-13 0)
(-6.11679e-20 -9.85928e-13 0)
(-9.9028e-20 -9.85928e-13 0)
(-1.36018e-19 -9.85928e-13 0)
(-1.71653e-19 -9.85928e-13 0)
(-2.05488e-19 -9.85928e-13 0)
(-2.37132e-19 -9.85928e-13 0)
(-2.66262e-19 -9.85928e-13 0)
(-2.92625e-19 -9.85927e-13 0)
(-3.16042e-19 -9.85927e-13 0)
(-3.36403e-19 -9.85927e-13 0)
(-3.5366e-19 -9.85927e-13 0)
(-3.67819e-19 -9.85926e-13 0)
(-3.78933e-19 -9.85926e-13 0)
(-3.8709e-19 -9.85926e-13 0)
(-3.92404e-19 -9.85925e-13 0)
(-3.95009e-19 -9.85925e-13 0)
(-3.95048e-19 -9.85925e-13 0)
(-3.9267e-19 -9.85924e-13 0)
(-3.88025e-19 -9.85924e-13 0)
(-3.81258e-19 -9.85923e-13 0)
(-3.72508e-19 -9.85923e-13 0)
(-3.61905e-19 -9.85923e-13 0)
(-3.49571e-19 -9.85922e-13 0)
(-3.35616e-19 -9.85922e-13 0)
(-3.20144e-19 -9.85921e-13 0)
(-3.03245e-19 -9.85921e-13 0)
(-2.85003e-19 -9.85921e-13 0)
(-2.65495e-19 -9.8592e-13 0)
(-2.4479e-19 -9.8592e-13 0)
(-2.22952e-19 -9.8592e-13 0)
(-2.00041e-19 -9.8592e-13 0)
(-1.76116e-19 -9.85919e-13 0)
(-1.51234e-19 -9.85919e-13 0)
(-1.2545e-19 -9.85919e-13 0)
(-9.88242e-20 -9.85919e-13 0)
(-7.14178e-20 -9.85919e-13 0)
(-4.32967e-20 -9.85919e-13 0)
(-1.4533e-20 -9.85919e-13 0)
)
;

boundaryField
{
    top
    {
        type            zeroGradient;
    }
    inlet
    {
        type            fixedValue;
        value           uniform (0 0 0);
    }
    axis
    {
        type            fixedValue;
        value           uniform (0 0 0);
    }
    frontAndBack
    {
        type            empty;
    }
}


// ************************************************************************* //
