0.005 2400 2 1.0985e-02 0.0000e+00 0.0000e+00 0
0.015 2400 2 1.0985e-02 0.0000e+00 0.0000e+00 0
0.025 2400 2 1.0985e-02 0.0000e+00 0.0000e+00 0
0.035 2400 2 1.0985e-02 0.0000e+00 0.0000e+00 0
0.045 2400 2 1.0985e-02 0.0000e+00 0.0000e+00 0
0.055 2400 2 1.0985e-02 0.0000e+00 0.0000e+00 0
0.065 2400 2 1.0985e-02 0.0000e+00 0.0000e+00 0
0.075 2400 2 1.0985e-02 0.0000e+00 0.0000e+00 0
0.085 2400 2 1.0985e-02 0.0000e+00 0.0000e+00 0
0.095 2400 2 1.0985e-02 0.0000e+00 0.0000e+00 0
0.105 2400 2 1.0985e-02 0.0000e+00 0.0000e+00 0
0.115 2400 2 1.0985e-02 0.0000e+00 0.0000e+00 0
0.125 2400 2 1.0985e-02 0.0000e+00 0.0000e+00 0
0.135 2400 2 1.0985e-02 0.0000e+00 0.0000e+00 0
0.145 2400 2 1.0985e-02 0.0000e+00 0.0000e+00 0
0.155 2400 2 1.0985e-02 0.0000e+00 0.0000e+00 0
0.165 2400 2 1.0985e-02 0.0000e+00 0.0000e+00 0
0.175 2400 2 1.0985e-02 0.0000e+00 0.0000e+00 0
0.185 2400 2 1.0985e-02 0.0000e+00 0.0000e+00 0
0.195 2400 2 1.0985e-02 0.0000e+00 0.0000e+00 0
0.205 2400 2 1.0985e-02 0.0000e+00 0.0000e+00 0
0.215 2400 2 1.0985e-02 0.0000e+00 0.0000e+00 0
0.225 2400 2 1.0985e-02 0.0000e+00 0.0000e+00 0
0.235 2400 2.00666 1.0985e-02 8.2079e-05 8.2079e-05 0
0.245 2400 6.55179 1.0985e-02 8.2042e-03 8.2042e-03 0.0257579
0.255 2400 6.55179 1.0985e-02 8.2042e-03 8.2042e-03 0.0300019
0.265 2400 6.55179 1.0985e-02 8.2042e-03 8.2042e-03 0.0300019
0.275 2400 6.55179 1.0985e-02 8.2042e-03 8.2042e-03 0.0300019
0.285 2400 6.55179 1.0985e-02 8.2042e-03 8.2042e-03 0.0300019
0.295 2400 6.55179 1.0985e-02 8.2042e-03 8.2042e-03 0.0300019
0.305 2400 6.55179 1.0985e-02 8.2042e-03 8.2042e-03 0.0300019
0.315 2400 6.55179 1.0985e-02 8.2042e-03 8.2042e-03 0.0300019
0.325 2400 6.55179 1.0985e-02 8.2042e-03 8.2042e-03 0.0300019
0.335 2400 6.55179 1.0985e-02 8.2042e-03 8.2042e-03 0.0300019
0.345 2400 6.55179 1.0985e-02 8.2042e-03 8.2042e-03 0.0300019
0.355 2400 6.55179 1.0985e-02 8.2042e-03 8.2042e-03 0.0300019
0.365 2400 6.55179 1.0985e-02 8.2042e-03 8.2042e-03 0.0300019
0.375 2400 6.55179 1.0985e-02 8.2042e-03 8.2042e-03 0.0300019
0.385 2400 6.55179 1.0985e-02 8.2042e-03 8.2042e-03 0.0300019
0.395 2400 6.55179 1.0985e-02 8.2042e-03 8.2042e-03 0.0300019
0.405 2400 6.55179 1.0985e-02 8.2042e-03 8.2042e-03 0.0300019
0.415 2400 6.55179 1.0985e-02 8.2042e-03 8.2042e-03 0.0300019
0.425 2400 6.55179 1.0985e-02 8.2042e-03 8.2042e-03 0.0300019
0.435 2400 6.55179 1.0985e-02 8.2042e-03 8.2042e-03 0.0300019
0.445 2400 6.55179 1.0985e-02 8.2042e-03 8.2042e-03 0.0300019
0.455 2400 6.55179 1.0985e-02 8.2042e-03 8.2042e-03 0.0300019
0.465 2400 6.55179 1.0985e-02 8.2042e-03 8.2042e-03 0.0300019
0.475 2400 6.55179 1.0985e-02 8.2042e-03 8.2042e-03 0.0300019
0.485 2400 6.55179 1.0985e-02 8.2042e-03 8.2042e-03 0.0300019
0.495 2400 6.55179 1.0985e-02 8.2042e-03 8.2042e-03 0.0300019
