/*--------------------------------*- C++ -*----------------------------------*\
  =========                 |
  \\      /  F ield         | OpenFOAM: The Open Source CFD Toolbox
   \\    /   O peration     | Website:  https://openfoam.org
    \\  /    A nd           | Version:  7
     \\/     M anipulation  |
\*---------------------------------------------------------------------------*/
FoamFile
{
    version     2.0;
    format      ascii;
    class       surfaceScalarField;
    location    "20000";
    object      phia;
}
// * * * * * * * * * * * * * * * * * * * * * * * * * * * * * * * * * * * * * //

dimensions      [0 3 -1 0 0 0 0];

internalField   nonuniform List<scalar> 
6280
(
-2.93018e-07
2.93018e-07
-5.91711e-07
2.98693e-07
-9.07571e-07
3.15859e-07
-1.25453e-06
3.46963e-07
-1.65159e-06
3.97052e-07
-2.12703e-06
4.75449e-07
-2.72623e-06
5.99193e-07
-3.5263e-06
8.00078e-07
-4.66557e-06
1.13927e-06
-6.40379e-06
1.73822e-06
-9.24898e-06
2.84519e-06
-1.42289e-05
4.98018e-06
-3.37972e-06
6.96738e-06
-6.27004e-07
1.05025e-06
-2.93011e-07
3.97912e-07
-1.71062e-07
2.77598e-07
-1.11677e-07
2.12536e-07
-7.82305e-08
1.69789e-07
-5.75649e-08
1.39391e-07
-4.3944e-08
1.16717e-07
-3.45511e-08
9.92437e-08
-2.78156e-08
8.55114e-08
-2.28349e-08
7.44856e-08
-1.90681e-08
6.54855e-08
-1.61542e-08
5.80674e-08
-1.3857e-08
5.18691e-08
-1.2017e-08
4.66304e-08
-1.0545e-08
4.21542e-08
-9.27412e-09
3.64776e-08
-8.20909e-09
3.2075e-08
-7.34008e-09
2.85596e-08
-6.61556e-09
2.56752e-08
-5.98723e-09
2.3258e-08
-5.40939e-09
2.11884e-08
-4.83531e-09
1.93665e-08
-4.21359e-09
1.77019e-08
-3.48945e-09
1.61086e-08
-2.6004e-09
1.45199e-08
-1.44845e-09
1.28908e-08
1.13134e-08
-6.23923e-11
-2.69809e-07
5.62827e-07
-5.41935e-07
5.70819e-07
-8.23246e-07
5.97171e-07
-1.12061e-06
6.44328e-07
-1.44074e-06
7.17183e-07
-1.78901e-06
8.23716e-07
-2.16569e-06
9.7587e-07
-2.55584e-06
1.19023e-06
-2.90361e-06
1.48703e-06
-3.0486e-06
1.88321e-06
-2.57101e-06
2.36759e-06
-4.18286e-07
2.82746e-06
3.70031e-06
2.84878e-06
2.85469e-06
1.89587e-06
1.94602e-06
1.30658e-06
1.24986e-06
9.7376e-07
6.804e-07
7.81994e-07
1.76947e-07
6.73241e-07
-3.03025e-07
6.19364e-07
-7.9469e-07
6.08382e-07
-1.33418e-06
6.3873e-07
-1.96666e-06
7.17995e-07
-2.75715e-06
8.64976e-07
-3.80728e-06
1.11561e-06
-5.284e-06
1.53479e-06
-7.4705e-06
2.23837e-06
-1.08574e-05
3.43354e-06
-4.30264e-06
4.45316e-06
-6.86275e-07
7.86543e-07
-3.53717e-07
2.47014e-07
-2.25481e-07
1.88322e-07
-1.5757e-07
1.55764e-07
-1.16164e-07
1.31776e-07
-8.86964e-08
1.12431e-07
-6.9258e-08
9.60091e-08
-5.45082e-08
8.13661e-08
-4.20906e-08
6.74728e-08
-2.96558e-08
5.31962e-08
-1.34528e-08
3.68005e-08
2.21085e-08
-3.79871e-10
-2.31455e-07
7.94282e-07
-4.61132e-07
8.00495e-07
-6.90609e-07
8.26648e-07
-9.19958e-07
8.73677e-07
-1.1465e-06
9.43728e-07
-1.3626e-06
1.03982e-06
-1.55184e-06
1.1651e-06
-1.68292e-06
1.32131e-06
-1.70136e-06
1.50547e-06
-1.52214e-06
1.70399e-06
-1.03815e-06
1.88361e-06
-1.93054e-07
1.98237e-06
7.38231e-07
1.91749e-06
9.64642e-07
1.66946e-06
8.54566e-07
1.41666e-06
6.12433e-07
1.21589e-06
3.21136e-07
1.07329e-06
1.22604e-08
9.82117e-07
-3.03318e-07
9.34942e-07
-6.21874e-07
9.26938e-07
-9.39473e-07
9.56329e-07
-1.2454e-06
1.02392e-06
-1.51237e-06
1.13195e-06
-1.67838e-06
1.28162e-06
-1.61134e-06
1.46775e-06
-1.03982e-06
1.66685e-06
5.81719e-07
1.81201e-06
3.29413e-06
1.74075e-06
2.80506e-06
1.27562e-06
2.10716e-06
9.44912e-07
1.5561e-06
7.39383e-07
1.10149e-06
6.10375e-07
7.02632e-07
5.30633e-07
3.29102e-07
4.85961e-07
-4.51682e-08
4.70279e-07
-4.47266e-07
4.83464e-07
-9.1084e-07
5.31047e-07
-7.90661e-07
5.44849e-07
-8.6286e-08
1.02487e-07
1.14002e-08
6.40756e-09
-1.88179e-07
9.82461e-07
-3.71791e-07
9.84108e-07
-5.48968e-07
1.00382e-06
-7.1636e-07
1.04107e-06
-8.68201e-07
1.09557e-06
-9.95188e-07
1.1668e-06
-1.0833e-06
1.25322e-06
-1.1131e-06
1.35112e-06
-1.06081e-06
1.45318e-06
-9.03846e-07
1.54702e-06
-6.34924e-07
1.61468e-06
-2.87902e-07
1.63534e-06
3.52071e-08
1.59438e-06
2.05095e-07
1.49957e-06
2.35187e-07
1.38656e-06
1.70055e-07
1.28103e-06
4.7775e-08
1.19557e-06
-1.0483e-07
1.13472e-06
-2.68937e-07
1.09905e-06
-4.29469e-07
1.08747e-06
-5.71277e-07
1.09814e-06
-6.75804e-07
1.12845e-06
-7.18237e-07
1.17438e-06
-6.65908e-07
1.22929e-06
-4.80521e-07
1.28236e-06
-1.30791e-07
1.31712e-06
3.69392e-07
1.31182e-06
8.64407e-07
1.24573e-06
1.01888e-06
1.12115e-06
9.73001e-07
9.9079e-07
8.34478e-07
8.77906e-07
6.56713e-07
7.88141e-07
4.66654e-07
7.20691e-07
2.79814e-07
6.72801e-07
1.08819e-07
6.41275e-07
-3.03388e-08
6.22622e-07
-1.11658e-07
6.12365e-07
-1.70255e-07
6.03527e-07
-3.09762e-08
1.56208e-07
2.38977e-09
1.27161e-08
-1.47584e-07
1.13005e-06
-2.89556e-07
1.12608e-06
-4.22653e-07
1.13692e-06
-5.42791e-07
1.16121e-06
-6.44662e-07
1.19744e-06
-7.21505e-07
1.24364e-06
-7.65245e-07
1.29696e-06
-7.67348e-07
1.35322e-06
-7.2084e-07
1.40667e-06
-6.2391e-07
1.45009e-06
-4.84862e-07
1.47564e-06
-3.26382e-07
1.47686e-06
-1.83732e-07
1.45173e-06
-8.93196e-08
1.40516e-06
-5.0577e-08
1.34782e-06
-5.95194e-08
1.28997e-06
-1.0273e-07
1.23878e-06
-1.66296e-07
1.19829e-06
-2.37338e-07
1.17009e-06
-3.03962e-07
1.15409e-06
-3.54753e-07
1.14893e-06
-3.78449e-07
1.15214e-06
-3.64271e-07
1.1602e-06
-3.03412e-07
1.16844e-06
-1.92242e-07
1.17119e-06
-3.75202e-08
1.1624e-06
1.37399e-07
1.1369e-06
2.90397e-07
1.09273e-06
3.7793e-07
1.03361e-06
3.99987e-07
9.68733e-07
3.72201e-07
9.05692e-07
3.11376e-07
8.48966e-07
2.31542e-07
8.00526e-07
1.43635e-07
7.60708e-07
5.60526e-08
7.28857e-07
-2.50486e-08
7.03723e-07
-9.63984e-08
6.83715e-07
-1.59977e-07
6.67156e-07
-1.60928e-08
1.87417e-07
6.72838e-10
4.74156e-09
-1.13439e-07
1.24348e-06
-2.21469e-07
1.23411e-06
-3.20745e-07
1.2362e-06
-4.07706e-07
1.24817e-06
-4.78492e-07
1.26823e-06
-5.2905e-07
1.2942e-06
-5.55527e-07
1.32344e-06
-5.55024e-07
1.35272e-06
-5.26722e-07
1.37837e-06
-4.73231e-07
1.3966e-06
-4.01668e-07
1.40407e-06
-3.23576e-07
1.39877e-06
-2.52637e-07
1.38079e-06
-2.0011e-07
1.35263e-06
-1.70749e-07
1.31846e-06
-1.63422e-07
1.28264e-06
-1.73356e-07
1.24872e-06
-1.94072e-07
1.219e-06
-2.18602e-07
1.19462e-06
-2.40145e-07
1.17564e-06
-2.52473e-07
1.16126e-06
-2.50338e-07
1.15001e-06
-2.3003e-07
1.13989e-06
-1.90186e-07
1.12859e-06
-1.32731e-07
1.11374e-06
-6.36516e-08
1.09332e-06
7.08771e-09
1.06617e-06
6.74275e-08
1.03239e-06
1.07469e-07
9.93572e-07
1.23924e-07
9.52278e-07
1.18529e-07
9.11087e-07
9.54992e-08
8.71996e-07
5.97533e-08
8.36271e-07
1.59258e-08
8.04535e-07
-3.21309e-08
7.76914e-07
-8.16135e-08
7.53206e-07
-1.3093e-07
7.33032e-07
-1.79654e-07
7.15936e-07
-1.44299e-08
2.00344e-07
5.65663e-10
4.20554e-09
-8.65961e-08
1.33008e-06
-1.6859e-07
1.3161e-06
-2.43134e-07
1.31074e-06
-3.07517e-07
1.31255e-06
-3.5919e-07
1.3199e-06
-3.95925e-07
1.33094e-06
-4.16098e-07
1.34361e-06
-4.19087e-07
1.35571e-06
-4.05721e-07
1.36501e-06
-3.78631e-07
1.36951e-06
-3.42282e-07
1.36772e-06
-3.02476e-07
1.35897e-06
-2.65223e-07
1.34354e-06
-2.35285e-07
1.3227e-06
-2.15116e-07
1.29829e-06
-2.04786e-07
1.27231e-06
-2.02531e-07
1.24646e-06
-2.05472e-07
1.22195e-06
-2.10245e-07
1.1994e-06
-2.13505e-07
1.1789e-06
-2.12319e-07
1.16007e-06
-2.04503e-07
1.14219e-06
-1.88934e-07
1.12432e-06
-1.65799e-07
1.10546e-06
-1.36741e-07
1.08468e-06
-1.04768e-07
1.06135e-06
-7.38211e-08
1.03522e-06
-4.79694e-08
1.00654e-06
-3.03968e-08
9.75999e-07
-2.26791e-08
9.4456e-07
-2.48351e-08
9.13243e-07
-3.57807e-08
8.82941e-07
-5.38408e-08
8.54332e-07
-7.71649e-08
8.27859e-07
-1.04015e-07
8.03764e-07
-1.32935e-07
7.82126e-07
-1.62823e-07
7.62919e-07
-1.9283e-07
7.4601e-07
-1.38738e-08
2.04788e-07
5.67751e-10
4.13334e-09
-6.6344e-08
1.39642e-06
-1.29037e-07
1.3788e-06
-1.85873e-07
1.36758e-06
-2.34909e-07
1.36159e-06
-2.74524e-07
1.35951e-06
-3.03521e-07
1.35993e-06
-3.21283e-07
1.36137e-06
-3.27932e-07
1.36235e-06
-3.24458e-07
1.36153e-06
-3.12743e-07
1.3578e-06
-2.95418e-07
1.3504e-06
-2.75514e-07
1.33906e-06
-2.55956e-07
1.32398e-06
-2.39039e-07
1.30578e-06
-2.26076e-07
1.28533e-06
-2.17333e-07
1.26357e-06
-2.12203e-07
1.24133e-06
-2.09484e-07
1.21923e-06
-2.07692e-07
1.1976e-06
-2.05337e-07
1.17654e-06
-2.01161e-07
1.15589e-06
-1.94326e-07
1.13536e-06
-1.84541e-07
1.11454e-06
-1.72125e-07
1.09304e-06
-1.57982e-07
1.07053e-06
-1.43469e-07
1.04683e-06
-1.30174e-07
1.02192e-06
-1.19612e-07
9.9598e-07
-1.12949e-07
9.69336e-07
-1.10812e-07
9.42424e-07
-1.13275e-07
9.15706e-07
-1.19951e-07
8.89617e-07
-1.30145e-07
8.64526e-07
-1.43007e-07
8.40721e-07
-1.57657e-07
8.18413e-07
-1.73278e-07
7.97747e-07
-1.89173e-07
7.78815e-07
-2.04704e-07
7.61617e-07
-1.33808e-08
2.0356e-07
5.67489e-10
4.13375e-09
-5.14088e-08
1.44783e-06
-1.00032e-07
1.42742e-06
-1.44245e-07
1.41179e-06
-1.82696e-07
1.40004e-06
-2.1435e-07
1.39117e-06
-2.38554e-07
1.38414e-06
-2.55098e-07
1.37791e-06
-2.64262e-07
1.37152e-06
-2.66824e-07
1.3641e-06
-2.64012e-07
1.35498e-06
-2.57371e-07
1.34376e-06
-2.48567e-07
1.33026e-06
-2.39154e-07
1.31457e-06
-2.30364e-07
1.29699e-06
-2.22969e-07
1.27793e-06
-2.17256e-07
1.25786e-06
-2.13094e-07
1.23717e-06
-2.10054e-07
1.21619e-06
-2.07554e-07
1.1951e-06
-2.05004e-07
1.17399e-06
-2.01921e-07
1.15281e-06
-1.98023e-07
1.13146e-06
-1.93274e-07
1.10979e-06
-1.87894e-07
1.08766e-06
-1.82328e-07
1.06497e-06
-1.77164e-07
1.04167e-06
-1.73033e-07
1.01779e-06
-1.70497e-07
9.93444e-07
-1.6995e-07
9.68788e-07
-1.71554e-07
9.44028e-07
-1.7523e-07
9.19382e-07
-1.80678e-07
8.95066e-07
-1.8743e-07
8.71278e-07
-1.94907e-07
8.48197e-07
-2.0248e-07
8.25987e-07
-2.09537e-07
8.04803e-07
-2.15527e-07
7.84805e-07
-2.19924e-07
7.66105e-07
-1.28628e-08
1.97015e-07
5.57799e-10
4.19718e-09
-4.05001e-08
1.48833e-06
-7.89145e-08
1.46584e-06
-1.14079e-07
1.44696e-06
-1.45062e-07
1.43102e-06
-1.71193e-07
1.4173e-06
-1.92096e-07
1.40504e-06
-2.07708e-07
1.39353e-06
-2.18282e-07
1.38209e-06
-2.24359e-07
1.37017e-06
-2.26719e-07
1.35734e-06
-2.2629e-07
1.34333e-06
-2.24037e-07
1.328e-06
-2.20855e-07
1.31139e-06
-2.17472e-07
1.29361e-06
-2.14392e-07
1.27485e-06
-2.11886e-07
1.25535e-06
-2.10022e-07
1.2353e-06
-2.08714e-07
1.21488e-06
-2.078e-07
1.19419e-06
-2.07099e-07
1.17329e-06
-2.06476e-07
1.15219e-06
-2.05876e-07
1.13086e-06
-2.05346e-07
1.10926e-06
-2.0503e-07
1.08734e-06
-2.05146e-07
1.06508e-06
-2.05947e-07
1.04247e-06
-2.07677e-07
1.01952e-06
-2.10515e-07
9.96282e-07
-2.14536e-07
9.7281e-07
-2.19685e-07
9.49176e-07
-2.25753e-07
9.25451e-07
-2.32386e-07
9.01698e-07
-2.39082e-07
8.77975e-07
-2.45218e-07
8.54333e-07
-2.50059e-07
8.30829e-07
-2.52796e-07
8.0754e-07
-2.5258e-07
7.84589e-07
-2.4846e-07
7.62101e-07
-1.23001e-08
1.83678e-07
5.3797e-10
4.34399e-09
-3.25304e-08
1.52086e-06
-6.35066e-08
1.49681e-06
-9.21071e-08
1.47556e-06
-1.17689e-07
1.4566e-06
-1.39808e-07
1.43942e-06
-1.58233e-07
1.42347e-06
-1.72948e-07
1.40824e-06
-1.8414e-07
1.39328e-06
-1.92169e-07
1.3782e-06
-1.97533e-07
1.36271e-06
-2.00804e-07
1.3466e-06
-2.02576e-07
1.32978e-06
-2.03402e-07
1.31221e-06
-2.0375e-07
1.29395e-06
-2.03981e-07
1.27508e-06
-2.04339e-07
1.25571e-06
-2.04965e-07
1.23593e-06
-2.05926e-07
1.21584e-06
-2.07242e-07
1.1955e-06
-2.08918e-07
1.17497e-06
-2.10976e-07
1.15425e-06
-2.13462e-07
1.13335e-06
-2.16463e-07
1.11226e-06
-2.20097e-07
1.09098e-06
-2.24504e-07
1.06949e-06
-2.29825e-07
1.04779e-06
-2.36176e-07
1.02587e-06
-2.4363e-07
1.00373e-06
-2.52184e-07
9.81364e-07
-2.61745e-07
9.58737e-07
-2.72105e-07
9.35811e-07
-2.82923e-07
9.12516e-07
-2.93697e-07
8.88749e-07
-3.03737e-07
8.64373e-07
-3.12122e-07
8.39213e-07
-3.17644e-07
8.13063e-07
-3.18751e-07
7.85696e-07
-3.13278e-07
7.56801e-07
-1.16535e-08
1.61539e-07
5.08378e-10
4.6189e-09
-2.66621e-08
1.54753e-06
-5.21605e-08
1.52231e-06
-7.59189e-08
1.49931e-06
-9.74922e-08
1.47818e-06
-1.1658e-07
1.45851e-06
-1.33032e-07
1.43992e-06
-1.46843e-07
1.42205e-06
-1.58141e-07
1.40458e-06
-1.67166e-07
1.38723e-06
-1.74238e-07
1.36978e-06
-1.79726e-07
1.35209e-06
-1.84014e-07
1.33406e-06
-1.87465e-07
1.31566e-06
-1.90407e-07
1.2969e-06
-1.93109e-07
1.27779e-06
-1.95787e-07
1.25839e-06
-1.98603e-07
1.23875e-06
-2.01682e-07
1.21892e-06
-2.05122e-07
1.19894e-06
-2.09013e-07
1.17886e-06
-2.13446e-07
1.15868e-06
-2.18524e-07
1.13842e-06
-2.24366e-07
1.1181e-06
-2.31105e-07
1.09772e-06
-2.38882e-07
1.07727e-06
-2.47843e-07
1.05675e-06
-2.58126e-07
1.03616e-06
-2.69854e-07
1.01546e-06
-2.83124e-07
9.94633e-07
-2.97994e-07
9.73607e-07
-3.14476e-07
9.52293e-07
-3.32511e-07
9.30551e-07
-3.51948e-07
9.08186e-07
-3.72495e-07
8.8492e-07
-3.9365e-07
8.60368e-07
-4.14588e-07
8.34001e-07
-4.33987e-07
8.05095e-07
-4.49396e-07
7.72532e-07
-1.08535e-08
1.37037e-07
4.82141e-10
5.08457e-09
-2.22803e-08
1.56981e-06
-4.36792e-08
1.54371e-06
-6.37932e-08
1.51943e-06
-8.23128e-08
1.49669e-06
-9.90311e-08
1.47522e-06
-1.13846e-07
1.45473e-06
-1.26754e-07
1.43496e-06
-1.37841e-07
1.41567e-06
-1.47268e-07
1.39665e-06
-1.55246e-07
1.37776e-06
-1.62023e-07
1.35887e-06
-1.67858e-07
1.3399e-06
-1.73004e-07
1.32081e-06
-1.77699e-07
1.30159e-06
-1.82155e-07
1.28224e-06
-1.86556e-07
1.26279e-06
-1.91061e-07
1.24325e-06
-1.9581e-07
1.22367e-06
-2.00928e-07
1.20406e-06
-2.06537e-07
1.18447e-06
-2.12761e-07
1.1649e-06
-2.19732e-07
1.1454e-06
-2.27592e-07
1.12596e-06
-2.36497e-07
1.10662e-06
-2.4662e-07
1.08739e-06
-2.58151e-07
1.06828e-06
-2.713e-07
1.04931e-06
-2.86304e-07
1.03047e-06
-3.03431e-07
1.01176e-06
-3.22996e-07
9.93172e-07
-3.45372e-07
9.74668e-07
-3.71016e-07
9.56196e-07
-4.00499e-07
9.37669e-07
-4.3454e-07
9.18961e-07
-4.74057e-07
8.99884e-07
-5.20226e-07
8.80171e-07
-5.74564e-07
8.59432e-07
-6.38216e-07
8.36892e-07
-9.90153e-09
1.32486e-07
4.95027e-10
5.72164e-09
-1.89456e-08
1.58875e-06
-3.7213e-08
1.56198e-06
-5.45193e-08
1.53673e-06
-7.06483e-08
1.51282e-06
-8.54556e-08
1.49003e-06
-9.88697e-08
1.46815e-06
-1.10888e-07
1.44698e-06
-1.21568e-07
1.42635e-06
-1.31019e-07
1.4061e-06
-1.39385e-07
1.38612e-06
-1.46836e-07
1.36632e-06
-1.53555e-07
1.34662e-06
-1.59725e-07
1.32698e-06
-1.65524e-07
1.30739e-06
-1.71119e-07
1.28784e-06
-1.76664e-07
1.26833e-06
-1.823e-07
1.24889e-06
-1.8816e-07
1.22953e-06
-1.9437e-07
1.21027e-06
-2.01056e-07
1.19115e-06
-2.08344e-07
1.17219e-06
-2.16369e-07
1.15342e-06
-2.25275e-07
1.13487e-06
-2.3522e-07
1.11657e-06
-2.46384e-07
1.09856e-06
-2.5897e-07
1.08087e-06
-2.73215e-07
1.06355e-06
-2.894e-07
1.04665e-06
-3.07869e-07
1.03023e-06
-3.29047e-07
1.01435e-06
-3.53477e-07
9.99099e-07
-3.81863e-07
9.84581e-07
-4.15132e-07
9.70939e-07
-4.54531e-07
9.58359e-07
-5.0175e-07
9.47103e-07
-5.59121e-07
9.37541e-07
-6.2989e-07
9.30201e-07
-7.17016e-07
9.25441e-07
-9.13204e-09
1.46589e-07
5.52618e-10
6.22982e-09
-1.63485e-08
1.6051e-06
-3.21655e-08
1.57779e-06
-4.72521e-08
1.55182e-06
-6.1456e-08
1.52703e-06
-7.46757e-08
1.50325e-06
-8.68607e-08
1.48033e-06
-9.80079e-08
1.45813e-06
-1.08157e-07
1.4365e-06
-1.17382e-07
1.41533e-06
-1.25785e-07
1.39453e-06
-1.33486e-07
1.37402e-06
-1.40615e-07
1.35375e-06
-1.47307e-07
1.33367e-06
-1.53697e-07
1.31378e-06
-1.59913e-07
1.29405e-06
-1.6608e-07
1.2745e-06
-1.72315e-07
1.25512e-06
-1.78732e-07
1.23594e-06
-1.85439e-07
1.21698e-06
-1.92544e-07
1.19826e-06
-2.00156e-07
1.1798e-06
-2.08387e-07
1.16165e-06
-2.17353e-07
1.14383e-06
-2.27183e-07
1.1264e-06
-2.38012e-07
1.10938e-06
-2.49994e-07
1.09285e-06
-2.63302e-07
1.07686e-06
-2.78133e-07
1.06148e-06
-2.94719e-07
1.04681e-06
-3.13331e-07
1.03296e-06
-3.34295e-07
1.02006e-06
-3.57999e-07
1.00829e-06
-3.84909e-07
9.97849e-07
-4.15581e-07
9.89031e-07
-4.50669e-07
9.82192e-07
-4.90925e-07
9.77797e-07
-5.37176e-07
9.76452e-07
-5.87986e-07
9.7822e-07
-9.02703e-09
1.44764e-07
5.85503e-10
6.20648e-09
-1.42728e-08
1.61937e-06
-2.81209e-08
1.59164e-06
-4.14035e-08
1.5651e-06
-5.40126e-08
1.53964e-06
-6.5876e-08
1.51511e-06
-7.69573e-08
1.49141e-06
-8.72536e-08
1.46842e-06
-9.67917e-08
1.44604e-06
-1.05624e-07
1.42416e-06
-1.13821e-07
1.40272e-06
-1.21468e-07
1.38167e-06
-1.28661e-07
1.36094e-06
-1.35496e-07
1.34051e-06
-1.42075e-07
1.32036e-06
-1.48494e-07
1.30047e-06
-1.54849e-07
1.28085e-06
-1.6123e-07
1.2615e-06
-1.67723e-07
1.24244e-06
-1.74411e-07
1.22367e-06
-1.81373e-07
1.20522e-06
-1.88686e-07
1.18712e-06
-1.96422e-07
1.16939e-06
-2.04655e-07
1.15207e-06
-2.13454e-07
1.1352e-06
-2.22886e-07
1.11882e-06
-2.33015e-07
1.10298e-06
-2.43901e-07
1.08774e-06
-2.55594e-07
1.07318e-06
-2.68131e-07
1.05935e-06
-2.81527e-07
1.04636e-06
-2.95765e-07
1.0343e-06
-3.10771e-07
1.02329e-06
-3.26387e-07
1.01346e-06
-3.42324e-07
1.00497e-06
-3.58092e-07
9.9796e-07
-3.72902e-07
9.92607e-07
-3.85515e-07
9.89065e-07
-3.91916e-07
9.86427e-07
-9.44607e-09
1.28211e-07
5.64002e-10
5.7552e-09
-1.25681e-08
1.63194e-06
-2.47902e-08
1.60386e-06
-3.65655e-08
1.57688e-06
-4.78167e-08
1.55089e-06
-5.84915e-08
1.52579e-06
-6.85631e-08
1.50149e-06
-7.80283e-08
1.47789e-06
-8.69051e-08
1.45491e-06
-9.52293e-08
1.43249e-06
-1.03051e-07
1.41055e-06
-1.1043e-07
1.38905e-06
-1.17434e-07
1.36794e-06
-1.24134e-07
1.34721e-06
-1.30601e-07
1.32682e-06
-1.36905e-07
1.30678e-06
-1.43115e-07
1.28706e-06
-1.49294e-07
1.26768e-06
-1.55502e-07
1.24864e-06
-1.61792e-07
1.22996e-06
-1.68212e-07
1.21164e-06
-1.74803e-07
1.19371e-06
-1.816e-07
1.17618e-06
-1.88628e-07
1.15909e-06
-1.959e-07
1.14247e-06
-2.03419e-07
1.12633e-06
-2.11167e-07
1.11073e-06
-2.1911e-07
1.09569e-06
-2.27181e-07
1.08125e-06
-2.3528e-07
1.06745e-06
-2.43256e-07
1.05434e-06
-2.50897e-07
1.04194e-06
-2.57908e-07
1.0303e-06
-2.63886e-07
1.01944e-06
-2.68287e-07
1.00937e-06
-2.70394e-07
1.00007e-06
-2.69272e-07
9.91485e-07
-2.63722e-07
9.83515e-07
-2.50724e-07
9.74765e-07
-9.90708e-09
1.13918e-07
5.23746e-10
5.29085e-09
-1.11302e-08
1.64307e-06
-2.19733e-08
1.61471e-06
-3.2456e-08
1.58736e-06
-4.25218e-08
1.56095e-06
-5.21322e-08
1.5354e-06
-6.12664e-08
1.51062e-06
-6.99208e-08
1.48654e-06
-7.81067e-08
1.4631e-06
-8.5848e-08
1.44023e-06
-9.31791e-08
1.41788e-06
-1.00142e-07
1.39601e-06
-1.06782e-07
1.37458e-06
-1.13149e-07
1.35358e-06
-1.19292e-07
1.33297e-06
-1.25258e-07
1.31274e-06
-1.31094e-07
1.2929e-06
-1.36839e-07
1.27343e-06
-1.42529e-07
1.25433e-06
-1.48193e-07
1.23562e-06
-1.53852e-07
1.2173e-06
-1.59519e-07
1.19937e-06
-1.65196e-07
1.18186e-06
-1.70875e-07
1.16477e-06
-1.76532e-07
1.14812e-06
-1.82127e-07
1.13193e-06
-1.876e-07
1.1162e-06
-1.92868e-07
1.10096e-06
-1.9782e-07
1.0862e-06
-2.0231e-07
1.07194e-06
-2.06152e-07
1.05818e-06
-2.09115e-07
1.0449e-06
-2.10914e-07
1.0321e-06
-2.11208e-07
1.01974e-06
-2.0959e-07
1.00775e-06
-2.05594e-07
9.96072e-07
-1.98701e-07
9.84592e-07
-1.88358e-07
9.73171e-07
-1.72986e-07
9.60358e-07
-1.02255e-08
1.06116e-07
4.87921e-10
5.0063e-09
-9.88717e-09
1.65296e-06
-1.95322e-08
1.62435e-06
-2.88805e-08
1.59671e-06
-3.78898e-08
1.56996e-06
-4.65304e-08
1.54404e-06
-5.47858e-08
1.51888e-06
-6.26513e-08
1.49441e-06
-7.01332e-08
1.47058e-06
-7.72465e-08
1.44734e-06
-8.40138e-08
1.42464e-06
-9.04626e-08
1.40246e-06
-9.6624e-08
1.38074e-06
-1.0253e-07
1.35948e-06
-1.08213e-07
1.33865e-06
-1.13703e-07
1.31823e-06
-1.19028e-07
1.29822e-06
-1.2421e-07
1.27861e-06
-1.29266e-07
1.25939e-06
-1.34209e-07
1.24056e-06
-1.39039e-07
1.22213e-06
-1.43753e-07
1.20409e-06
-1.48335e-07
1.18644e-06
-1.52757e-07
1.1692e-06
-1.5698e-07
1.15235e-06
-1.60951e-07
1.1359e-06
-1.64598e-07
1.11985e-06
-1.67836e-07
1.10419e-06
-1.70556e-07
1.08892e-06
-1.72633e-07
1.07402e-06
-1.73919e-07
1.05946e-06
-1.74246e-07
1.04523e-06
-1.73428e-07
1.03128e-06
-1.71264e-07
1.01757e-06
-1.67548e-07
1.00404e-06
-1.62079e-07
9.90603e-07
-1.54676e-07
9.77189e-07
-1.45202e-07
9.63698e-07
-1.32863e-07
9.48756e-07
-1.0426e-08
1.02951e-07
4.58767e-10
4.89447e-09
-8.78979e-09
1.66175e-06
-1.73724e-08
1.63293e-06
-2.57061e-08
1.60504e-06
-3.37578e-08
1.57801e-06
-4.15041e-08
1.55179e-06
-4.89306e-08
1.5263e-06
-5.60318e-08
1.50151e-06
-6.28098e-08
1.47736e-06
-6.92733e-08
1.4538e-06
-7.5436e-08
1.43081e-06
-8.13153e-08
1.40834e-06
-8.69307e-08
1.38636e-06
-9.23023e-08
1.36485e-06
-9.74498e-08
1.3438e-06
-1.02391e-07
1.32318e-06
-1.07141e-07
1.30297e-06
-1.11709e-07
1.28318e-06
-1.16103e-07
1.26378e-06
-1.20323e-07
1.24478e-06
-1.2436e-07
1.22617e-06
-1.28203e-07
1.20793e-06
-1.31828e-07
1.19007e-06
-1.35206e-07
1.17257e-06
-1.38295e-07
1.15544e-06
-1.41046e-07
1.13865e-06
-1.43399e-07
1.1222e-06
-1.45284e-07
1.10608e-06
-1.46623e-07
1.09026e-06
-1.47329e-07
1.07472e-06
-1.47308e-07
1.05944e-06
-1.46466e-07
1.04439e-06
-1.44707e-07
1.02952e-06
-1.41943e-07
1.01481e-06
-1.381e-07
1.00019e-06
-1.33127e-07
9.8563e-07
-1.27005e-07
9.71067e-07
-1.1976e-07
9.56453e-07
-1.10917e-07
9.4051e-07
-1.05598e-08
1.02465e-07
4.33503e-10
4.90575e-09
-7.80444e-09
1.66955e-06
-1.54297e-08
1.64056e-06
-2.28424e-08
1.61246e-06
-3.00159e-08
1.58519e-06
-3.69304e-08
1.5587e-06
-4.3573e-08
1.53295e-06
-4.99373e-08
1.50787e-06
-5.60224e-08
1.48344e-06
-6.18321e-08
1.45961e-06
-6.73739e-08
1.43635e-06
-7.2658e-08
1.41362e-06
-7.76959e-08
1.3914e-06
-8.24994e-08
1.36966e-06
-8.70799e-08
1.34838e-06
-9.14468e-08
1.32754e-06
-9.56075e-08
1.30713e-06
-9.95659e-08
1.28714e-06
-1.03322e-07
1.26754e-06
-1.06871e-07
1.24833e-06
-1.10204e-07
1.2295e-06
-1.13305e-07
1.21103e-06
-1.16154e-07
1.19292e-06
-1.18725e-07
1.17514e-06
-1.20985e-07
1.1577e-06
-1.22897e-07
1.14056e-06
-1.24418e-07
1.12372e-06
-1.25502e-07
1.10716e-06
-1.261e-07
1.09086e-06
-1.2616e-07
1.07478e-06
-1.25636e-07
1.05892e-06
-1.24483e-07
1.04324e-06
-1.22663e-07
1.02771e-06
-1.20153e-07
1.0123e-06
-1.16942e-07
9.96981e-07
-1.1304e-07
9.81728e-07
-1.08483e-07
9.6651e-07
-1.03333e-07
9.51303e-07
-9.72455e-08
9.34921e-07
-1.066e-08
1.0358e-07
4.09968e-10
5.00279e-09
-6.90843e-09
1.67646e-06
-1.36605e-08
1.64731e-06
-2.02286e-08
1.61902e-06
-2.65899e-08
1.59155e-06
-3.27271e-08
1.56484e-06
-3.86282e-08
1.53885e-06
-4.42859e-08
1.51353e-06
-4.96969e-08
1.48885e-06
-5.48619e-08
1.46478e-06
-5.97841e-08
1.44127e-06
-6.44687e-08
1.4183e-06
-6.89221e-08
1.39585e-06
-7.31509e-08
1.37389e-06
-7.71613e-08
1.35239e-06
-8.09584e-08
1.33134e-06
-8.45457e-08
1.31072e-06
-8.79241e-08
1.29052e-06
-9.10919e-08
1.27071e-06
-9.40444e-08
1.25128e-06
-9.67735e-08
1.23223e-06
-9.92676e-08
1.21353e-06
-1.01512e-07
1.19516e-06
-1.03487e-07
1.17712e-06
-1.05173e-07
1.15938e-06
-1.06544e-07
1.14193e-06
-1.07577e-07
1.12476e-06
-1.08243e-07
1.10783e-06
-1.08517e-07
1.09113e-06
-1.08376e-07
1.07464e-06
-1.07798e-07
1.05834e-06
-1.0677e-07
1.04221e-06
-1.05282e-07
1.02622e-06
-1.03339e-07
1.01035e-06
-1.00952e-07
9.94595e-07
-9.81493e-08
9.78925e-07
-9.49701e-08
9.63331e-07
-9.14696e-08
9.47802e-07
-8.73746e-08
9.31244e-07
-1.07433e-08
1.05809e-07
3.86955e-10
5.16306e-09
-6.08659e-09
1.68255e-06
-1.2036e-08
1.65326e-06
-1.7824e-08
1.62481e-06
-2.34307e-08
1.59716e-06
-2.88401e-08
1.57025e-06
-3.40404e-08
1.54405e-06
-3.90238e-08
1.51851e-06
-4.37856e-08
1.49362e-06
-4.83239e-08
1.46932e-06
-5.26393e-08
1.44559e-06
-5.6734e-08
1.4224e-06
-6.06111e-08
1.39973e-06
-6.42744e-08
1.37755e-06
-6.77277e-08
1.35584e-06
-7.09739e-08
1.33459e-06
-7.40156e-08
1.31376e-06
-7.68535e-08
1.29335e-06
-7.94871e-08
1.27334e-06
-8.1914e-08
1.25371e-06
-8.41301e-08
1.23444e-06
-8.61293e-08
1.21553e-06
-8.79036e-08
1.19694e-06
-8.94435e-08
1.17866e-06
-9.07383e-08
1.16068e-06
-9.17763e-08
1.14297e-06
-9.25457e-08
1.12553e-06
-9.3035e-08
1.10832e-06
-9.32338e-08
1.09133e-06
-9.3134e-08
1.07454e-06
-9.27304e-08
1.05794e-06
-9.20221e-08
1.0415e-06
-9.10128e-08
1.02521e-06
-8.97125e-08
1.00905e-06
-8.81372e-08
9.9302e-07
-8.631e-08
9.77098e-07
-8.42608e-08
9.61282e-07
-8.2026e-08
9.45567e-07
-7.93845e-08
9.28954e-07
-1.08179e-08
1.08986e-07
3.63768e-10
5.37254e-09
-5.3289e-09
1.68788e-06
-1.0537e-08
1.65847e-06
-1.56022e-08
1.62988e-06
-2.05062e-08
1.60206e-06
-2.52338e-08
1.57498e-06
-2.97734e-08
1.54859e-06
-3.41166e-08
1.52286e-06
-3.82575e-08
1.49776e-06
-4.21929e-08
1.47325e-06
-4.59215e-08
1.44932e-06
-4.94436e-08
1.42592e-06
-5.27609e-08
1.40305e-06
-5.58757e-08
1.38066e-06
-5.87907e-08
1.35876e-06
-6.1509e-08
1.3373e-06
-6.40335e-08
1.31629e-06
-6.63666e-08
1.29569e-06
-6.85104e-08
1.27549e-06
-7.04664e-08
1.25567e-06
-7.22355e-08
1.23621e-06
-7.38179e-08
1.21711e-06
-7.52131e-08
1.19833e-06
-7.64205e-08
1.17987e-06
-7.74389e-08
1.1617e-06
-7.82669e-08
1.1438e-06
-7.89036e-08
1.12616e-06
-7.93482e-08
1.10876e-06
-7.96007e-08
1.09158e-06
-7.96622e-08
1.0746e-06
-7.95353e-08
1.05781e-06
-7.9224e-08
1.04119e-06
-7.87347e-08
1.02472e-06
-7.80757e-08
1.00839e-06
-7.72578e-08
9.92202e-07
-7.6294e-08
9.76134e-07
-7.51994e-08
9.60188e-07
-7.39911e-08
9.44359e-07
-7.24935e-08
9.27748e-07
-1.08873e-08
1.13128e-07
3.39881e-10
5.62153e-09
-4.62898e-09
1.6925e-06
-9.15127e-09
1.66299e-06
-1.35462e-08
1.63427e-06
-1.7796e-08
1.60631e-06
-2.1886e-08
1.57907e-06
-2.58046e-08
1.55251e-06
-2.95426e-08
1.5266e-06
-3.30936e-08
1.50131e-06
-3.64531e-08
1.47661e-06
-3.96187e-08
1.45248e-06
-4.25898e-08
1.42889e-06
-4.5367e-08
1.40582e-06
-4.79522e-08
1.38325e-06
-5.03481e-08
1.36115e-06
-5.25585e-08
1.33951e-06
-5.45876e-08
1.31832e-06
-5.64402e-08
1.29754e-06
-5.81218e-08
1.27717e-06
-5.96381e-08
1.25718e-06
-6.09955e-08
1.23757e-06
-6.22007e-08
1.21831e-06
-6.32606e-08
1.19939e-06
-6.4183e-08
1.18079e-06
-6.49755e-08
1.16249e-06
-6.56463e-08
1.14447e-06
-6.62036e-08
1.12672e-06
-6.66557e-08
1.10921e-06
-6.70107e-08
1.09194e-06
-6.72764e-08
1.07487e-06
-6.74601e-08
1.05799e-06
-6.75681e-08
1.0413e-06
-6.7606e-08
1.02476e-06
-6.75783e-08
1.00837e-06
-6.74881e-08
9.92111e-07
-6.73373e-08
9.75984e-07
-6.71265e-08
9.59977e-07
-6.68547e-08
9.44087e-07
-6.63868e-08
9.27517e-07
-1.09542e-08
1.1839e-07
3.14713e-10
5.90323e-09
-3.98292e-09
1.69649e-06
-7.87152e-09
1.66688e-06
-1.16457e-08
1.63805e-06
-1.5288e-08
1.60995e-06
-1.87838e-08
1.58256e-06
-2.21211e-08
1.55584e-06
-2.52902e-08
1.52976e-06
-2.82837e-08
1.5043e-06
-3.10966e-08
1.47942e-06
-3.37253e-08
1.45511e-06
-3.61685e-08
1.43134e-06
-3.84262e-08
1.40808e-06
-4.05e-08
1.38532e-06
-4.2393e-08
1.36305e-06
-4.41094e-08
1.34123e-06
-4.56552e-08
1.31986e-06
-4.70374e-08
1.29892e-06
-4.82647e-08
1.27839e-06
-4.93469e-08
1.25827e-06
-5.02956e-08
1.23852e-06
-5.11238e-08
1.21914e-06
-5.18458e-08
1.20011e-06
-5.24772e-08
1.18142e-06
-5.3035e-08
1.16305e-06
-5.35367e-08
1.14497e-06
-5.40005e-08
1.12718e-06
-5.44443e-08
1.10966e-06
-5.48853e-08
1.09238e-06
-5.53392e-08
1.07532e-06
-5.58194e-08
1.05847e-06
-5.63363e-08
1.04181e-06
-5.68963e-08
1.02532e-06
-5.75014e-08
1.00897e-06
-5.81487e-08
9.92759e-07
-5.88305e-08
9.76665e-07
-5.95338e-08
9.6068e-07
-6.02416e-08
9.44795e-07
-6.08534e-08
9.28319e-07
-1.10229e-08
1.25068e-07
2.87511e-10
6.21438e-09
-3.3886e-09
1.69988e-06
-6.69376e-09
1.67019e-06
-9.89545e-09
1.64125e-06
-1.29762e-08
1.61303e-06
-1.59211e-08
1.58551e-06
-1.87174e-08
1.55864e-06
-2.1355e-08
1.5324e-06
-2.38255e-08
1.50677e-06
-2.61229e-08
1.48172e-06
-2.82427e-08
1.45723e-06
-3.01826e-08
1.43328e-06
-3.19419e-08
1.40984e-06
-3.35216e-08
1.3869e-06
-3.49245e-08
1.36445e-06
-3.61552e-08
1.34246e-06
-3.72205e-08
1.32093e-06
-3.81288e-08
1.29983e-06
-3.88911e-08
1.27916e-06
-3.95205e-08
1.2589e-06
-4.00328e-08
1.23903e-06
-4.04464e-08
1.21955e-06
-4.07823e-08
1.20045e-06
-4.10643e-08
1.1817e-06
-4.13186e-08
1.1633e-06
-4.15735e-08
1.14523e-06
-4.18589e-08
1.12747e-06
-4.22057e-08
1.11e-06
-4.26441e-08
1.09282e-06
-4.3203e-08
1.07588e-06
-4.3908e-08
1.05918e-06
-4.47797e-08
1.04268e-06
-4.58321e-08
1.02637e-06
-4.70709e-08
1.01021e-06
-4.84924e-08
9.9418e-07
-5.00825e-08
9.78255e-07
-5.18167e-08
9.62414e-07
-5.36615e-08
9.4664e-07
-5.55443e-08
9.30349e-07
-1.11014e-08
1.33649e-07
2.5751e-10
6.55665e-09
-2.84513e-09
1.70272e-06
-5.61642e-09
1.67296e-06
-8.29364e-09
1.64393e-06
-1.08589e-08
1.6156e-06
-1.32969e-08
1.58794e-06
-1.55941e-08
1.56094e-06
-1.77394e-08
1.53455e-06
-1.97236e-08
1.50876e-06
-2.15392e-08
1.48354e-06
-2.31807e-08
1.45887e-06
-2.46444e-08
1.43474e-06
-2.59281e-08
1.41112e-06
-2.70318e-08
1.38801e-06
-2.79571e-08
1.36537e-06
-2.87079e-08
1.34321e-06
-2.929e-08
1.32151e-06
-2.97121e-08
1.30025e-06
-2.99855e-08
1.27943e-06
-3.01247e-08
1.25903e-06
-3.01475e-08
1.23906e-06
-3.00759e-08
1.21948e-06
-2.99359e-08
1.20031e-06
-2.9758e-08
1.18152e-06
-2.95774e-08
1.16312e-06
-2.9434e-08
1.14508e-06
-2.9372e-08
1.12741e-06
-2.94393e-08
1.11007e-06
-2.96861e-08
1.09306e-06
-3.01635e-08
1.07636e-06
-3.09209e-08
1.05994e-06
-3.2003e-08
1.04377e-06
-3.34463e-08
1.02781e-06
-3.52747e-08
1.01204e-06
-3.74961e-08
9.96402e-07
-4.00991e-08
9.80858e-07
-4.3051e-08
9.65366e-07
-4.62984e-08
9.49887e-07
-4.97817e-08
9.33939e-07
-1.12005e-08
1.4492e-07
2.24418e-10
6.93715e-09
-2.35243e-09
1.70507e-06
-4.63955e-09
1.67524e-06
-6.8407e-09
1.64613e-06
-8.93757e-09
1.6177e-06
-1.0914e-08
1.58992e-06
-1.27559e-08
1.56278e-06
-1.44509e-08
1.53624e-06
-1.59885e-08
1.51029e-06
-1.736e-08
1.48491e-06
-1.8558e-08
1.46007e-06
-1.95771e-08
1.43576e-06
-2.0413e-08
1.41196e-06
-2.10636e-08
1.38866e-06
-2.1528e-08
1.36584e-06
-2.18078e-08
1.34349e-06
-2.19064e-08
1.32161e-06
-2.18299e-08
1.30018e-06
-2.15874e-08
1.27919e-06
-2.11913e-08
1.25864e-06
-2.06581e-08
1.23852e-06
-2.00093e-08
1.21883e-06
-1.92717e-08
1.19957e-06
-1.84787e-08
1.18073e-06
-1.76711e-08
1.16231e-06
-1.68981e-08
1.14431e-06
-1.62177e-08
1.12673e-06
-1.56974e-08
1.10955e-06
-1.5414e-08
1.09278e-06
-1.54525e-08
1.0764e-06
-1.5904e-08
1.06039e-06
-1.68613e-08
1.04472e-06
-1.84135e-08
1.02937e-06
-2.06375e-08
1.01426e-06
-2.35877e-08
9.99352e-07
-2.72845e-08
9.84555e-07
-3.17029e-08
9.69785e-07
-3.67655e-08
9.5495e-07
-4.23912e-08
9.39636e-07
-1.13286e-08
1.60263e-07
1.88737e-10
7.36725e-09
-1.91089e-09
1.70698e-06
-3.76403e-09
1.6771e-06
-5.5384e-09
1.6479e-06
-7.21517e-09
1.61937e-06
-8.77748e-09
1.59148e-06
-1.02103e-08
1.56421e-06
-1.15003e-08
1.53753e-06
-1.26356e-08
1.51143e-06
-1.36056e-08
1.48588e-06
-1.44012e-08
1.46087e-06
-1.50144e-08
1.43637e-06
-1.54386e-08
1.41238e-06
-1.56682e-08
1.38889e-06
-1.56991e-08
1.36587e-06
-1.55285e-08
1.34332e-06
-1.51555e-08
1.32123e-06
-1.45808e-08
1.2996e-06
-1.38078e-08
1.27842e-06
-1.28427e-08
1.25767e-06
-1.16952e-08
1.23737e-06
-1.03797e-08
1.21752e-06
-8.91646e-09
1.19811e-06
-7.33311e-09
1.17915e-06
-5.6665e-09
1.16065e-06
-3.96508e-09
1.14261e-06
-2.29163e-09
1.12505e-06
-7.26231e-10
1.10799e-06
6.30578e-10
1.09142e-06
1.65503e-09
1.07537e-06
2.19829e-09
1.05985e-06
2.08686e-09
1.04483e-06
1.12658e-09
1.03033e-06
-8.87353e-10
1.01628e-06
-4.15184e-09
1.00262e-06
-8.82624e-09
9.8923e-07
-1.49897e-08
9.75948e-07
-2.25874e-08
9.62547e-07
-3.14538e-08
9.4854e-07
-1.14827e-08
1.82386e-07
1.54518e-10
7.85999e-09
-1.52091e-09
1.70851e-06
-2.9909e-09
1.67857e-06
-4.3887e-09
1.6493e-06
-5.69509e-09
1.62068e-06
-6.8927e-09
1.59268e-06
-7.96572e-09
1.56528e-06
-8.89973e-09
1.53847e-06
-9.68154e-09
1.51221e-06
-1.0299e-08
1.4865e-06
-1.07408e-08
1.46131e-06
-1.09966e-08
1.43663e-06
-1.10566e-08
1.41244e-06
-1.09116e-08
1.38874e-06
-1.05531e-08
1.36551e-06
-9.9732e-09
1.34274e-06
-9.16448e-09
1.32043e-06
-8.12031e-09
1.29856e-06
-6.83493e-09
1.27713e-06
-5.3038e-09
1.25614e-06
-3.52406e-09
1.23559e-06
-1.49527e-09
1.21549e-06
7.79483e-10
1.19583e-06
3.29205e-09
1.17664e-06
6.02689e-09
1.15791e-06
8.95785e-09
1.13968e-06
1.20437e-08
1.12197e-06
1.52218e-08
1.10481e-06
1.84002e-08
1.08824e-06
2.14463e-08
1.07233e-06
2.41743e-08
1.05712e-06
2.63286e-08
1.04268e-06
2.75685e-08
1.02909e-06
2.74538e-08
1.01639e-06
2.54413e-08
1.00463e-06
2.09032e-08
9.93768e-07
1.31887e-08
9.83663e-07
1.7617e-09
9.73974e-07
-1.36411e-08
9.63953e-07
-1.16205e-08
2.16869e-07
1.97537e-10
8.40205e-09
-1.18261e-09
1.70969e-06
-2.32053e-09
1.6797e-06
-3.39255e-09
1.65037e-06
-4.37941e-09
1.62167e-06
-5.26345e-09
1.59356e-06
-6.02838e-09
1.56605e-06
-6.65905e-09
1.5391e-06
-7.14121e-09
1.51269e-06
-7.46129e-09
1.48682e-06
-7.60628e-09
1.46145e-06
-7.56343e-09
1.43658e-06
-7.32017e-09
1.4122e-06
-6.86386e-09
1.38829e-06
-6.18159e-09
1.36483e-06
-5.26e-09
1.34182e-06
-4.08505e-09
1.31925e-06
-2.64177e-09
1.29711e-06
-9.13992e-10
1.2754e-06
1.11586e-09
1.25411e-06
3.46705e-09
1.23324e-06
6.1607e-09
1.2128e-06
9.21986e-09
1.19277e-06
1.26693e-08
1.17319e-06
1.65351e-08
1.15405e-06
2.08427e-08
1.13537e-06
2.5615e-08
1.11719e-06
3.08666e-08
1.09956e-06
3.6596e-08
1.08252e-06
4.27709e-08
1.06615e-06
4.93056e-08
1.05058e-06
5.60238e-08
1.03596e-06
6.26026e-08
1.02251e-06
6.84862e-08
1.01051e-06
7.27624e-08
1.00035e-06
7.39886e-08
9.92541e-07
6.99682e-08
9.87683e-07
5.74913e-08
9.86451e-07
3.20313e-08
9.89413e-07
-1.11173e-08
2.87665e-07
1.44179e-09
8.48428e-09
-8.95394e-10
1.71058e-06
-1.7519e-09
1.68056e-06
-2.54884e-09
1.65117e-06
-3.26731e-09
1.62238e-06
-3.88982e-09
1.59419e-06
-4.40008e-09
1.56656e-06
-4.78264e-09
1.53948e-06
-5.02273e-09
1.51293e-06
-5.10597e-09
1.4869e-06
-5.01817e-09
1.46136e-06
-4.74506e-09
1.43631e-06
-4.27204e-09
1.41173e-06
-3.58393e-09
1.3876e-06
-2.6646e-09
1.36391e-06
-1.49661e-09
1.34065e-06
-6.07586e-11
1.31782e-06
1.66448e-09
1.29539e-06
3.70366e-09
1.27336e-06
6.08524e-09
1.25173e-06
8.84268e-09
1.23049e-06
1.20159e-08
1.20962e-06
1.56532e-08
1.18914e-06
1.98133e-08
1.16903e-06
2.4569e-08
1.14929e-06
3.00107e-08
1.12993e-06
3.62515e-08
1.11095e-06
4.34336e-08
1.09237e-06
5.17357e-08
1.07421e-06
6.13807e-08
1.05651e-06
7.26432e-08
1.03932e-06
8.58505e-08
1.02275e-06
1.01371e-07
1.00699e-06
1.19565e-07
9.92313e-07
1.40673e-07
9.79245e-07
1.6455e-07
9.68665e-07
1.90123e-07
9.6211e-07
2.14315e-07
9.62259e-07
2.29942e-07
9.73786e-07
-1.19757e-09
5.28913e-07
3.9037e-10
2.34972e-10
-6.57687e-10
1.71124e-06
-1.28199e-09
1.68119e-06
-1.85333e-09
1.65174e-06
-2.35368e-09
1.62288e-06
-2.76632e-09
1.5946e-06
-3.07547e-09
1.56687e-06
-3.26606e-09
1.53967e-06
-3.32349e-09
1.51299e-06
-3.23334e-09
1.48681e-06
-2.98118e-09
1.46111e-06
-2.5523e-09
1.43588e-06
-1.93144e-09
1.41111e-06
-1.10249e-09
1.38677e-06
-4.81166e-11
1.36285e-06
1.25061e-09
1.33935e-06
2.81478e-09
1.31625e-06
4.66825e-09
1.29353e-06
6.83851e-09
1.27119e-06
9.35771e-09
1.24921e-06
1.22641e-08
1.22758e-06
1.5604e-08
1.20628e-06
1.94342e-08
1.18531e-06
2.38258e-08
1.16463e-06
2.88687e-08
1.14425e-06
3.46798e-08
1.12412e-06
4.14125e-08
1.10422e-06
4.92734e-08
1.08451e-06
5.85468e-08
1.06494e-06
6.9633e-08
1.04542e-06
8.31111e-08
1.02584e-06
9.98408e-08
1.00603e-06
1.21133e-07
9.85694e-07
1.4904e-07
9.64406e-07
1.86847e-07
9.41438e-07
2.39923e-07
9.15589e-07
3.17195e-07
8.84838e-07
4.33691e-07
8.45762e-07
6.14958e-07
7.9252e-07
4.28749e-07
7.15121e-07
6.54034e-07
-2.24895e-07
-4.66656e-10
1.71171e-06
-9.05255e-10
1.68162e-06
-1.29789e-09
1.65213e-06
-1.62807e-09
1.62321e-06
-1.88038e-09
1.59485e-06
-2.04024e-09
1.56703e-06
-2.09363e-09
1.53972e-06
-2.02686e-09
1.51292e-06
-1.82636e-09
1.48661e-06
-1.47851e-09
1.46076e-06
-9.69361e-10
1.43537e-06
-2.8446e-10
1.41042e-06
5.91391e-10
1.38589e-06
1.6744e-09
1.36177e-06
2.98208e-09
1.33805e-06
4.53361e-09
1.3147e-06
6.35023e-09
1.29172e-06
8.4558e-09
1.26909e-06
1.08773e-08
1.24679e-06
1.36459e-08
1.22481e-06
1.67975e-08
1.20313e-06
2.03743e-08
1.18173e-06
2.44259e-08
1.16058e-06
2.90115e-08
1.13966e-06
3.42013e-08
1.11893e-06
4.00789e-08
1.09834e-06
4.67427e-08
1.07785e-06
5.43059e-08
1.05738e-06
6.28932e-08
1.03683e-06
7.26288e-08
1.01611e-06
8.36082e-08
9.95046e-07
9.58357e-08
9.73467e-07
1.09098e-07
9.51144e-07
1.22714e-07
9.27822e-07
1.35053e-07
9.0325e-07
1.42628e-07
8.77264e-07
1.38411e-07
8.49979e-07
1.08755e-07
8.22176e-07
2.7822e-08
7.96054e-07
7.76659e-07
-9.48028e-08
-3.18113e-10
1.71203e-06
-6.13377e-10
1.68192e-06
-8.70186e-10
1.65239e-06
-1.07414e-09
1.62342e-06
-1.21175e-09
1.59499e-06
-1.27023e-09
1.56709e-06
-1.23725e-09
1.53969e-06
-1.10077e-09
1.51279e-06
-8.4889e-10
1.48636e-06
-4.69649e-10
1.46038e-06
4.906e-11
1.43485e-06
7.19641e-10
1.40975e-06
1.5549e-09
1.38506e-06
2.56815e-09
1.36076e-06
3.77331e-09
1.33684e-06
5.18492e-09
1.31329e-06
6.81824e-09
1.29008e-06
8.6892e-09
1.26722e-06
1.08143e-08
1.24467e-06
1.32106e-08
1.22241e-06
1.5895e-08
1.20045e-06
1.88839e-08
1.17874e-06
2.21921e-08
1.15727e-06
2.58311e-08
1.13602e-06
2.98059e-08
1.11495e-06
3.41111e-08
1.09404e-06
3.87238e-08
1.07324e-06
4.35927e-08
1.05251e-06
4.86223e-08
1.0318e-06
5.36489e-08
1.01108e-06
5.84061e-08
9.90289e-07
6.24771e-08
9.69395e-07
6.52334e-08
9.48387e-07
6.57614e-08
9.27294e-07
6.27962e-08
9.06215e-07
5.47032e-08
8.85357e-07
3.9608e-08
8.65075e-07
1.5883e-08
8.45901e-07
-1.65918e-08
8.28529e-07
8.13662e-07
-5.35943e-08
-2.06507e-10
1.71223e-06
-3.95304e-10
1.68211e-06
-5.53635e-10
1.65255e-06
-6.69718e-10
1.62353e-06
-7.32522e-10
1.59505e-06
-7.3157e-10
1.56709e-06
-6.56779e-10
1.53962e-06
-4.9833e-10
1.51263e-06
-2.46551e-10
1.48611e-06
1.08165e-10
1.46003e-06
5.7542e-10
1.43439e-06
1.16484e-09
1.40916e-06
1.88608e-09
1.38434e-06
2.74877e-09
1.3599e-06
3.76238e-09
1.33583e-06
4.93609e-09
1.31211e-06
6.27849e-09
1.28874e-06
7.79718e-09
1.2657e-06
9.49817e-09
1.24296e-06
1.13851e-08
1.22053e-06
1.34583e-08
1.19837e-06
1.57129e-08
1.17649e-06
1.81373e-08
1.15485e-06
2.07102e-08
1.13345e-06
2.33974e-08
1.11227e-06
2.61469e-08
1.09129e-06
2.88834e-08
1.0705e-06
3.15011e-08
1.04989e-06
3.38558e-08
1.02945e-06
3.57552e-08
1.00918e-06
3.6951e-08
9.89093e-07
3.71328e-08
9.69214e-07
3.59294e-08
9.49591e-07
3.29241e-08
9.30299e-07
2.76931e-08
9.11446e-07
1.98786e-08
8.93171e-07
9.30948e-09
8.75644e-07
-3.83366e-09
8.59044e-07
-1.88386e-08
8.43534e-07
8.29207e-07
-3.43841e-08
-1.25042e-10
1.71236e-06
-2.37466e-10
1.68222e-06
-3.27825e-10
1.65264e-06
-3.87389e-10
1.62359e-06
-4.07987e-10
1.59507e-06
-3.81868e-10
1.56706e-06
-3.01588e-10
1.53954e-06
-1.59929e-10
1.51249e-06
5.01664e-11
1.4859e-06
3.35629e-10
1.45974e-06
7.03267e-10
1.43402e-06
1.15974e-09
1.4087e-06
1.71147e-09
1.38378e-06
2.36455e-09
1.35924e-06
3.12449e-09
1.33507e-06
3.99598e-09
1.31124e-06
4.98249e-09
1.28776e-06
6.08574e-09
1.26459e-06
7.30501e-09
1.24174e-06
8.63626e-09
1.2192e-06
1.00711e-08
1.19694e-06
1.15952e-08
1.17496e-06
1.31869e-08
1.15326e-06
1.48153e-08
1.13182e-06
1.64379e-08
1.11064e-06
1.79981e-08
1.08973e-06
1.94234e-08
1.06908e-06
2.0623e-08
1.04869e-06
2.14868e-08
1.02859e-06
2.18857e-08
1.00878e-06
2.16742e-08
9.89304e-07
2.06978e-08
9.7019e-07
1.88039e-08
9.51485e-07
1.58603e-08
9.33243e-07
1.17798e-08
9.15526e-07
6.55041e-09
8.98401e-07
2.66689e-10
8.81927e-07
-6.84632e-09
8.66157e-07
-1.44307e-08
8.51118e-07
8.36807e-07
-2.20309e-08
-6.5882e-11
1.71242e-06
-1.24208e-10
1.68228e-06
-1.69171e-10
1.65268e-06
-1.9541e-10
1.62362e-06
-1.97908e-10
1.59508e-06
-1.71911e-10
1.56703e-06
-1.12866e-10
1.53948e-06
-1.63774e-11
1.51239e-06
1.21826e-10
1.48576e-06
3.05894e-10
1.45956e-06
5.39839e-10
1.43379e-06
8.27496e-10
1.40842e-06
1.17244e-09
1.38344e-06
1.57787e-09
1.35884e-06
2.04642e-09
1.3346e-06
2.57995e-09
1.31071e-06
3.1792e-09
1.28716e-06
3.84341e-09
1.26393e-06
4.56981e-09
1.24102e-06
5.35299e-09
1.21841e-06
6.18419e-09
1.19611e-06
7.05045e-09
1.1741e-06
7.93372e-09
1.15238e-06
8.80985e-09
1.13094e-06
9.64779e-09
1.10981e-06
1.04088e-08
1.08897e-06
1.1046e-08
1.06844e-06
1.15049e-08
1.04823e-06
1.17242e-08
1.02837e-06
1.16381e-08
1.00887e-06
1.11802e-08
9.89762e-07
1.02886e-08
9.71082e-07
8.91351e-09
9.5286e-07
7.02507e-09
9.35131e-07
4.62263e-09
9.17929e-07
1.74247e-09
9.01281e-07
-1.5374e-09
8.85207e-07
-5.09791e-09
8.69718e-07
-8.78712e-09
8.54807e-07
8.40457e-07
-1.24365e-08
-2.0421e-11
-3.83256e-11
-5.17557e-11
-5.89032e-11
-5.80771e-11
-4.76764e-11
-2.61703e-11
7.91609e-12
5.60092e-11
1.19487e-10
1.99669e-10
2.97799e-10
4.1501e-10
5.52279e-10
7.10356e-10
8.89677e-10
1.09024e-09
1.31147e-09
1.55202e-09
1.80957e-09
2.08057e-09
2.35999e-09
2.64102e-09
2.91483e-09
3.17033e-09
3.39412e-09
3.5705e-09
3.6818e-09
3.70896e-09
3.63255e-09
3.43417e-09
3.09822e-09
2.61402e-09
1.97795e-09
1.19544e-09
2.8223e-10
-7.35422e-10
-1.822e-09
-2.93557e-09
-4.03189e-09
3.87674e-10
3.87533e-09
8.15343e-10
4.51298e-09
1.15341e-09
5.18951e-09
1.42672e-09
5.83803e-09
1.65492e-09
6.47292e-09
1.85721e-09
7.11975e-09
2.05237e-09
7.81268e-09
2.25773e-09
8.58766e-09
2.49004e-09
9.48135e-09
2.76829e-09
1.05344e-08
3.11771e-09
1.17961e-08
3.57503e-09
1.333e-08
4.18272e-09
1.52236e-08
4.79111e-09
1.75796e-08
5.54516e-09
1.9621e-08
6.48493e-09
2.20172e-08
7.67266e-09
2.48686e-08
9.19872e-09
2.82969e-08
1.11976e-08
3.2469e-08
1.38758e-08
3.76178e-08
1.75497e-08
4.40467e-08
2.27447e-08
5.22085e-08
3.03734e-08
6.27858e-08
4.20978e-08
7.67999e-08
6.12505e-08
9.5933e-08
9.53993e-08
1.23262e-07
1.64385e-07
1.6456e-07
3.38482e-07
2.34455e-07
1.12272e-06
4.12848e-07
1.83741e-05
6.95169e-06
1.16848e-05
7.24716e-06
7.69928e-06
3.98547e-06
5.34865e-06
2.35064e-06
3.85078e-06
1.49786e-06
2.81863e-06
1.03215e-06
2.05178e-06
7.66845e-07
1.44061e-06
6.11178e-07
9.2077e-07
5.19838e-07
4.50781e-07
4.69989e-07
4.50781e-07
4.65394e-09
8.26074e-09
1.17667e-08
1.4926e-08
1.74801e-08
2.30043e-08
2.33028e-08
3.05619e-08
3.02408e-08
3.82432e-08
3.93399e-08
4.66173e-08
5.20642e-08
5.63043e-08
7.08762e-08
6.80816e-08
1.0043e-07
8.30301e-08
1.50895e-07
1.02996e-07
2.49453e-07
1.32e-07
5.03206e-07
1.84197e-07
2.33085e-06
4.51383e-07
1.40963e-05
4.86918e-06
9.51428e-06
4.60904e-06
6.61348e-06
2.92282e-06
4.69799e-06
1.94036e-06
3.36836e-06
1.35793e-06
2.39323e-06
1.0076e-06
1.63493e-06
7.95913e-07
1.00819e-06
6.70786e-07
4.56791e-07
6.03609e-07
-6.03017e-08
5.79879e-07
-5.78208e-07
5.94707e-07
-1.13398e-06
6.51701e-07
-1.77583e-06
7.6512e-07
-2.57826e-06
9.66988e-07
-3.66806e-06
1.32425e-06
-5.23318e-06
1.97797e-06
-1.50198e-06
3.22049e-06
2.16672e-06
3.57846e-06
3.09469e-06
3.0575e-06
3.01793e-06
2.42739e-06
2.61276e-06
1.90303e-06
2.13019e-06
1.51472e-06
1.65519e-06
1.24185e-06
1.2095e-06
1.05687e-06
7.9176e-07
9.37575e-07
3.92632e-07
8.69117e-07
8.43413e-07
8.15299e-08
1.0265e-08
1.11373e-06
1.52128e-07
9.09711e-07
5.93104e-07
4.20132e-07
5.20141e-07
-3.20288e-09
4.61579e-07
-3.93722e-07
4.37136e-07
-7.77319e-07
4.39902e-07
-1.17733e-06
4.68091e-07
-1.61902e-06
5.24722e-07
-2.13469e-06
6.18666e-07
-2.77031e-06
7.67614e-07
-3.59035e-06
1.00424e-06
-4.52636e-06
1.38739e-06
-1.64998e-06
1.99281e-06
7.78583e-07
2.18047e-06
1.68149e-06
2.01991e-06
1.85917e-06
1.76267e-06
1.70521e-06
1.5119e-06
1.40902e-06
1.30378e-06
1.05863e-06
1.14631e-06
6.92182e-07
1.03723e-06
3.23742e-07
9.7205e-07
-4.38419e-08
9.47463e-07
-4.12059e-07
9.62924e-07
-7.81879e-07
1.02152e-06
-1.1474e-06
1.13064e-06
-1.48253e-06
1.30212e-06
-1.70826e-06
1.54998e-06
-1.6093e-06
1.879e-06
-6.32109e-07
2.2433e-06
5.3055e-07
2.4158e-06
1.24634e-06
2.34171e-06
1.53895e-06
2.13478e-06
1.55102e-06
1.89097e-06
1.40242e-06
1.66332e-06
1.17003e-06
1.47424e-06
8.97173e-07
1.32973e-06
6.05848e-07
1.2289e-06
3.05754e-07
1.16921e-06
1.14917e-06
6.88106e-08
6.90322e-09
3.98499e-08
2.3884e-07
2.02276e-08
6.1276e-07
-7.55333e-08
6.15902e-07
-2.33748e-07
6.19793e-07
-4.28216e-07
6.31605e-07
-6.44093e-07
6.55779e-07
-8.71823e-07
6.95822e-07
-1.10233e-06
7.55228e-07
-1.32153e-06
8.37864e-07
-1.50158e-06
9.4767e-07
-1.58429e-06
1.08696e-06
-1.44828e-06
1.25138e-06
-8.72554e-07
1.41708e-06
-2.07387e-07
1.51531e-06
2.82892e-07
1.52964e-06
5.60411e-07
1.48515e-06
6.61073e-07
1.41124e-06
6.34296e-07
1.33056e-06
5.2271e-07
1.25789e-06
3.57912e-07
1.20203e-06
1.61955e-07
1.16801e-06
-4.9521e-08
1.15894e-06
-2.63844e-07
1.17725e-06
-4.6762e-07
1.2253e-06
-6.4234e-07
1.30536e-06
-7.58821e-07
1.4186e-06
-7.71187e-07
1.56235e-06
-6.16728e-07
1.72454e-06
-2.48858e-07
1.87543e-06
2.02235e-07
1.96471e-06
5.74622e-07
1.96932e-06
8.04261e-07
1.90515e-06
8.93621e-07
1.80161e-06
8.71433e-07
1.68551e-06
7.69862e-07
1.57581e-06
6.15511e-07
1.48408e-06
4.27663e-07
1.41675e-06
2.19464e-07
1.37741e-06
1.36863e-06
3.43253e-08
3.26092e-09
3.53599e-08
2.75793e-07
-4.04448e-08
6.88592e-07
-1.2776e-07
7.03217e-07
-2.28832e-07
7.20865e-07
-3.40849e-07
7.43621e-07
-4.58478e-07
7.73407e-07
-5.74606e-07
8.1195e-07
-6.80016e-07
8.60638e-07
-7.62432e-07
9.2028e-07
-8.05402e-07
9.9064e-07
-7.88054e-07
1.06961e-06
-6.88667e-07
1.15199e-06
-4.99963e-07
1.22838e-06
-2.70816e-07
1.28616e-06
-5.98325e-08
1.31865e-06
9.79757e-08
1.32734e-06
1.90619e-07
1.3186e-06
2.20811e-07
1.30037e-06
1.98508e-07
1.2802e-06
1.36165e-07
1.26437e-06
4.63945e-08
1.25778e-06
-5.87102e-08
1.26404e-06
-1.6724e-07
1.28578e-06
-2.66568e-07
1.32462e-06
-3.4227e-07
1.38106e-06
-3.77458e-07
1.45379e-06
-3.53778e-07
1.53867e-06
-2.56562e-07
1.62733e-06
-8.76251e-08
1.70649e-06
1.1662e-07
1.76046e-06
3.06142e-07
1.7798e-06
4.45635e-07
1.76565e-06
5.20616e-07
1.72662e-06
5.32037e-07
1.67408e-06
4.88984e-07
1.61886e-06
4.03271e-07
1.56979e-06
2.86505e-07
1.53351e-06
1.4902e-07
1.51489e-06
1.51765e-06
3.06512e-08
3.05364e-09
3.94076e-08
3.04301e-07
-2.46006e-08
7.52628e-07
-9.09784e-08
7.69595e-07
-1.59568e-07
7.89454e-07
-2.28978e-07
8.13031e-07
-2.96552e-07
8.40982e-07
-3.58462e-07
8.73859e-07
-4.09797e-07
9.11973e-07
-4.44739e-07
9.55222e-07
-4.5699e-07
1.00289e-06
-4.40821e-07
1.05344e-06
-3.93175e-07
1.10434e-06
-3.17002e-07
1.1522e-06
-2.24255e-07
1.19341e-06
-1.31104e-07
1.2255e-06
-5.17241e-08
1.24796e-06
4.74262e-09
1.26213e-06
3.45176e-08
1.27059e-06
3.81881e-08
1.27653e-06
1.93872e-08
1.28317e-06
-1.63202e-08
1.29348e-06
-6.21754e-08
1.3099e-06
-1.10615e-07
1.33422e-06
-1.5345e-07
1.36746e-06
-1.82055e-07
1.40966e-06
-1.87892e-07
1.45963e-06
-1.63808e-07
1.51458e-06
-1.0649e-07
1.57001e-06
-1.99195e-08
1.61992e-06
8.242e-08
1.65812e-06
1.81838e-07
1.68038e-06
2.61537e-07
1.68595e-06
3.10741e-07
1.67742e-06
3.25275e-07
1.65955e-06
3.06162e-07
1.63798e-06
2.57712e-07
1.61824e-06
1.85953e-07
1.60527e-06
9.76634e-08
1.60318e-06
1.61531e-06
3.0688e-08
3.17651e-09
4.68021e-08
3.26248e-07
1.80593e-10
7.99282e-07
-4.67388e-08
8.16514e-07
-9.31902e-08
8.35906e-07
-1.38052e-07
8.57893e-07
-1.79758e-07
8.82688e-07
-2.16316e-07
9.10418e-07
-2.45409e-07
9.41066e-07
-2.64589e-07
9.74402e-07
-2.71611e-07
1.00991e-06
-2.64938e-07
1.04676e-06
-2.444e-07
1.08381e-06
-2.11867e-07
1.11967e-06
-1.7147e-07
1.15302e-06
-1.28788e-07
1.18282e-06
-8.94893e-08
1.20866e-06
-5.81608e-08
1.2308e-06
-3.76623e-08
1.25009e-06
-2.89601e-08
1.26782e-06
-3.12828e-08
1.2855e-06
-4.24264e-08
1.30463e-06
-5.90916e-08
1.32656e-06
-7.72059e-08
1.35233e-06
-9.22421e-08
1.38249e-06
-9.95964e-08
1.41702e-06
-9.51182e-08
1.45515e-06
-7.5878e-08
1.49534e-06
-4.11582e-08
1.53529e-06
6.59498e-09
1.57217e-06
6.15201e-08
1.6032e-06
1.15558e-07
1.62634e-06
1.60583e-07
1.64093e-06
1.90221e-07
1.64778e-06
2.00762e-07
1.64901e-06
1.91212e-07
1.64753e-06
1.62849e-07
1.64661e-06
1.18636e-07
1.64949e-06
6.26996e-08
1.65912e-06
1.67801e-06
3.11378e-08
3.28467e-09
5.34147e-08
3.42992e-07
2.06054e-08
8.32127e-07
-1.20595e-08
8.49179e-07
-4.38812e-08
8.67727e-07
-7.40591e-08
8.88071e-07
-1.01652e-07
9.1028e-07
-1.25601e-07
9.34367e-07
-1.44797e-07
9.60262e-07
-1.58185e-07
9.8779e-07
-1.6492e-07
1.01665e-06
-1.64561e-07
1.04641e-06
-1.57276e-07
1.07652e-06
-1.43989e-07
1.10638e-06
-1.26386e-07
1.13541e-06
-1.06706e-07
1.16314e-06
-8.73538e-08
1.18931e-06
-7.04989e-08
1.21395e-06
-5.77354e-08
1.23733e-06
-4.98842e-08
1.25997e-06
-4.69254e-08
1.28254e-06
-4.8041e-08
1.30574e-06
-5.17336e-08
1.33026e-06
-5.60004e-08
1.3566e-06
-5.85546e-08
1.38505e-06
-5.70999e-08
1.41556e-06
-4.96707e-08
1.44772e-06
-3.50309e-08
1.4807e-06
-1.30867e-08
1.51334e-06
1.48103e-08
1.54427e-06
4.58546e-08
1.57215e-06
7.62171e-08
1.59598e-06
1.01803e-07
1.61534e-06
1.19037e-07
1.63055e-06
1.25442e-07
1.6426e-06
1.19897e-07
1.65307e-06
1.02648e-07
1.66386e-06
7.51511e-08
1.67698e-06
3.98557e-08
1.69441e-06
1.71787e-06
3.16475e-08
3.35795e-09
5.84534e-08
3.56113e-07
3.52338e-08
8.55385e-07
1.21876e-08
8.72225e-07
-1.01747e-08
8.9009e-07
-3.13264e-08
9.09223e-07
-5.07008e-08
9.29655e-07
-6.77123e-08
9.51379e-07
-8.17923e-08
9.74342e-07
-9.24415e-08
9.98439e-07
-9.92966e-08
1.0235e-06
-1.02203e-07
1.04931e-06
-1.01282e-07
1.0756e-06
-9.69705e-08
1.10207e-06
-9.0009e-08
1.12845e-06
-8.13722e-08
1.1545e-06
-7.21383e-08
1.18008e-06
-6.33342e-08
1.20514e-06
-5.57855e-08
1.22978e-06
-5.00001e-08
1.25419e-06
-4.61007e-08
1.27864e-06
-4.38101e-08
1.30345e-06
-4.24877e-08
1.32893e-06
-4.12113e-08
1.35532e-06
-3.88999e-08
1.38274e-06
-3.44725e-08
1.41114e-06
-2.70367e-08
1.44029e-06
-1.60903e-08
1.46976e-06
-1.70547e-09
1.49896e-06
1.53556e-08
1.52721e-06
3.3652e-08
1.55386e-06
5.12368e-08
1.5784e-06
6.5965e-08
1.60061e-06
7.58513e-08
1.62066e-06
7.93859e-08
1.63907e-06
7.57478e-08
1.65671e-06
6.49017e-08
1.6747e-06
4.7593e-08
1.69429e-06
2.52758e-08
1.71673e-06
1.74315e-06
3.21723e-08
3.40818e-09
6.20166e-08
3.66903e-07
4.5153e-08
8.72287e-07
2.84243e-08
8.88954e-07
1.21764e-08
9.06338e-07
-3.25811e-09
9.24657e-07
-1.7537e-08
9.43933e-07
-3.03221e-08
9.64164e-07
-4.12997e-08
9.8532e-07
-5.02049e-08
1.00734e-06
-5.68511e-08
1.03015e-06
-6.11594e-08
1.05362e-06
-6.31818e-08
1.07762e-06
-6.3114e-08
1.10201e-06
-6.12887e-08
1.12663e-06
-5.8146e-08
1.15136e-06
-5.41844e-08
1.17612e-06
-4.98964e-08
1.20086e-06
-4.57021e-08
1.22559e-06
-4.18904e-08
1.25038e-06
-3.85781e-08
1.27533e-06
-3.56929e-08
1.30057e-06
-3.29825e-08
1.32622e-06
-3.00519e-08
1.35239e-06
-2.6425e-08
1.37911e-06
-2.16284e-08
1.40634e-06
-1.52891e-08
1.43395e-06
-7.23575e-09
1.4617e-06
2.41521e-09
1.48931e-06
1.32084e-08
1.51642e-06
2.43565e-08
1.54271e-06
3.48161e-08
1.56794e-06
4.34253e-08
1.59201e-06
4.90754e-08
1.61501e-06
5.08813e-08
1.63726e-06
4.83196e-08
1.65927e-06
4.13158e-08
1.68171e-06
3.02779e-08
1.70533e-06
1.60792e-08
1.73093e-06
1.75922e-06
3.26866e-08
3.45079e-09
6.41956e-08
3.76282e-07
5.15186e-08
8.85002e-07
3.89604e-08
9.01512e-07
2.67434e-08
9.18555e-07
1.50696e-08
9.36331e-07
4.14437e-09
9.54859e-07
-5.83239e-09
9.74141e-07
-1.4677e-08
9.94164e-07
-2.22349e-08
1.0149e-06
-2.83941e-08
1.03631e-06
-3.30981e-08
1.05832e-06
-3.63556e-08
1.08088e-06
-3.82452e-08
1.10389e-06
-3.89117e-08
1.12729e-06
-3.85543e-08
1.151e-06
-3.7405e-08
1.17497e-06
-3.57016e-08
1.19915e-06
-3.36575e-08
1.22354e-06
-3.14332e-08
1.24815e-06
-2.91149e-08
1.27301e-06
-2.67032e-08
1.29816e-06
-2.41153e-08
1.32364e-06
-2.12011e-08
1.34948e-06
-1.77734e-08
1.37568e-06
-1.36495e-08
1.40222e-06
-8.70065e-09
1.429e-06
-2.90192e-09
1.45591e-06
3.62616e-09
1.48278e-06
1.05937e-08
1.50945e-06
1.75452e-08
1.53576e-06
2.38951e-08
1.56159e-06
2.89942e-08
1.58691e-06
3.22162e-08
1.61179e-06
3.30498e-08
1.63643e-06
3.11821e-08
1.66114e-06
2.656e-08
1.68633e-06
1.94229e-08
1.71247e-06
1.03039e-08
1.74005e-06
1.76953e-06
3.31213e-08
3.50593e-09
6.48283e-08
3.84841e-07
5.50354e-08
8.94832e-07
4.53613e-08
9.11186e-07
3.59391e-08
9.27977e-07
2.68837e-08
9.45387e-07
1.83155e-08
9.63427e-07
1.03541e-08
9.82102e-07
3.11146e-09
1.00141e-06
-3.31503e-09
1.02133e-06
-8.85011e-09
1.04184e-06
-1.3447e-08
1.06292e-06
-1.70922e-08
1.08452e-06
-1.9808e-08
1.10661e-06
-2.16506e-08
1.12914e-06
-2.27057e-08
1.15206e-06
-2.3079e-08
1.17534e-06
-2.28838e-08
1.19896e-06
-2.22279e-08
1.22289e-06
-2.11998e-08
1.24712e-06
-1.98581e-08
1.27167e-06
-1.82254e-08
1.29652e-06
-1.62883e-08
1.3217e-06
-1.40048e-08
1.34719e-06
-1.13184e-08
1.373e-06
-8.17882e-09
1.39908e-06
-4.5658e-09
1.42539e-06
-5.13544e-10
1.45185e-06
3.86911e-09
1.4784e-06
8.3877e-09
1.50493e-06
1.27645e-08
1.53138e-06
1.66566e-08
1.55769e-06
1.96901e-08
1.58387e-06
2.15051e-08
1.60997e-06
2.18068e-08
1.63613e-06
2.0414e-08
1.66253e-06
1.72988e-08
1.68944e-06
1.26097e-08
1.71716e-06
6.67776e-09
1.74598e-06
1.77621e-06
3.32987e-08
3.58287e-09
6.36252e-08
3.92831e-07
5.61057e-08
9.02386e-07
4.86569e-08
9.18635e-07
4.13594e-08
9.35274e-07
3.42809e-08
9.52465e-07
2.74965e-08
9.70211e-07
2.10837e-08
9.88515e-07
1.51178e-08
1.00737e-06
9.66685e-09
1.02678e-06
4.78793e-09
1.04672e-06
5.22963e-10
1.06719e-06
-3.10382e-09
1.08815e-06
-6.08737e-09
1.10959e-06
-8.44157e-09
1.13149e-06
-1.01972e-08
1.15381e-06
-1.1398e-08
1.17654e-06
-1.20955e-08
1.19965e-06
-1.23424e-08
1.22313e-06
-1.21867e-08
1.24697e-06
-1.16665e-08
1.27115e-06
-1.08069e-08
1.29566e-06
-9.61958e-09
1.32051e-06
-8.1062e-09
1.34568e-06
-6.26522e-09
1.37116e-06
-4.10151e-09
1.39691e-06
-1.63794e-09
1.42292e-06
1.07303e-09
1.44914e-06
3.9399e-09
1.47553e-06
6.82737e-09
1.50204e-06
9.55828e-09
1.52865e-06
1.19237e-08
1.55533e-06
1.37012e-08
1.5821e-06
1.46794e-08
1.609e-06
1.46869e-08
1.63612e-06
1.36199e-08
1.6636e-06
1.14667e-08
1.6916e-06
8.32315e-09
1.7203e-06
4.3971e-09
1.74991e-06
1.7806e-06
3.29931e-08
3.63368e-09
6.08848e-08
4.00241e-07
5.54237e-08
9.07879e-07
4.98724e-08
9.24186e-07
4.43146e-08
9.40832e-07
3.88152e-08
9.57964e-07
3.34403e-08
9.75586e-07
2.82552e-08
9.937e-07
2.33221e-08
1.01231e-06
1.86981e-08
1.0314e-06
1.44328e-08
1.05099e-06
1.05666e-08
1.07105e-06
7.12924e-09
1.09159e-06
4.13913e-09
1.11258e-06
1.60309e-09
1.13403e-06
-4.82772e-10
1.1559e-06
-2.13144e-09
1.17819e-06
-3.36267e-09
1.20089e-06
-4.20018e-09
1.22397e-06
-4.66881e-09
1.24744e-06
-4.79216e-09
1.27127e-06
-4.59102e-09
1.29546e-06
-4.08323e-09
1.32e-06
-3.28515e-09
1.34488e-06
-2.21476e-09
1.37008e-06
-8.96199e-10
1.39559e-06
6.34844e-10
1.42139e-06
2.32583e-09
1.44745e-06
4.1032e-09
1.47375e-06
5.87067e-09
1.50028e-06
7.51099e-09
1.52701e-06
8.89195e-09
1.55395e-06
9.87672e-09
1.58111e-06
1.03379e-08
1.60854e-06
1.01735e-08
1.63629e-06
9.32371e-09
1.66445e-06
7.78497e-09
1.69313e-06
5.61969e-09
1.72246e-06
2.95944e-09
1.75257e-06
1.78356e-06
3.23694e-08
3.6017e-09
5.83543e-08
4.0723e-07
5.45106e-08
9.11751e-07
5.04089e-08
9.28288e-07
4.61567e-08
9.45084e-07
4.18322e-08
9.62289e-07
3.75057e-08
9.79913e-07
3.32413e-08
9.97964e-07
2.90969e-08
1.01645e-06
2.51246e-08
1.03538e-06
2.13704e-08
1.05474e-06
1.7873e-08
1.07455e-06
1.46642e-08
1.0948e-06
1.17678e-08
1.11548e-06
9.20007e-09
1.13659e-06
6.96985e-09
1.15813e-06
5.07922e-09
1.18008e-06
3.52452e-09
1.20244e-06
2.29755e-09
1.2252e-06
1.38684e-09
1.24835e-06
7.78732e-10
1.27188e-06
4.5806e-10
1.29578e-06
4.0825e-10
1.32005e-06
6.10672e-10
1.34468e-06
1.04324e-09
1.36965e-06
1.67836e-09
1.39496e-06
2.48056e-09
1.42059e-06
3.40422e-09
1.44653e-06
4.39192e-09
1.47277e-06
5.37422e-09
1.4993e-06
6.27117e-09
1.52611e-06
6.99614e-09
1.55322e-06
7.46201e-09
1.58064e-06
7.58924e-09
1.60841e-06
7.31539e-09
1.63656e-06
6.60466e-09
1.66516e-06
5.45636e-09
1.69428e-06
3.91074e-09
1.72401e-06
2.05095e-09
1.75443e-06
1.78561e-06
3.20523e-08
3.53868e-09
5.8006e-08
4.14309e-07
5.48805e-08
9.14902e-07
5.15071e-08
9.31661e-07
4.79714e-08
9.4862e-07
4.43353e-08
9.65925e-07
4.06551e-08
9.83593e-07
3.69825e-08
1.00164e-06
3.33649e-08
1.02007e-06
2.98452e-08
1.0389e-06
2.64622e-08
1.05813e-06
2.32499e-08
1.07776e-06
2.02374e-08
1.09781e-06
1.74488e-08
1.11827e-06
1.4903e-08
1.13914e-06
1.26135e-08
1.16042e-06
1.05889e-08
1.18211e-06
8.83322e-09
1.2042e-06
7.34623e-09
1.22668e-06
6.12399e-09
1.24957e-06
5.15931e-09
1.27284e-06
4.44206e-09
1.2965e-06
3.95911e-09
1.32054e-06
3.69416e-09
1.34494e-06
3.62703e-09
1.36972e-06
3.73287e-09
1.39485e-06
3.98116e-09
1.42034e-06
4.33487e-09
1.44617e-06
4.75005e-09
1.47235e-06
5.17611e-09
1.49887e-06
5.55719e-09
1.52573e-06
5.83466e-09
1.55295e-06
5.95095e-09
1.58053e-06
5.85445e-09
1.6085e-06
5.50512e-09
1.63691e-06
4.88011e-09
1.66578e-06
3.97884e-09
1.69518e-06
2.82636e-09
1.72516e-06
1.47452e-09
1.75578e-06
1.78709e-06
3.22643e-08
3.50639e-09
5.96711e-08
4.21778e-07
5.65699e-08
9.18029e-07
5.3348e-08
9.34883e-07
5.00468e-08
9.51921e-07
4.66945e-08
9.69277e-07
4.33215e-08
9.86966e-07
3.99589e-08
1.005e-06
3.66376e-08
1.02339e-06
3.33875e-08
1.04215e-06
3.0237e-08
1.06128e-06
2.72123e-08
1.08079e-06
2.43371e-08
1.10069e-06
2.16321e-08
1.12097e-06
1.91146e-08
1.14166e-06
1.67987e-08
1.16273e-06
1.46948e-08
1.18421e-06
1.28096e-08
1.20608e-06
1.11466e-08
1.22835e-06
9.7057e-09
1.25101e-06
8.48374e-09
1.27406e-06
7.4743e-09
1.29751e-06
6.66775e-09
1.32134e-06
6.05117e-09
1.34556e-06
5.60803e-09
1.37016e-06
5.31794e-09
1.39514e-06
5.15628e-09
1.4205e-06
5.09403e-09
1.44624e-06
5.09783e-09
1.47235e-06
5.13048e-09
1.49884e-06
5.15204e-09
1.52571e-06
5.12155e-09
1.55298e-06
4.99949e-09
1.58065e-06
4.75081e-09
1.60875e-06
4.34832e-09
1.63731e-06
3.77606e-09
1.66636e-06
3.03231e-09
1.69593e-06
2.13159e-09
1.72606e-06
1.1052e-09
1.75681e-06
1.78819e-06
3.27447e-08
3.50184e-09
6.18772e-08
4.29622e-07
5.8624e-08
9.21307e-07
5.53469e-08
9.3816e-07
5.20646e-08
9.55204e-07
4.87856e-08
9.72556e-07
4.55229e-08
9.90229e-07
4.22921e-08
1.00823e-06
3.91111e-08
1.02657e-06
3.59986e-08
1.04526e-06
3.29739e-08
1.0643e-06
3.00555e-08
1.08371e-06
2.72611e-08
1.10348e-06
2.46072e-08
1.12363e-06
2.21081e-08
1.14416e-06
1.9776e-08
1.16507e-06
1.76209e-08
1.18636e-06
1.56498e-08
1.20805e-06
1.38675e-08
1.23013e-06
1.22755e-08
1.2526e-06
1.08729e-08
1.27547e-06
9.6556e-09
1.29873e-06
8.61675e-09
1.32238e-06
7.74649e-09
1.34643e-06
7.03183e-09
1.37088e-06
6.45666e-09
1.39572e-06
6.00162e-09
1.42096e-06
5.64426e-09
1.44659e-06
5.3592e-09
1.47263e-06
5.1187e-09
1.49908e-06
4.89351e-09
1.52593e-06
4.65406e-09
1.55322e-06
4.37209e-09
1.58093e-06
4.02257e-09
1.6091e-06
3.58579e-09
1.63775e-06
3.04942e-09
1.66689e-06
2.4103e-09
1.69657e-06
1.67557e-09
1.7268e-06
8.6299e-10
1.75762e-06
1.78906e-06
3.32648e-08
3.50709e-09
6.36475e-08
4.37813e-07
6.02942e-08
9.24684e-07
5.69544e-08
9.415e-07
5.3644e-08
9.58514e-07
5.0367e-08
9.75833e-07
4.71303e-08
9.93465e-07
4.39431e-08
1.01142e-06
4.08167e-08
1.0297e-06
3.77634e-08
1.04831e-06
3.47964e-08
1.06727e-06
3.19293e-08
1.08657e-06
2.91752e-08
1.10623e-06
2.65466e-08
1.12626e-06
2.40552e-08
1.14665e-06
2.17109e-08
1.16741e-06
1.95223e-08
1.18855e-06
1.74958e-08
1.21008e-06
1.56359e-08
1.23199e-06
1.39447e-08
1.25429e-06
1.24222e-08
1.27699e-06
1.10657e-08
1.30008e-06
9.87011e-09
1.32358e-06
8.82778e-09
1.34747e-06
7.92854e-09
1.37178e-06
7.15963e-09
1.39649e-06
6.50583e-09
1.42161e-06
5.94962e-09
1.44715e-06
5.47141e-09
1.47311e-06
5.05008e-09
1.4995e-06
4.66356e-09
1.52632e-06
4.28971e-09
1.55359e-06
3.90744e-09
1.58131e-06
3.49791e-09
1.60951e-06
3.04584e-09
1.6382e-06
2.54082e-09
1.6674e-06
1.97837e-09
1.69713e-06
1.36058e-09
1.72742e-06
6.96189e-10
1.75828e-06
1.78975e-06
3.37462e-08
3.51431e-09
6.46913e-08
4.46409e-07
6.129e-08
9.28108e-07
5.79102e-08
9.4488e-07
5.45701e-08
9.61854e-07
5.1275e-08
9.79128e-07
4.80316e-08
9.96709e-07
4.48477e-08
1.0146e-06
4.17325e-08
1.03281e-06
3.86958e-08
1.05135e-06
3.5748e-08
1.07022e-06
3.28998e-08
1.08942e-06
3.01616e-08
1.10897e-06
2.75435e-08
1.12887e-06
2.50548e-08
1.14914e-06
2.27038e-08
1.16976e-06
2.04974e-08
1.19076e-06
1.8441e-08
1.21213e-06
1.65384e-08
1.23389e-06
1.47915e-08
1.25604e-06
1.32003e-08
1.27858e-06
1.17626e-08
1.30152e-06
1.04742e-08
1.32487e-06
9.32894e-09
1.34862e-06
8.31835e-09
1.37279e-06
7.43205e-09
1.39737e-06
6.65771e-09
1.42239e-06
5.98125e-09
1.44783e-06
5.38714e-09
1.4737e-06
4.85874e-09
1.50003e-06
4.37877e-09
1.5268e-06
3.93001e-09
1.55404e-06
3.49596e-09
1.58175e-06
3.06168e-09
1.60995e-06
2.61464e-09
1.63865e-06
2.14548e-09
1.66787e-06
1.64871e-09
1.69763e-06
1.123e-09
1.72794e-06
5.71238e-10
1.75883e-06
1.79032e-06
3.41793e-08
3.52205e-09
6.49916e-08
4.55525e-07
6.15514e-08
9.31569e-07
5.81333e-08
9.48298e-07
5.4757e-08
9.6523e-07
5.14299e-08
9.82456e-07
4.81601e-08
9.99979e-07
4.4956e-08
1.01781e-06
4.1827e-08
1.03594e-06
3.87824e-08
1.05439e-06
3.58319e-08
1.07317e-06
3.2985e-08
1.09227e-06
3.02508e-08
1.11171e-06
2.7638e-08
1.13149e-06
2.51543e-08
1.15162e-06
2.28065e-08
1.17211e-06
2.06003e-08
1.19297e-06
1.85399e-08
1.2142e-06
1.66278e-08
1.2358e-06
1.48654e-08
1.2578e-06
1.32519e-08
1.28019e-06
1.17851e-08
1.30299e-06
1.04608e-08
1.32619e-06
9.2734e-09
1.34981e-06
8.21528e-09
1.37385e-06
7.27742e-09
1.39831e-06
6.44928e-09
1.42321e-06
5.71899e-09
1.44856e-06
5.07364e-09
1.47435e-06
4.49956e-09
1.5006e-06
3.98266e-09
1.52732e-06
3.50891e-09
1.55451e-06
3.06481e-09
1.58219e-06
2.63797e-09
1.61037e-06
2.21762e-09
1.63907e-06
1.7951e-09
1.66829e-06
1.36428e-09
1.69806e-06
9.21674e-10
1.72838e-06
4.66451e-10
1.75929e-06
1.79079e-06
3.45724e-08
3.53043e-09
6.45761e-08
4.65307e-07
6.10788e-08
9.35085e-07
5.76035e-08
9.51773e-07
5.41707e-08
9.68663e-07
5.07901e-08
9.85836e-07
4.74716e-08
1.0033e-06
4.42255e-08
1.02105e-06
4.10624e-08
1.0391e-06
3.79922e-08
1.05746e-06
3.50251e-08
1.07613e-06
3.21704e-08
1.09512e-06
2.94367e-08
1.11444e-06
2.68318e-08
1.13409e-06
2.43624e-08
1.15409e-06
2.20341e-08
1.17444e-06
1.9851e-08
1.19515e-06
1.78158e-08
1.21623e-06
1.59298e-08
1.23769e-06
1.41928e-08
1.25954e-06
1.2603e-08
1.28178e-06
1.11573e-08
1.30443e-06
9.85087e-09
1.3275e-06
8.67769e-09
1.35098e-06
7.63034e-09
1.37489e-06
6.70019e-09
1.39924e-06
5.87752e-09
1.42404e-06
5.15173e-09
1.44928e-06
4.51146e-09
1.47499e-06
3.94489e-09
1.50117e-06
3.43999e-09
1.52782e-06
2.98484e-09
1.55497e-06
2.56797e-09
1.58261e-06
2.17871e-09
1.61076e-06
1.80756e-09
1.63944e-06
1.44645e-09
1.66865e-06
1.089e-09
1.69841e-06
7.30556e-10
1.72874e-06
3.68114e-10
1.75965e-06
1.79116e-06
3.49397e-08
3.53963e-09
6.34703e-08
4.75933e-07
5.98784e-08
9.38695e-07
5.63088e-08
9.55343e-07
5.27834e-08
9.72189e-07
4.93151e-08
9.89304e-07
4.59169e-08
1.0067e-06
4.26018e-08
1.02437e-06
3.93821e-08
1.04232e-06
3.62698e-08
1.06057e-06
3.32756e-08
1.07913e-06
3.04094e-08
1.09799e-06
2.76796e-08
1.11717e-06
2.50931e-08
1.13668e-06
2.26556e-08
1.15653e-06
2.03708e-08
1.17672e-06
1.82412e-08
1.19728e-06
1.62673e-08
1.2182e-06
1.44486e-08
1.23951e-06
1.27826e-08
1.26121e-06
1.12657e-08
1.2833e-06
9.89317e-09
1.30581e-06
8.65875e-09
1.32873e-06
7.55533e-09
1.35208e-06
6.57479e-09
1.37587e-06
5.70821e-09
1.40011e-06
4.94597e-09
1.4248e-06
4.27792e-09
1.44995e-06
3.69353e-09
1.47557e-06
3.18209e-09
1.50168e-06
2.73289e-09
1.52827e-06
2.33545e-09
1.55536e-06
1.97974e-09
1.58297e-06
1.6564e-09
1.61109e-06
1.35699e-09
1.63974e-06
1.07409e-09
1.66893e-06
8.01492e-10
1.69869e-06
5.34136e-10
1.72901e-06
2.68039e-10
1.75992e-06
1.79143e-06
3.53014e-08
3.55008e-09
6.17003e-08
4.87634e-07
5.79499e-08
9.4246e-07
5.42244e-08
9.59068e-07
5.05486e-08
9.75864e-07
4.69405e-08
9.92913e-07
4.34176e-08
1.01022e-06
3.99966e-08
1.02779e-06
3.66931e-08
1.04563e-06
3.35209e-08
1.06375e-06
3.04921e-08
1.08216e-06
2.76168e-08
1.10086e-06
2.49026e-08
1.11988e-06
2.23554e-08
1.13923e-06
1.99784e-08
1.1589e-06
1.77731e-08
1.17893e-06
1.57389e-08
1.19931e-06
1.38736e-08
1.22007e-06
1.21731e-08
1.24121e-06
1.06322e-08
1.26275e-06
9.24444e-09
1.28469e-06
8.00234e-09
1.30705e-06
6.89761e-09
1.32984e-06
5.9213e-09
1.35306e-06
5.06398e-09
1.37673e-06
4.31581e-09
1.40086e-06
3.66673e-09
1.42545e-06
3.10657e-09
1.45051e-06
2.62513e-09
1.47606e-06
2.21238e-09
1.50209e-06
1.85854e-09
1.52863e-06
1.55422e-09
1.55567e-06
1.29057e-09
1.58323e-06
1.0594e-09
1.61132e-06
8.53314e-10
1.63994e-06
6.6576e-10
1.66912e-06
4.9109e-10
1.69886e-06
3.24521e-10
1.72918e-06
1.62006e-10
1.76008e-06
1.79159e-06
3.56823e-08
3.56269e-09
5.92848e-08
5.00721e-07
5.527e-08
9.46488e-07
5.12889e-08
9.6305e-07
4.73725e-08
9.79781e-07
4.35464e-08
9.96739e-07
3.98346e-08
1.01393e-06
3.62592e-08
1.03136e-06
3.28392e-08
1.04905e-06
2.95906e-08
1.067e-06
2.65262e-08
1.08522e-06
2.36551e-08
1.10374e-06
2.0983e-08
1.12256e-06
1.85124e-08
1.1417e-06
1.62429e-08
1.16117e-06
1.41714e-08
1.181e-06
1.22926e-08
1.20119e-06
1.05995e-08
1.22176e-06
9.08334e-09
1.24273e-06
7.73457e-09
1.26409e-06
6.54271e-09
1.28588e-06
5.4968e-09
1.30809e-06
4.5856e-09
1.33075e-06
3.79781e-09
1.35385e-06
3.12217e-09
1.37741e-06
2.54762e-09
1.40143e-06
2.06339e-09
1.42593e-06
1.65904e-09
1.45092e-06
1.3246e-09
1.47639e-06
1.05056e-09
1.50237e-06
8.27972e-10
1.52885e-06
6.48505e-10
1.55585e-06
5.04482e-10
1.58337e-06
3.88953e-10
1.61143e-06
2.95725e-10
1.64004e-06
2.19392e-10
1.6692e-06
1.55312e-10
1.69893e-06
9.95547e-11
1.72923e-06
4.87729e-11
1.76013e-06
1.79164e-06
3.61106e-08
3.5793e-09
5.62048e-08
5.15632e-07
5.17534e-08
9.5095e-07
4.73594e-08
9.67444e-07
4.30654e-08
9.84075e-07
3.89081e-08
1.0009e-06
3.49206e-08
1.01792e-06
3.11312e-08
1.03515e-06
2.75622e-08
1.05262e-06
2.42306e-08
1.07033e-06
2.11471e-08
1.0883e-06
1.83171e-08
1.10657e-06
1.57407e-08
1.12513e-06
1.34138e-08
1.14402e-06
1.13286e-08
1.16326e-06
9.47415e-09
1.18285e-06
7.83769e-09
1.20283e-06
6.4048e-09
1.2232e-06
5.1602e-09
1.24397e-06
4.08827e-09
1.26517e-06
3.1734e-09
1.2868e-06
2.40031e-09
1.30887e-06
1.75432e-09
1.33139e-06
1.22146e-09
1.35438e-06
7.88566e-10
1.37784e-06
4.4338e-10
1.40178e-06
1.74519e-10
1.4262e-06
-2.85037e-11
1.45112e-06
-1.75293e-10
1.47654e-06
-2.74597e-10
1.50246e-06
-3.3432e-10
1.52891e-06
-3.61543e-10
1.55588e-06
-3.62534e-10
1.58337e-06
-3.42758e-10
1.61141e-06
-3.06897e-10
1.64e-06
-2.58866e-10
1.66915e-06
-2.01864e-10
1.69887e-06
-1.38439e-10
1.72917e-06
-7.0604e-11
1.76006e-06
1.79157e-06
3.66137e-08
3.60416e-09
5.23425e-08
5.33011e-07
4.71761e-08
9.56125e-07
4.21255e-08
9.72494e-07
3.72518e-08
9.88948e-07
3.26081e-08
1.00554e-06
2.82383e-08
1.02229e-06
2.41759e-08
1.03921e-06
2.04437e-08
1.05635e-06
1.70543e-08
1.07372e-06
1.40104e-08
1.09135e-06
1.13066e-08
1.10927e-06
8.93076e-09
1.12751e-06
6.86541e-09
1.14609e-06
5.08952e-09
1.16503e-06
3.57972e-09
1.18436e-06
2.31152e-09
1.2041e-06
1.26026e-09
1.22425e-06
4.01816e-10
1.24483e-06
-2.86789e-10
1.26586e-06
-8.27087e-10
1.28734e-06
-1.23893e-09
1.30928e-06
-1.54038e-09
1.33169e-06
-1.74771e-09
1.35459e-06
-1.87545e-09
1.37797e-06
-1.93647e-09
1.40184e-06
-1.94212e-09
1.42621e-06
-1.90231e-09
1.45108e-06
-1.82565e-09
1.47646e-06
-1.71959e-09
1.50236e-06
-1.59049e-09
1.52878e-06
-1.4437e-09
1.55573e-06
-1.28368e-09
1.58321e-06
-1.11401e-09
1.61124e-06
-9.37476e-10
1.63983e-06
-7.5611e-10
1.66897e-06
-5.71242e-10
1.69868e-06
-3.8357e-10
1.72898e-06
-1.93247e-10
1.75987e-06
1.79137e-06
3.72047e-08
3.64874e-09
4.73431e-08
5.53863e-07
4.10157e-08
9.62458e-07
3.49388e-08
9.78571e-07
2.92022e-08
9.94685e-07
2.38796e-08
1.01086e-06
1.9024e-08
1.02714e-06
1.46674e-08
1.04357e-06
1.08216e-08
1.06019e-06
7.48129e-09
1.07706e-06
4.62685e-09
1.0942e-06
2.22827e-09
1.11167e-06
2.48474e-10
1.12949e-06
-1.35368e-09
1.14769e-06
-2.62081e-09
1.1663e-06
-3.59514e-09
1.18534e-06
-4.31698e-09
1.20482e-06
-4.82389e-09
1.22475e-06
-5.15004e-09
1.24516e-06
-5.32602e-09
1.26603e-06
-5.37875e-09
1.28739e-06
-5.33166e-09
1.30923e-06
-5.2049e-09
1.33157e-06
-5.01563e-09
1.3544e-06
-4.77828e-09
1.37773e-06
-4.50495e-09
1.40156e-06
-4.20563e-09
1.42591e-06
-3.8885e-09
1.45076e-06
-3.56016e-09
1.47613e-06
-3.22585e-09
1.50202e-06
-2.88962e-09
1.52844e-06
-2.55447e-09
1.55539e-06
-2.22247e-09
1.58288e-06
-1.89486e-09
1.61092e-06
-1.5721e-09
1.6395e-06
-1.25394e-09
1.66865e-06
-9.39465e-10
1.69837e-06
-6.27142e-10
1.72867e-06
-3.14862e-10
1.75956e-06
1.79106e-06
3.78336e-08
3.73759e-09
4.02992e-08
5.7982e-07
3.21134e-08
9.70649e-07
2.44715e-08
9.86213e-07
1.7511e-08
1.00165e-06
1.13262e-08
1.01705e-06
5.96412e-09
1.0325e-06
1.42857e-09
1.04811e-06
-2.31125e-09
1.06393e-06
-5.31126e-09
1.08006e-06
-7.64327e-09
1.09653e-06
-9.38712e-09
1.11341e-06
-1.06244e-08
1.13073e-06
-1.1434e-08
1.1485e-06
-1.18894e-08
1.16676e-06
-1.20565e-08
1.18551e-06
-1.19936e-08
1.20476e-06
-1.17507e-08
1.22451e-06
-1.13703e-08
1.24478e-06
-1.08878e-08
1.26555e-06
-1.03324e-08
1.28683e-06
-9.72791e-09
1.30863e-06
-9.09332e-09
1.33093e-06
-8.44374e-09
1.35375e-06
-7.79093e-09
1.37708e-06
-7.14388e-09
1.40092e-06
-6.50926e-09
1.42527e-06
-5.89187e-09
1.45014e-06
-5.29491e-09
1.47554e-06
-4.7203e-09
1.50145e-06
-4.16887e-09
1.52789e-06
-3.64051e-09
1.55486e-06
-3.13434e-09
1.58238e-06
-2.64876e-09
1.61043e-06
-2.18153e-09
1.63904e-06
-1.72978e-09
1.6682e-06
-1.29009e-09
1.69793e-06
-8.58411e-10
1.72824e-06
-4.30128e-10
1.75913e-06
1.79063e-06
3.82954e-08
3.90948e-09
2.91816e-08
6.1372e-07
1.80074e-08
9.81825e-07
8.02972e-09
9.96191e-07
-5.25935e-10
1.0102e-06
-7.57546e-09
1.0241e-06
-1.31511e-08
1.03808e-06
-1.73651e-08
1.05232e-06
-2.03759e-08
1.06694e-06
-2.23614e-08
1.08204e-06
-2.34998e-08
1.09767e-06
-2.39574e-08
1.11387e-06
-2.38823e-08
1.13065e-06
-2.34015e-08
1.14802e-06
-2.26214e-08
1.16598e-06
-2.16286e-08
1.18451e-06
-2.04928e-08
1.20362e-06
-1.92686e-08
1.22329e-06
-1.79986e-08
1.2435e-06
-1.67151e-08
1.26427e-06
-1.54424e-08
1.28556e-06
-1.41982e-08
1.30738e-06
-1.29951e-08
1.32973e-06
-1.18417e-08
1.3526e-06
-1.07432e-08
1.37598e-06
-9.70251e-09
1.39988e-06
-8.7207e-09
1.42429e-06
-7.79722e-09
1.44922e-06
-6.93043e-09
1.47467e-06
-6.11776e-09
1.50064e-06
-5.35594e-09
1.52713e-06
-4.64112e-09
1.55415e-06
-3.96896e-09
1.5817e-06
-3.33467e-09
1.6098e-06
-2.73305e-09
1.63843e-06
-2.15845e-09
1.66762e-06
-1.60478e-09
1.69738e-06
-1.06541e-09
1.7277e-06
-5.33118e-10
1.7586e-06
1.7901e-06
3.81359e-08
4.35963e-09
1.00529e-08
6.61272e-07
-6.62928e-09
9.98508e-07
-2.01006e-08
1.00966e-06
-3.02562e-08
1.02036e-06
-3.73592e-08
1.0312e-06
-4.18583e-08
1.04258e-06
-4.42574e-08
1.05472e-06
-4.50374e-08
1.06773e-06
-4.46188e-08
1.08162e-06
-4.33481e-08
1.0964e-06
-4.14996e-08
1.11202e-06
-3.92835e-08
1.12843e-06
-3.68568e-08
1.14559e-06
-3.43344e-08
1.16345e-06
-3.1798e-08
1.18198e-06
-2.93045e-08
1.20113e-06
-2.68926e-08
1.22087e-06
-2.4587e-08
1.2412e-06
-2.24027e-08
1.26208e-06
-2.03476e-08
1.28351e-06
-1.84244e-08
1.30546e-06
-1.66324e-08
1.32794e-06
-1.49683e-08
1.35093e-06
-1.34269e-08
1.37444e-06
-1.20023e-08
1.39845e-06
-1.06873e-08
1.42298e-06
-9.47474e-09
1.44801e-06
-8.35679e-09
1.47355e-06
-7.32564e-09
1.49961e-06
-6.37337e-09
1.52618e-06
-5.49201e-09
1.55327e-06
-4.67355e-09
1.58088e-06
-3.90989e-09
1.60903e-06
-3.19285e-09
1.63772e-06
-2.51403e-09
1.66695e-06
-1.86473e-09
1.69673e-06
-1.23587e-09
1.72707e-06
-6.17767e-10
1.75798e-06
1.78948e-06
3.53763e-08
7.14232e-09
-3.13933e-08
7.41557e-07
-5.77721e-08
1.02489e-06
-7.42031e-08
1.02609e-06
-8.2779e-08
1.02893e-06
-8.57151e-08
1.03414e-06
-8.4877e-08
1.04174e-06
-8.16758e-08
1.05152e-06
-7.7111e-08
1.06316e-06
-7.18582e-08
1.07637e-06
-6.63562e-08
1.0909e-06
-6.08791e-08
1.10654e-06
-5.559e-08
1.12314e-06
-5.05798e-08
1.14058e-06
-4.5893e-08
1.15877e-06
-4.15455e-08
1.17763e-06
-3.75359e-08
1.19712e-06
-3.38526e-08
1.21719e-06
-3.04786e-08
1.23783e-06
-2.73944e-08
1.259e-06
-2.45793e-08
1.28069e-06
-2.20129e-08
1.30289e-06
-1.96752e-08
1.3256e-06
-1.75473e-08
1.3488e-06
-1.56113e-08
1.3725e-06
-1.38502e-08
1.39669e-06
-1.22481e-08
1.42137e-06
-1.07902e-08
1.44655e-06
-9.46235e-09
1.47222e-06
-8.2514e-09
1.49839e-06
-7.14478e-09
1.52507e-06
-6.13053e-09
1.55225e-06
-5.19716e-09
1.57995e-06
-4.33355e-09
1.60817e-06
-3.52877e-09
1.63691e-06
-2.77197e-09
1.66619e-06
-2.05223e-09
1.69601e-06
-1.35828e-09
1.72638e-06
-6.78391e-10
1.7573e-06
1.7888e-06
1.10273e-08
6.38629e-09
-1.61098e-07
9.22989e-07
-1.8771e-07
1.0515e-06
-1.87808e-07
1.02619e-06
-1.76123e-07
1.01725e-06
-1.60093e-07
1.01811e-06
-1.43306e-07
1.02495e-06
-1.27367e-07
1.03558e-06
-1.1289e-07
1.04868e-06
-1.00012e-07
1.06349e-06
-8.86611e-08
1.07955e-06
-7.86858e-08
1.09657e-06
-6.99153e-08
1.11437e-06
-6.21881e-08
1.13286e-06
-5.53611e-08
1.15194e-06
-4.93115e-08
1.17158e-06
-4.39356e-08
1.19174e-06
-3.91462e-08
1.2124e-06
-3.48699e-08
1.23355e-06
-3.10446e-08
1.25517e-06
-2.76175e-08
1.27726e-06
-2.45432e-08
1.29982e-06
-2.17827e-08
1.32284e-06
-1.93017e-08
1.34632e-06
-1.70701e-08
1.37027e-06
-1.50614e-08
1.39468e-06
-1.32517e-08
1.41956e-06
-1.16195e-08
1.44492e-06
-1.01455e-08
1.47075e-06
-8.81196e-09
1.49706e-06
-7.60241e-09
1.52386e-06
-6.50169e-09
1.55115e-06
-5.49553e-09
1.57895e-06
-4.5704e-09
1.60724e-06
-3.71327e-09
1.63605e-06
-2.91143e-09
1.66539e-06
-2.15226e-09
1.69525e-06
-1.42294e-09
1.72565e-06
-7.10204e-10
1.75659e-06
1.78809e-06
-8.88793e-07
6.70284e-07
-7.32058e-07
7.66254e-07
-5.21832e-07
8.41273e-07
-3.87446e-07
8.91805e-07
-2.98614e-07
9.28416e-07
-2.37663e-07
9.57154e-07
-1.94191e-07
9.81482e-07
-1.61993e-07
1.00338e-06
-1.37305e-07
1.02399e-06
-1.17794e-07
1.04398e-06
-1.01979e-07
1.06373e-06
-8.88898e-08
1.08348e-06
-7.78749e-08
1.10336e-06
-6.84814e-08
1.12346e-06
-6.03856e-08
1.14384e-06
-5.33498e-08
1.16454e-06
-4.71945e-08
1.18559e-06
-4.17812e-08
1.20699e-06
-3.70007e-08
1.22877e-06
-3.27651e-08
1.25094e-06
-2.90026e-08
1.2735e-06
-2.56535e-08
1.29647e-06
-2.26675e-08
1.31985e-06
-2.00018e-08
1.34366e-06
-1.76192e-08
1.36789e-06
-1.54875e-08
1.39255e-06
-1.35781e-08
1.41765e-06
-1.18658e-08
1.44321e-06
-1.03279e-08
1.46921e-06
-8.94386e-09
1.49568e-06
-7.69508e-09
1.52261e-06
-6.5644e-09
1.55002e-06
-5.5359e-09
1.57792e-06
-4.59463e-09
1.6063e-06
-3.72637e-09
1.63519e-06
-2.91737e-09
1.66458e-06
-2.15409e-09
1.69448e-06
-1.42291e-09
1.72491e-06
-7.09807e-10
1.75588e-06
1.78738e-06
-2.06896e-07
7.82378e-07
-2.51688e-07
8.11045e-07
-2.53674e-07
8.4326e-07
-2.36907e-07
8.75037e-07
-2.13422e-07
9.04931e-07
-1.88946e-07
9.32679e-07
-1.65972e-07
9.58508e-07
-1.45396e-07
9.82806e-07
-1.27368e-07
1.00597e-06
-1.11716e-07
1.02833e-06
-9.81614e-08
1.05018e-06
-8.64095e-08
1.07173e-06
-7.61906e-08
1.09314e-06
-6.7272e-08
1.11454e-06
-5.94591e-08
1.13603e-06
-5.25904e-08
1.15767e-06
-4.65329e-08
1.17953e-06
-4.11766e-08
1.20163e-06
-3.64298e-08
1.22402e-06
-3.22157e-08
1.24672e-06
-2.8469e-08
1.26975e-06
-2.51342e-08
1.29314e-06
-2.21635e-08
1.31688e-06
-1.9515e-08
1.34101e-06
-1.71524e-08
1.36552e-06
-1.50432e-08
1.39044e-06
-1.3159e-08
1.41577e-06
-1.14741e-08
1.44152e-06
-9.96537e-09
1.4677e-06
-8.61199e-09
1.49432e-06
-7.39491e-09
1.5214e-06
-6.29666e-09
1.54892e-06
-5.30105e-09
1.57692e-06
-4.39294e-09
1.60539e-06
-3.55797e-09
1.63435e-06
-2.78233e-09
1.6638e-06
-2.05248e-09
1.69375e-06
-1.35486e-09
1.72422e-06
-6.75575e-10
1.7552e-06
1.7867e-06
-8.7997e-08
8.1678e-07
-1.13164e-07
8.36213e-07
-1.27667e-07
8.57762e-07
-1.3321e-07
8.8058e-07
-1.32249e-07
9.0397e-07
-1.27032e-07
9.27462e-07
-1.19312e-07
9.50787e-07
-1.10333e-07
9.73827e-07
-1.00925e-07
9.96559e-07
-9.16116e-08
1.01902e-06
-8.2698e-08
1.04127e-06
-7.43495e-08
1.06338e-06
-6.66399e-08
1.08543e-06
-5.95873e-08
1.10749e-06
-5.31774e-08
1.12962e-06
-4.73778e-08
1.15187e-06
-4.2147e-08
1.1743e-06
-3.74403e-08
1.19693e-06
-3.32128e-08
1.21979e-06
-2.9421e-08
1.24293e-06
-2.60239e-08
1.26636e-06
-2.29833e-08
1.2901e-06
-2.02638e-08
1.31416e-06
-1.7833e-08
1.33858e-06
-1.56613e-08
1.36335e-06
-1.37215e-08
1.3885e-06
-1.19886e-08
1.41404e-06
-1.04402e-08
1.43997e-06
-9.05527e-09
1.46632e-06
-7.81486e-09
1.49308e-06
-6.70143e-09
1.52028e-06
-5.69877e-09
1.54792e-06
-4.79183e-09
1.57601e-06
-3.96649e-09
1.60457e-06
-3.20935e-09
1.63359e-06
-2.50754e-09
1.6631e-06
-1.84847e-09
1.6931e-06
-1.21956e-09
1.72359e-06
-6.07914e-10
1.75459e-06
1.7861e-06
-4.91232e-08
8.3152e-07
-6.17803e-08
8.4887e-07
-7.14083e-08
8.6739e-07
-7.77277e-08
8.869e-07
-8.09398e-08
9.07182e-07
-8.15099e-08
9.28032e-07
-7.99997e-08
9.49277e-07
-7.69615e-08
9.70789e-07
-7.28819e-08
9.92479e-07
-6.81605e-08
1.0143e-06
-6.31082e-08
1.03621e-06
-5.79568e-08
1.05823e-06
-5.28721e-08
1.08035e-06
-4.79671e-08
1.10259e-06
-4.33148e-08
1.12497e-06
-3.89583e-08
1.14752e-06
-3.49188e-08
1.17026e-06
-3.12024e-08
1.19321e-06
-2.78046e-08
1.2164e-06
-2.47137e-08
1.23984e-06
-2.19136e-08
1.26356e-06
-1.93857e-08
1.28757e-06
-1.71099e-08
1.31189e-06
-1.50658e-08
1.33653e-06
-1.3233e-08
1.36152e-06
-1.15919e-08
1.38686e-06
-1.01239e-08
1.41257e-06
-8.81106e-09
1.43866e-06
-7.63676e-09
1.46514e-06
-6.58538e-09
1.49203e-06
-5.64236e-09
1.51934e-06
-4.79407e-09
1.54707e-06
-4.02776e-09
1.57525e-06
-3.3314e-09
1.60387e-06
-2.69357e-09
1.63296e-06
-2.10325e-09
1.66251e-06
-1.54965e-09
1.69254e-06
-1.02202e-09
1.72306e-06
-5.09323e-10
1.75407e-06
1.78559e-06
-2.9308e-08
8.38797e-07
-3.5921e-08
8.55483e-07
-4.14853e-08
8.72955e-07
-4.57592e-08
8.91174e-07
-4.86524e-08
9.10075e-07
-5.02023e-08
9.29582e-07
-5.05378e-08
9.49613e-07
-4.98408e-08
9.70092e-07
-4.83146e-08
9.90953e-07
-4.61613e-08
1.01214e-06
-4.35664e-08
1.03362e-06
-4.06908e-08
1.05535e-06
-3.76679e-08
1.07732e-06
-3.46039e-08
1.09952e-06
-3.15799e-08
1.12195e-06
-2.86553e-08
1.14459e-06
-2.58714e-08
1.16747e-06
-2.32548e-08
1.19059e-06
-2.08205e-08
1.21396e-06
-1.85748e-08
1.23759e-06
-1.65172e-08
1.2615e-06
-1.4643e-08
1.28569e-06
-1.29436e-08
1.31019e-06
-1.14089e-08
1.335e-06
-1.00273e-08
1.36014e-06
-8.78639e-09
1.38562e-06
-7.67394e-09
1.41146e-06
-6.67775e-09
1.43766e-06
-5.78598e-09
1.46425e-06
-4.98735e-09
1.49123e-06
-4.2711e-09
1.51862e-06
-3.62709e-09
1.54643e-06
-3.0457e-09
1.57467e-06
-2.51784e-09
1.60334e-06
-2.03481e-09
1.63247e-06
-1.58819e-09
1.66206e-06
-1.16975e-09
1.69212e-06
-7.71266e-10
1.72266e-06
-3.84298e-10
1.75369e-06
1.7852e-06
-1.59469e-08
8.42307e-07
-1.92122e-08
8.58748e-07
-2.20797e-08
8.75822e-07
-2.44314e-08
8.93525e-07
-2.61943e-08
9.11838e-07
-2.73424e-08
9.3073e-07
-2.78919e-08
9.50162e-07
-2.78917e-08
9.70092e-07
-2.74132e-08
9.90475e-07
-2.65396e-08
1.01127e-06
-2.53576e-08
1.03244e-06
-2.39506e-08
1.05394e-06
-2.23944e-08
1.07577e-06
-2.07547e-08
1.09788e-06
-1.90861e-08
1.12028e-06
-1.74319e-08
1.14294e-06
-1.58251e-08
1.16587e-06
-1.42897e-08
1.18906e-06
-1.28418e-08
1.21251e-06
-1.14912e-08
1.23624e-06
-1.02426e-08
1.26025e-06
-9.09703e-09
1.28455e-06
-8.0524e-09
1.30914e-06
-7.10469e-09
1.33405e-06
-6.24849e-09
1.35928e-06
-5.4775e-09
1.38485e-06
-4.78498e-09
1.41076e-06
-4.16398e-09
1.43704e-06
-3.60761e-09
1.46369e-06
-3.10909e-09
1.49074e-06
-2.66194e-09
1.51818e-06
-2.25992e-09
1.54603e-06
-1.89711e-09
1.5743e-06
-1.56784e-09
1.60302e-06
-1.26669e-09
1.63217e-06
-9.88415e-10
1.66179e-06
-7.27843e-10
1.69186e-06
-4.79817e-10
1.72241e-06
-2.39053e-10
1.75345e-06
1.78496e-06
-5.08846e-09
-6.08007e-09
-6.96547e-09
-7.71034e-09
-8.29046e-09
-8.69324e-09
-8.91756e-09
-8.97232e-09
-8.87415e-09
-8.64485e-09
-8.30886e-09
-7.89115e-09
-7.4155e-09
-6.90343e-09
-6.3735e-09
-5.84102e-09
-5.31811e-09
-4.81393e-09
-4.33496e-09
-3.88548e-09
-3.46792e-09
-3.08327e-09
-2.73139e-09
-2.41135e-09
-2.12163e-09
-1.86036e-09
-1.62541e-09
-1.41456e-09
-1.22554e-09
-1.05613e-09
-9.04151e-10
-7.67509e-10
-6.44204e-10
-5.3232e-10
-4.30016e-10
-3.35505e-10
-2.47032e-10
-1.62839e-10
-8.1125e-11
)
;

boundaryField
{
    top
    {
        type            calculated;
        value           nonuniform List<scalar> 
80
(
1.71244e-06
1.6823e-06
1.6527e-06
1.62363e-06
1.59507e-06
1.56702e-06
1.53946e-06
1.51236e-06
1.48571e-06
1.4595e-06
1.43371e-06
1.40832e-06
1.38332e-06
1.3587e-06
1.33444e-06
1.31053e-06
1.28696e-06
1.26371e-06
1.24078e-06
1.21816e-06
1.19584e-06
1.17382e-06
1.15209e-06
1.13067e-06
1.10955e-06
1.08874e-06
1.06826e-06
1.04812e-06
1.02834e-06
1.00894e-06
9.89961e-07
9.71418e-07
9.53344e-07
9.35767e-07
9.18711e-07
9.02194e-07
8.86225e-07
8.70804e-07
8.55921e-07
8.41553e-07
8.43364e-07
8.5974e-07
8.76708e-07
8.9427e-07
9.12418e-07
9.31133e-07
9.50387e-07
9.70147e-07
9.90376e-07
1.01104e-06
1.0321e-06
1.05353e-06
1.07529e-06
1.09737e-06
1.11975e-06
1.14241e-06
1.16534e-06
1.18855e-06
1.21204e-06
1.23579e-06
1.25983e-06
1.28416e-06
1.30879e-06
1.33373e-06
1.35899e-06
1.38459e-06
1.41053e-06
1.43683e-06
1.46351e-06
1.49057e-06
1.51802e-06
1.54589e-06
1.57418e-06
1.6029e-06
1.63207e-06
1.66169e-06
1.69177e-06
1.72233e-06
1.75336e-06
1.78488e-06
)
;
    }
    inlet
    {
        type            calculated;
        value           nonuniform List<scalar> 
80
(
-1.70999e-16
-1.67961e-16
-1.65066e-16
-1.62138e-16
-1.59282e-16
-1.56459e-16
-1.53711e-16
-1.51013e-16
-1.48348e-16
-1.45735e-16
-1.43166e-16
-1.40746e-16
-7.2744e-08
-9.0702e-06
-2.12932e-06
-1.05632e-06
-6.33816e-07
-4.19372e-07
-2.95424e-07
-2.17529e-07
-1.65609e-07
-1.29534e-07
-1.03547e-07
-8.42842e-08
-6.97002e-08
-5.84219e-08
-4.9543e-08
-4.24467e-08
-3.67742e-08
-3.23343e-08
-2.87746e-08
-2.58665e-08
-2.34504e-08
-2.1409e-08
-1.96475e-08
-1.80851e-08
-1.66499e-08
-1.52952e-08
-1.40011e-08
-1.26293e-08
-4.33246e-09
-4.90607e-09
-5.45972e-09
-6.02151e-09
-6.59703e-09
-7.20476e-09
-7.87351e-09
-8.63567e-09
-9.52628e-09
-1.05868e-08
-1.18703e-08
-1.345e-08
-1.54306e-08
-1.795e-08
-2.11172e-08
-2.5098e-08
-3.01715e-08
-3.67433e-08
-4.54185e-08
-5.7127e-08
-7.32993e-08
-9.63071e-08
-1.3026e-07
-1.82621e-07
-2.68246e-07
-4.20469e-07
-7.25096e-07
-1.47622e-06
-4.63799e-06
-2.23513e-05
-1.69338e-12
-1.48123e-13
-1.50779e-13
-1.53483e-13
-1.56235e-13
-1.59036e-13
-1.61888e-13
-1.64791e-13
-1.67746e-13
-1.70754e-13
)
;
    }
    axis
    {
        type            calculated;
        value           uniform 0;
    }
    frontAndBack
    {
        type            empty;
        value           nonuniform 0();
    }
}


// ************************************************************************* //
