/*--------------------------------*- C++ -*----------------------------------*\
  =========                 |
  \\      /  F ield         | OpenFOAM: The Open Source CFD Toolbox
   \\    /   O peration     | Website:  https://openfoam.org
    \\  /    A nd           | Version:  7
     \\/     M anipulation  |
\*---------------------------------------------------------------------------*/
FoamFile
{
    version     2.0;
    format      ascii;
    class       surfaceScalarField;
    location    "20000";
    object      phib;
}
// * * * * * * * * * * * * * * * * * * * * * * * * * * * * * * * * * * * * * //

dimensions      [0 3 -1 0 0 0 0];

internalField   nonuniform List<scalar> 
6280
(
-5.21948e-21
-1.7101e-16
-1.054e-20
-1.67998e-16
-1.61664e-20
-1.65038e-16
-2.23468e-20
-1.6213e-16
-2.94194e-20
-1.59273e-16
-3.78884e-20
-1.56465e-16
-4.85617e-20
-1.53707e-16
-6.28134e-20
-1.50995e-16
-8.31069e-20
-1.48329e-16
-1.14069e-19
-1.45705e-16
-1.64866e-19
-1.43118e-16
-2.56758e-10
-1.40558e-16
-1.78168e-05
-1.3793e-16
-2.16198e-05
-1.22524e-16
-2.23517e-05
-1.09128e-16
-2.27512e-05
-9.70153e-17
-2.30232e-05
-8.5857e-17
-2.32264e-05
-7.54844e-17
-2.33864e-05
-6.57913e-17
-2.35168e-05
-5.67034e-17
-2.36254e-05
-4.81646e-17
-2.37177e-05
-4.01298e-17
-2.37971e-05
-3.25617e-17
-2.38664e-05
-2.54293e-17
-2.39274e-05
-1.87052e-17
-2.39815e-05
-1.23661e-17
-2.403e-05
-6.39236e-18
-2.40736e-05
-4.19685e-11
-2.37931e-05
-3.18276e-07
-2.33665e-05
-4.59706e-07
-2.29333e-05
-4.6262e-07
-2.2485e-05
-4.74653e-07
-2.19737e-05
-5.35205e-07
-2.13194e-05
-6.76061e-07
-2.03994e-05
-9.40011e-07
-1.90241e-05
-1.39362e-06
-1.68981e-05
-2.14285e-06
-1.3556e-05
-3.3575e-06
-8.25338e-06
-5.31662e-06
-7.07959e-06
-1.18649e-06
-4.80605e-21
-1.71006e-16
-9.65337e-21
-1.67993e-16
-1.46643e-20
-1.65033e-16
-1.99612e-20
-1.62125e-16
-2.56636e-20
-1.59267e-16
-3.18673e-20
-1.56459e-16
-3.85769e-20
-1.537e-16
-4.55266e-20
-1.50988e-16
-5.17213e-20
-1.48323e-16
-5.43041e-20
-1.45703e-16
-4.57969e-20
-1.43127e-16
-7.45084e-21
-1.40596e-16
6.59129e-20
-1.38118e-16
5.085e-20
-1.35701e-16
3.46641e-20
-1.33321e-16
2.22635e-20
-1.30978e-16
1.21198e-20
-1.28674e-16
3.15193e-21
-1.26408e-16
-5.39773e-21
-1.24182e-16
-1.41557e-20
-1.21995e-16
-2.37654e-20
-1.19845e-16
-3.50317e-20
-1.17732e-16
-4.91125e-20
-1.15655e-16
-6.78182e-20
-1.13613e-16
-9.41228e-20
-1.11604e-16
-1.33075e-19
-1.09625e-16
-1.48006e-11
-1.07672e-16
-1.09658e-05
-1.05722e-16
-1.56505e-05
-9.84049e-17
-1.66577e-05
-9.16189e-17
-1.74084e-05
-8.52915e-17
-1.8081e-05
-7.93007e-17
-1.87661e-05
-7.3589e-17
-1.95609e-05
-6.8112e-17
-2.0597e-05
-6.28232e-17
-2.2069e-05
-5.76646e-17
-2.42757e-05
-5.25596e-17
-2.76841e-05
-1.65504e-10
-2.17344e-05
-1.13064e-05
-2.68558e-05
-1.98209e-06
-4.12287e-21
-1.71001e-16
-8.21404e-21
-1.67989e-16
-1.23017e-20
-1.65029e-16
-1.6387e-20
-1.6212e-16
-2.04224e-20
-1.59263e-16
-2.42717e-20
-1.56455e-16
-2.76425e-20
-1.53697e-16
-2.99775e-20
-1.50986e-16
-3.0306e-20
-1.48323e-16
-2.71135e-20
-1.45706e-16
-1.84923e-20
-1.43135e-16
-3.43882e-21
-1.40611e-16
1.315e-20
-1.38135e-16
1.7183e-20
-1.35705e-16
1.52222e-20
-1.33319e-16
1.09091e-20
-1.30973e-16
5.72033e-21
-1.28668e-16
2.18392e-22
-1.26403e-16
-5.40294e-21
-1.24177e-16
-1.10773e-20
-1.21989e-16
-1.67346e-20
-1.19839e-16
-2.2184e-20
-1.17727e-16
-2.69395e-20
-1.15651e-16
-2.98966e-20
-1.1361e-16
-2.87024e-20
-1.11605e-16
-1.8522e-20
-1.09635e-16
1.0362e-20
-1.07701e-16
5.86777e-20
-1.05804e-16
4.99659e-20
-1.03948e-16
3.75344e-20
-1.02122e-16
2.77185e-20
-1.00327e-16
1.96206e-20
-9.85615e-17
1.25158e-20
-9.68265e-17
5.86223e-21
-9.51214e-17
-8.04572e-22
-9.34459e-17
-7.96709e-21
-9.17994e-17
-6.73527e-14
-9.01812e-17
-6.11998e-07
-9.3377e-17
-1.20935e-05
-5.95028e-07
-3.99293e-05
8.98054e-07
-3.35199e-21
-1.70998e-16
-6.62264e-21
-1.67985e-16
-9.77866e-21
-1.65026e-16
-1.27604e-20
-1.62117e-16
-1.54651e-20
-1.5926e-16
-1.77271e-20
-1.56453e-16
-1.92966e-20
-1.53695e-16
-1.98275e-20
-1.50986e-16
-1.88961e-20
-1.48324e-16
-1.61e-20
-1.45709e-16
-1.13098e-20
-1.4314e-16
-5.12834e-21
-1.40618e-16
6.27137e-22
-1.38141e-16
3.65332e-21
-1.35708e-16
4.18934e-21
-1.33319e-16
3.02915e-21
-1.30972e-16
8.51007e-22
-1.28666e-16
-1.86731e-21
-1.264e-16
-4.79053e-21
-1.24174e-16
-7.65005e-21
-1.21986e-16
-1.0176e-20
-1.19837e-16
-1.2038e-20
-1.17725e-16
-1.27938e-20
-1.1565e-16
-1.18617e-20
-1.13611e-16
-8.55942e-21
-1.11609e-16
-2.32975e-21
-1.09641e-16
6.5799e-21
-1.0771e-16
1.53975e-20
-1.05813e-16
1.81491e-20
-1.03951e-16
1.73319e-20
-1.02122e-16
1.48644e-20
-1.00324e-16
1.16979e-20
-9.85584e-17
8.31241e-21
-9.68231e-17
4.98427e-21
-9.51181e-17
1.93836e-21
-9.34429e-17
-5.40419e-22
-9.17969e-17
-2.09651e-21
-9.01798e-17
-8.07906e-11
-9.273e-17
-3.4982e-07
-4.38289e-07
-4.04574e-05
1.43605e-07
-2.62888e-21
-1.70995e-16
-5.1578e-21
-1.67983e-16
-7.52862e-21
-1.65023e-16
-9.66862e-21
-1.62115e-16
-1.14832e-20
-1.59258e-16
-1.2852e-20
-1.56452e-16
-1.36311e-20
-1.53694e-16
-1.36686e-20
-1.50986e-16
-1.28402e-20
-1.48324e-16
-1.11136e-20
-1.4571e-16
-8.63674e-21
-1.43143e-16
-5.81378e-21
-1.4062e-16
-3.27278e-21
-1.38143e-16
-1.59103e-21
-1.3571e-16
-9.00917e-22
-1.3332e-16
-1.06021e-21
-1.30972e-16
-1.8299e-21
-1.28665e-16
-2.9622e-21
-1.26399e-16
-4.22766e-21
-1.24173e-16
-5.41441e-21
-1.21985e-16
-6.31913e-21
-1.19836e-16
-6.74123e-21
-1.17724e-16
-6.48868e-21
-1.1565e-16
-5.40461e-21
-1.13612e-16
-3.42436e-21
-1.11611e-16
-6.6834e-22
-1.09644e-16
2.44746e-21
-1.07713e-16
5.17278e-21
-1.05816e-16
6.73199e-21
-1.03952e-16
7.12488e-21
-1.02122e-16
6.62993e-21
-1.00324e-16
5.54647e-21
-9.85573e-17
4.12441e-21
-9.68217e-17
2.55854e-21
-9.51165e-17
9.98454e-22
-9.34413e-17
-4.46186e-22
-9.17955e-17
-1.79743e-21
-9.01785e-17
-4.94935e-11
-9.36739e-17
-1.66372e-07
-4.47059e-07
-4.06919e-05
4.90197e-08
-2.02066e-21
-1.70993e-16
-3.94499e-21
-1.67981e-16
-5.71336e-21
-1.65021e-16
-7.26239e-21
-1.62114e-16
-8.52328e-21
-1.59257e-16
-9.42386e-21
-1.56451e-16
-9.89549e-21
-1.53694e-16
-9.88653e-21
-1.50986e-16
-9.38239e-21
-1.48325e-16
-8.42956e-21
-1.45711e-16
-7.15483e-21
-1.43144e-16
-5.76379e-21
-1.40622e-16
-4.50016e-21
-1.38145e-16
-3.56452e-21
-1.35711e-16
-3.04152e-21
-1.33321e-16
-2.911e-21
-1.30972e-16
-3.08795e-21
-1.28665e-16
-3.45697e-21
-1.26399e-16
-3.89392e-21
-1.24172e-16
-4.27765e-21
-1.21985e-16
-4.49726e-21
-1.19836e-16
-4.45922e-21
-1.17725e-16
-4.09748e-21
-1.15651e-16
-3.38774e-21
-1.13613e-16
-2.36431e-21
-1.11612e-16
-1.13381e-21
-1.09645e-16
1.26252e-22
-1.07714e-16
1.20107e-21
-1.05817e-16
1.91433e-21
-1.03953e-16
2.20743e-21
-1.02122e-16
2.11133e-21
-1.00324e-16
1.70111e-21
-9.85569e-17
1.06437e-21
-9.68211e-17
2.83683e-22
-9.51158e-17
-5.7234e-22
-9.34404e-17
-1.45376e-21
-9.17946e-17
-2.46621e-21
-9.01776e-17
-5.71057e-11
-9.44057e-17
-1.53948e-07
-4.71319e-07
-4.09092e-05
4.48679e-08
-1.54252e-21
-1.70992e-16
-3.00305e-21
-1.6798e-16
-4.3309e-21
-1.6502e-16
-5.47773e-21
-1.62113e-16
-6.39818e-21
-1.59256e-16
-7.05254e-21
-1.5645e-16
-7.41187e-21
-1.53694e-16
-7.46511e-21
-1.50985e-16
-7.22703e-21
-1.48325e-16
-6.74447e-21
-1.45712e-16
-6.097e-21
-1.43144e-16
-5.38795e-21
-1.40623e-16
-4.72436e-21
-1.38145e-16
-4.19109e-21
-1.35712e-16
-3.83183e-21
-1.33321e-16
-3.64781e-21
-1.30972e-16
-3.60764e-21
-1.28665e-16
-3.66002e-21
-1.26399e-16
-3.74505e-21
-1.24172e-16
-3.80313e-21
-1.21985e-16
-3.78199e-21
-1.19836e-16
-3.64278e-21
-1.17725e-16
-3.36544e-21
-1.15651e-16
-2.95335e-21
-1.13613e-16
-2.43575e-21
-1.11612e-16
-1.86621e-21
-1.09646e-16
-1.31496e-21
-1.07715e-16
-8.54469e-22
-1.05817e-16
-5.41452e-22
-1.03953e-16
-4.03979e-22
-1.02122e-16
-4.42382e-22
-1.00324e-16
-6.37354e-22
-9.85567e-17
-9.59055e-22
-9.68207e-17
-1.37452e-21
-9.51153e-17
-1.85279e-21
-9.344e-17
-2.36794e-21
-9.17941e-17
-3.09095e-21
-9.01771e-17
-6.58968e-11
-9.51317e-17
-1.52787e-07
-5.01998e-07
-4.11256e-05
4.55189e-08
-1.18177e-21
-1.70991e-16
-2.29851e-21
-1.67978e-16
-3.31091e-21
-1.65019e-16
-4.18439e-21
-1.62112e-16
-4.89003e-21
-1.59256e-16
-5.40655e-21
-1.5645e-16
-5.72294e-21
-1.53693e-16
-5.84138e-21
-1.50985e-16
-5.7795e-21
-1.48325e-16
-5.57083e-21
-1.45712e-16
-5.26223e-21
-1.43145e-16
-4.90768e-21
-1.40623e-16
-4.55929e-21
-1.38146e-16
-4.25795e-21
-1.35712e-16
-4.02704e-21
-1.33321e-16
-3.87131e-21
-1.30973e-16
-3.77993e-21
-1.28665e-16
-3.7315e-21
-1.26399e-16
-3.69958e-21
-1.24172e-16
-3.65762e-21
-1.21985e-16
-3.58325e-21
-1.19836e-16
-3.4615e-21
-1.17725e-16
-3.2872e-21
-1.15651e-16
-3.06603e-21
-1.13614e-16
-2.81409e-21
-1.11612e-16
-2.55559e-21
-1.09646e-16
-2.31876e-21
-1.07715e-16
-2.13063e-21
-1.05817e-16
-2.01193e-21
-1.03954e-16
-1.97387e-21
-1.02122e-16
-2.01774e-21
-1.00324e-16
-2.13665e-21
-9.85566e-17
-2.31825e-21
-9.68206e-17
-2.54735e-21
-9.51151e-17
-2.8083e-21
-9.34397e-17
-3.08656e-21
-9.17938e-17
-3.61884e-21
-9.01768e-17
-7.63031e-11
-9.60189e-17
-1.52116e-07
-5.40054e-07
-4.13422e-05
4.69936e-08
-9.15735e-22
-1.7099e-16
-1.78185e-21
-1.67978e-16
-2.56941e-21
-1.65018e-16
-3.25432e-21
-1.62111e-16
-3.81817e-21
-1.59255e-16
-4.24932e-21
-1.56449e-16
-4.54402e-21
-1.53693e-16
-4.70724e-21
-1.50985e-16
-4.75288e-21
-1.48325e-16
-4.70279e-21
-1.45712e-16
-4.58449e-21
-1.43145e-16
-4.42767e-21
-1.40623e-16
-4.26e-21
-1.38146e-16
-4.10342e-21
-1.35712e-16
-3.97169e-21
-1.33321e-16
-3.86994e-21
-1.30973e-16
-3.79581e-21
-1.28665e-16
-3.74165e-21
-1.26399e-16
-3.69712e-21
-1.24172e-16
-3.65169e-21
-1.21985e-16
-3.59678e-21
-1.19836e-16
-3.52734e-21
-1.17725e-16
-3.44274e-21
-1.15651e-16
-3.34692e-21
-1.13614e-16
-3.24777e-21
-1.11612e-16
-3.15578e-21
-1.09646e-16
-3.0822e-21
-1.07715e-16
-3.03703e-21
-1.05818e-16
-3.02728e-21
-1.03954e-16
-3.05585e-21
-1.02122e-16
-3.12133e-21
-1.00324e-16
-3.21839e-21
-9.85565e-17
-3.33866e-21
-9.68204e-17
-3.47183e-21
-9.5115e-17
-3.60674e-21
-9.34396e-17
-3.73244e-21
-9.17937e-17
-4.1615e-21
-9.01767e-17
-9.07164e-11
-9.72009e-17
-1.50962e-07
-5.89698e-07
-4.15594e-05
4.92597e-08
-7.21419e-22
-1.70989e-16
-1.40569e-21
-1.67977e-16
-2.03207e-21
-1.65018e-16
-2.58396e-21
-1.62111e-16
-3.04943e-21
-1.59255e-16
-3.42177e-21
-1.56449e-16
-3.69987e-21
-1.53693e-16
-3.88821e-21
-1.50985e-16
-3.99646e-21
-1.48325e-16
-4.03851e-21
-1.45712e-16
-4.03086e-21
-1.43145e-16
-3.99073e-21
-1.40623e-16
-3.93405e-21
-1.38146e-16
-3.87378e-21
-1.35712e-16
-3.81891e-21
-1.33321e-16
-3.77429e-21
-1.30973e-16
-3.74107e-21
-1.28665e-16
-3.71779e-21
-1.26399e-16
-3.70149e-21
-1.24172e-16
-3.68901e-21
-1.21985e-16
-3.67791e-21
-1.19836e-16
-3.66723e-21
-1.17725e-16
-3.65779e-21
-1.15651e-16
-3.65216e-21
-1.13614e-16
-3.65422e-21
-1.11612e-16
-3.6685e-21
-1.09646e-16
-3.69931e-21
-1.07715e-16
-3.74985e-21
-1.05817e-16
-3.82149e-21
-1.03954e-16
-3.9132e-21
-1.02122e-16
-4.0213e-21
-1.00324e-16
-4.13944e-21
-9.85563e-17
-4.25873e-21
-9.68203e-17
-4.36801e-21
-9.51149e-17
-4.45425e-21
-9.34395e-17
-4.50301e-21
-9.17936e-17
-4.93703e-21
-9.01767e-17
-1.15888e-10
-9.9062e-17
-1.49052e-07
-6.63585e-07
-4.17778e-05
5.26402e-08
-5.79457e-22
-1.70988e-16
-1.13123e-21
-1.67976e-16
-1.64069e-21
-1.65017e-16
-2.09636e-21
-1.6211e-16
-2.49036e-21
-1.59254e-16
-2.81857e-21
-1.56449e-16
-3.08069e-21
-1.53692e-16
-3.28004e-21
-1.50985e-16
-3.42307e-21
-1.48325e-16
-3.51861e-21
-1.45712e-16
-3.57689e-21
-1.43145e-16
-3.60845e-21
-1.40623e-16
-3.62315e-21
-1.38146e-16
-3.62936e-21
-1.35712e-16
-3.63347e-21
-1.33321e-16
-3.63984e-21
-1.30973e-16
-3.65101e-21
-1.28665e-16
-3.66812e-21
-1.26399e-16
-3.69155e-21
-1.24172e-16
-3.72142e-21
-1.21985e-16
-3.75806e-21
-1.19836e-16
-3.80235e-21
-1.17725e-16
-3.85581e-21
-1.15651e-16
-3.92055e-21
-1.13614e-16
-3.99905e-21
-1.11612e-16
-4.09382e-21
-1.09646e-16
-4.20696e-21
-1.07715e-16
-4.33973e-21
-1.05817e-16
-4.4921e-21
-1.03953e-16
-4.66241e-21
-1.02122e-16
-4.84695e-21
-1.00323e-16
-5.03965e-21
-9.85562e-17
-5.23157e-21
-9.68201e-17
-5.41041e-21
-9.51147e-17
-5.55976e-21
-9.34393e-17
-5.65813e-21
-9.17935e-17
-6.34985e-21
-9.01767e-17
-1.72622e-10
-1.02758e-16
-1.45834e-07
-7.9741e-07
-4.19976e-05
5.78018e-08
-4.74926e-22
-1.70988e-16
-9.29124e-22
-1.67976e-16
-1.35233e-21
-1.65017e-16
-1.73661e-21
-1.6211e-16
-2.07662e-21
-1.59254e-16
-2.36967e-21
-1.56448e-16
-2.61568e-21
-1.53692e-16
-2.81694e-21
-1.50985e-16
-2.97769e-21
-1.48325e-16
-3.10366e-21
-1.45712e-16
-3.20143e-21
-1.43145e-16
-3.27779e-21
-1.40623e-16
-3.33928e-21
-1.38146e-16
-3.39167e-21
-1.35712e-16
-3.43981e-21
-1.33321e-16
-3.48751e-21
-1.30973e-16
-3.53768e-21
-1.28665e-16
-3.59252e-21
-1.26399e-16
-3.6538e-21
-1.24172e-16
-3.72311e-21
-1.21985e-16
-3.80207e-21
-1.19836e-16
-3.89253e-21
-1.17725e-16
-3.99659e-21
-1.15651e-16
-4.11662e-21
-1.13614e-16
-4.25515e-21
-1.11612e-16
-4.41477e-21
-1.09646e-16
-4.59795e-21
-1.07715e-16
-4.80686e-21
-1.05817e-16
-5.04322e-21
-1.03953e-16
-5.30811e-21
-1.02122e-16
-5.60169e-21
-1.00323e-16
-5.92296e-21
-9.85558e-17
-6.26918e-21
-9.68198e-17
-6.63518e-21
-9.51143e-17
-7.012e-21
-9.3439e-17
-7.38497e-21
-9.17931e-17
-8.96835e-21
-9.01764e-17
-3.22299e-10
-1.1153e-16
-1.40301e-07
-1.07147e-06
-4.22196e-05
6.57271e-08
-3.96874e-22
-1.70988e-16
-7.78049e-22
-1.67975e-16
-1.13634e-21
-1.65016e-16
-1.46622e-21
-1.62109e-16
-1.76402e-21
-1.59254e-16
-2.02791e-21
-1.56448e-16
-2.25784e-21
-1.53692e-16
-2.45534e-21
-1.50984e-16
-2.62325e-21
-1.48325e-16
-2.76537e-21
-1.45712e-16
-2.88609e-21
-1.43145e-16
-2.99001e-21
-1.40623e-16
-3.08168e-21
-1.38146e-16
-3.16532e-21
-1.35712e-16
-3.2447e-21
-1.33321e-16
-3.32309e-21
-1.30973e-16
-3.40334e-21
-1.28665e-16
-3.48792e-21
-1.26399e-16
-3.57908e-21
-1.24172e-16
-3.679e-21
-1.21985e-16
-3.78987e-21
-1.19836e-16
-3.91404e-21
-1.17725e-16
-4.05405e-21
-1.15651e-16
-4.21267e-21
-1.13613e-16
-4.39299e-21
-1.11612e-16
-4.59839e-21
-1.09646e-16
-4.83261e-21
-1.07714e-16
-5.09988e-21
-1.05817e-16
-5.40496e-21
-1.03953e-16
-5.75346e-21
-1.02122e-16
-6.15203e-21
-1.00323e-16
-6.60883e-21
-9.85554e-17
-7.13401e-21
-9.68193e-17
-7.74037e-21
-9.51137e-17
-8.44427e-21
-9.34383e-17
-9.26669e-21
-9.17923e-17
-1.28882e-20
-9.01754e-17
-7.07571e-10
-1.32962e-16
-1.32262e-07
-1.56368e-06
-4.24439e-05
7.64284e-08
-3.37473e-22
-1.70987e-16
-6.62867e-22
-1.67975e-16
-9.71142e-22
-1.65016e-16
-1.25844e-21
-1.62109e-16
-1.5222e-21
-1.59253e-16
-1.76115e-21
-1.56448e-16
-1.97522e-21
-1.53692e-16
-2.16547e-21
-1.50984e-16
-2.33381e-21
-1.48324e-16
-2.48283e-21
-1.45711e-16
-2.61556e-21
-1.43144e-16
-2.73524e-21
-1.40623e-16
-2.84515e-21
-1.38145e-16
-2.94845e-21
-1.35712e-16
-3.04811e-21
-1.33321e-16
-3.14687e-21
-1.30972e-16
-3.24727e-21
-1.28665e-16
-3.35165e-21
-1.26399e-16
-3.46228e-21
-1.24172e-16
-3.58137e-21
-1.21984e-16
-3.71119e-21
-1.19836e-16
-3.85414e-21
-1.17724e-16
-4.01277e-21
-1.15651e-16
-4.18993e-21
-1.13613e-16
-4.38879e-21
-1.11612e-16
-4.61298e-21
-1.09646e-16
-4.86672e-21
-1.07714e-16
-5.15503e-21
-1.05817e-16
-5.484e-21
-1.03952e-16
-5.86124e-21
-1.02121e-16
-6.29641e-21
-1.00322e-16
-6.80204e-21
-9.85549e-17
-7.39467e-21
-9.68187e-17
-8.09646e-21
-9.5113e-17
-8.93757e-21
-9.34374e-17
-9.9595e-21
-9.17913e-17
-1.68477e-20
-9.01741e-17
-1.42226e-09
-1.74357e-16
-1.26112e-07
-2.16098e-06
-4.26715e-05
8.60327e-08
-2.91212e-22
-1.70987e-16
-5.72958e-22
-1.67975e-16
-8.41692e-22
-1.65016e-16
-1.0947e-21
-1.62109e-16
-1.33018e-21
-1.59253e-16
-1.54723e-21
-1.56448e-16
-1.74579e-21
-1.53692e-16
-1.92658e-21
-1.50984e-16
-2.0909e-21
-1.48324e-16
-2.24059e-21
-1.45711e-16
-2.37776e-21
-1.43144e-16
-2.50475e-21
-1.40623e-16
-2.62395e-21
-1.38145e-16
-2.73777e-21
-1.35712e-16
-2.8485e-21
-1.33321e-16
-2.95835e-21
-1.30972e-16
-3.06942e-21
-1.28665e-16
-3.18372e-21
-1.26398e-16
-3.30319e-21
-1.24172e-16
-3.42975e-21
-1.21984e-16
-3.56534e-21
-1.19835e-16
-3.71195e-21
-1.17724e-16
-3.87167e-21
-1.1565e-16
-4.04676e-21
-1.13613e-16
-4.23966e-21
-1.11612e-16
-4.4531e-21
-1.09645e-16
-4.69014e-21
-1.07714e-16
-4.95433e-21
-1.05816e-16
-5.24976e-21
-1.03952e-16
-5.5813e-21
-1.02121e-16
-5.95472e-21
-1.00322e-16
-6.37696e-21
-9.85544e-17
-6.8563e-21
-9.68182e-17
-7.40266e-21
-9.51125e-17
-8.02768e-21
-9.34368e-17
-8.74475e-21
-9.17906e-17
-1.88472e-20
-9.01733e-17
-1.96918e-09
-2.2506e-16
-1.28962e-07
-2.61112e-06
-4.29044e-05
8.86671e-08
-2.54238e-22
-1.70987e-16
-5.00912e-22
-1.67975e-16
-7.37512e-22
-1.65016e-16
-9.62115e-22
-1.62109e-16
-1.17344e-21
-1.59253e-16
-1.37083e-21
-1.56447e-16
-1.55423e-21
-1.53691e-16
-1.72413e-21
-1.50984e-16
-1.88145e-21
-1.48324e-16
-2.02746e-21
-1.45711e-16
-2.16369e-21
-1.43144e-16
-2.29181e-21
-1.40623e-16
-2.41357e-21
-1.38145e-16
-2.53075e-21
-1.35712e-16
-2.6451e-21
-1.33321e-16
-2.7583e-21
-1.30972e-16
-2.87196e-21
-1.28665e-16
-2.98762e-21
-1.26398e-16
-3.10675e-21
-1.24172e-16
-3.23076e-21
-1.21984e-16
-3.36102e-21
-1.19835e-16
-3.49883e-21
-1.17724e-16
-3.64548e-21
-1.1565e-16
-3.80221e-21
-1.13613e-16
-3.97022e-21
-1.11611e-16
-4.15065e-21
-1.09645e-16
-4.34456e-21
-1.07714e-16
-4.55284e-21
-1.05816e-16
-4.77615e-21
-1.03952e-16
-5.01479e-21
-1.02121e-16
-5.26841e-21
-1.00322e-16
-5.53571e-21
-9.85542e-17
-5.81387e-21
-9.68179e-17
-6.09774e-21
-9.51122e-17
-6.37862e-21
-9.34365e-17
-6.64243e-21
-9.17903e-17
-1.74651e-20
-9.01731e-17
-1.80636e-09
-2.62392e-16
-1.39717e-07
-2.83913e-06
-4.31444e-05
8.51251e-08
-2.23873e-22
-1.70986e-16
-4.41583e-22
-1.67974e-16
-6.51334e-22
-1.65015e-16
-8.51749e-22
-1.62108e-16
-1.0419e-21
-1.59253e-16
-1.2213e-21
-1.56447e-16
-1.3899e-21
-1.53691e-16
-1.54802e-21
-1.50984e-16
-1.6963e-21
-1.48324e-16
-1.83562e-21
-1.45711e-16
-1.96707e-21
-1.43144e-16
-2.09184e-21
-1.40622e-16
-2.21118e-21
-1.38145e-16
-2.32637e-21
-1.35712e-16
-2.43867e-21
-1.33321e-16
-2.54928e-21
-1.30972e-16
-2.65935e-21
-1.28665e-16
-2.76992e-21
-1.26398e-16
-2.88196e-21
-1.24172e-16
-2.99632e-21
-1.21984e-16
-3.11373e-21
-1.19835e-16
-3.23481e-21
-1.17724e-16
-3.35999e-21
-1.1565e-16
-3.48953e-21
-1.13613e-16
-3.62345e-21
-1.11611e-16
-3.76148e-21
-1.09645e-16
-3.90296e-21
-1.07714e-16
-4.04673e-21
-1.05816e-16
-4.19099e-21
-1.03952e-16
-4.33307e-21
-1.02121e-16
-4.46918e-21
-1.00321e-16
-4.59407e-21
-9.85541e-17
-4.70054e-21
-9.68178e-17
-4.77894e-21
-9.51121e-17
-4.81648e-21
-9.34365e-17
-4.79649e-21
-9.17903e-17
-1.39321e-20
-9.01732e-17
-1.33552e-09
-2.79095e-16
-1.51868e-07
-2.91512e-06
-4.33925e-05
8.11046e-08
-1.98259e-22
-1.70986e-16
-3.91405e-22
-1.67974e-16
-5.78132e-22
-1.65015e-16
-7.57433e-22
-1.62108e-16
-9.2862e-22
-1.59252e-16
-1.09133e-21
-1.56447e-16
-1.24549e-21
-1.53691e-16
-1.3913e-21
-1.50984e-16
-1.52919e-21
-1.48324e-16
-1.65978e-21
-1.45711e-16
-1.7838e-21
-1.43144e-16
-1.90208e-21
-1.40622e-16
-2.01549e-21
-1.38145e-16
-2.12492e-21
-1.35711e-16
-2.2312e-21
-1.33321e-16
-2.33515e-21
-1.30972e-16
-2.43749e-21
-1.28665e-16
-2.53884e-21
-1.26398e-16
-2.63973e-21
-1.24171e-16
-2.74053e-21
-1.21984e-16
-2.84148e-21
-1.19835e-16
-2.94261e-21
-1.17724e-16
-3.04376e-21
-1.1565e-16
-3.14453e-21
-1.13613e-16
-3.24419e-21
-1.11611e-16
-3.34168e-21
-1.09645e-16
-3.43553e-21
-1.07713e-16
-3.52373e-21
-1.05816e-16
-3.6037e-21
-1.03952e-16
-3.67214e-21
-1.0212e-16
-3.72492e-21
-1.00321e-16
-3.75698e-21
-9.8554e-17
-3.7622e-21
-9.68178e-17
-3.73338e-21
-9.51121e-17
-3.66221e-21
-9.34365e-17
-3.53942e-21
-9.17905e-17
-1.0585e-20
-9.01734e-17
-9.64905e-10
-2.80839e-16
-1.62654e-07
-2.90839e-06
-4.365e-05
7.96336e-08
-1.76118e-22
-1.70986e-16
-3.47923e-22
-1.67974e-16
-5.14443e-22
-1.65015e-16
-6.74923e-22
-1.62108e-16
-8.28837e-22
-1.59252e-16
-9.75889e-22
-1.56447e-16
-1.116e-21
-1.53691e-16
-1.24927e-21
-1.50983e-16
-1.37598e-21
-1.48324e-16
-1.49652e-21
-1.45711e-16
-1.61139e-21
-1.43144e-16
-1.72114e-21
-1.40622e-16
-1.82635e-21
-1.38145e-16
-1.92758e-21
-1.35711e-16
-2.02537e-21
-1.33321e-16
-2.12022e-21
-1.30972e-16
-2.21253e-21
-1.28665e-16
-2.3026e-21
-1.26398e-16
-2.39063e-21
-1.24171e-16
-2.47668e-21
-1.21984e-16
-2.56065e-21
-1.19835e-16
-2.64226e-21
-1.17724e-16
-2.72103e-21
-1.1565e-16
-2.79626e-21
-1.13613e-16
-2.86698e-21
-1.11611e-16
-2.93195e-21
-1.09645e-16
-2.98962e-21
-1.07713e-16
-3.03808e-21
-1.05816e-16
-3.07508e-21
-1.03952e-16
-3.09798e-21
-1.0212e-16
-3.1038e-21
-1.00321e-16
-3.08923e-21
-9.8554e-17
-3.05069e-21
-9.68178e-17
-2.98451e-21
-9.51122e-17
-2.88708e-21
-9.34366e-17
-2.75521e-21
-9.17906e-17
-8.21082e-21
-9.01735e-17
-7.38096e-10
-2.738e-16
-1.72346e-07
-2.85605e-06
-4.39186e-05
8.09077e-08
-1.56571e-22
-1.70986e-16
-3.09451e-22
-1.67974e-16
-4.57897e-22
-1.65015e-16
-6.01321e-22
-1.62108e-16
-7.39304e-22
-1.59252e-16
-8.71591e-22
-1.56447e-16
-9.98082e-22
-1.53691e-16
-1.11882e-21
-1.50983e-16
-1.23395e-21
-1.48324e-16
-1.34373e-21
-1.45711e-16
-1.44845e-21
-1.43144e-16
-1.54848e-21
-1.40622e-16
-1.64416e-21
-1.38145e-16
-1.73585e-21
-1.35711e-16
-1.82387e-21
-1.3332e-16
-1.90847e-21
-1.30972e-16
-1.98986e-21
-1.28665e-16
-2.06812e-21
-1.26398e-16
-2.14328e-21
-1.24171e-16
-2.21521e-21
-1.21984e-16
-2.28365e-21
-1.19835e-16
-2.34823e-21
-1.17724e-16
-2.40839e-21
-1.1565e-16
-2.46341e-21
-1.13613e-16
-2.51242e-21
-1.11611e-16
-2.55433e-21
-1.09645e-16
-2.58791e-21
-1.07713e-16
-2.61177e-21
-1.05816e-16
-2.62434e-21
-1.03952e-16
-2.62397e-21
-1.0212e-16
-2.60897e-21
-1.00321e-16
-2.57763e-21
-9.85541e-17
-2.52839e-21
-9.68179e-17
-2.45994e-21
-9.51123e-17
-2.37136e-21
-9.34367e-17
-2.26232e-21
-9.17907e-17
-6.60217e-21
-9.01737e-17
-5.9694e-10
-2.6165e-16
-1.81723e-07
-2.7748e-06
-4.42001e-05
8.44226e-08
-1.39019e-22
-1.70986e-16
-2.74846e-22
-1.67974e-16
-4.06887e-22
-1.65015e-16
-5.34666e-22
-1.62108e-16
-6.57833e-22
-1.59252e-16
-7.76157e-22
-1.56447e-16
-8.89523e-22
-1.53691e-16
-9.97915e-22
-1.50983e-16
-1.1014e-21
-1.48323e-16
-1.20012e-21
-1.45711e-16
-1.29424e-21
-1.43144e-16
-1.38398e-21
-1.40622e-16
-1.46954e-21
-1.38145e-16
-1.55114e-21
-1.35711e-16
-1.62892e-21
-1.3332e-16
-1.70304e-21
-1.30972e-16
-1.77355e-21
-1.28665e-16
-1.84045e-21
-1.26398e-16
-1.90367e-21
-1.24171e-16
-1.96304e-21
-1.21984e-16
-2.01828e-21
-1.19835e-16
-2.06903e-21
-1.17724e-16
-2.11483e-21
-1.1565e-16
-2.15509e-21
-1.13613e-16
-2.18914e-21
-1.11611e-16
-2.21624e-21
-1.09645e-16
-2.23555e-21
-1.07713e-16
-2.24619e-21
-1.05816e-16
-2.24727e-21
-1.03952e-16
-2.23793e-21
-1.0212e-16
-2.21739e-21
-1.00321e-16
-2.18498e-21
-9.85541e-17
-2.14026e-21
-9.68179e-17
-2.08306e-21
-9.51123e-17
-2.01356e-21
-9.34368e-17
-1.93239e-21
-9.17908e-17
-5.44343e-21
-9.01738e-17
-4.97736e-10
-2.46495e-16
-1.91371e-07
-2.67162e-06
-4.4497e-05
8.98118e-08
-1.23059e-22
-1.70986e-16
-2.43333e-22
-1.67974e-16
-3.60327e-22
-1.65015e-16
-4.7364e-22
-1.62108e-16
-5.82962e-22
-1.59252e-16
-6.88077e-22
-1.56447e-16
-7.88855e-22
-1.53691e-16
-8.85241e-22
-1.50983e-16
-9.77244e-22
-1.48323e-16
-1.06492e-21
-1.4571e-16
-1.14837e-21
-1.43144e-16
-1.2277e-21
-1.40622e-16
-1.30302e-21
-1.38145e-16
-1.37446e-21
-1.35711e-16
-1.4421e-21
-1.3332e-16
-1.50599e-21
-1.30972e-16
-1.56617e-21
-1.28664e-16
-1.6226e-21
-1.26398e-16
-1.67519e-21
-1.24171e-16
-1.72381e-21
-1.21984e-16
-1.76823e-21
-1.19835e-16
-1.80821e-21
-1.17724e-16
-1.84339e-21
-1.1565e-16
-1.87342e-21
-1.13613e-16
-1.89785e-21
-1.11611e-16
-1.91624e-21
-1.09645e-16
-1.92811e-21
-1.07713e-16
-1.933e-21
-1.05816e-16
-1.93048e-21
-1.03952e-16
-1.92019e-21
-1.0212e-16
-1.90187e-21
-1.00321e-16
-1.87538e-21
-9.85541e-17
-1.84075e-21
-9.6818e-17
-1.79824e-21
-9.51124e-17
-1.74831e-21
-9.34368e-17
-1.69168e-21
-9.17908e-17
-4.53905e-21
-9.01738e-17
-4.18863e-10
-2.29431e-16
-2.01686e-07
-2.54922e-06
-4.48115e-05
9.69269e-08
-1.08419e-22
-1.70986e-16
-2.14395e-22
-1.67973e-16
-3.17496e-22
-1.65014e-16
-4.17366e-22
-1.62108e-16
-5.13722e-22
-1.59252e-16
-6.06355e-22
-1.56446e-16
-6.95123e-22
-1.5369e-16
-7.79943e-22
-1.50983e-16
-8.60784e-22
-1.48323e-16
-9.37654e-22
-1.4571e-16
-1.01059e-21
-1.43143e-16
-1.07965e-21
-1.40622e-16
-1.14491e-21
-1.38145e-16
-1.20642e-21
-1.35711e-16
-1.26424e-21
-1.3332e-16
-1.31842e-21
-1.30972e-16
-1.36898e-21
-1.28664e-16
-1.41589e-21
-1.26398e-16
-1.45912e-21
-1.24171e-16
-1.49859e-21
-1.21984e-16
-1.5342e-21
-1.19835e-16
-1.56581e-21
-1.17724e-16
-1.59324e-21
-1.1565e-16
-1.6163e-21
-1.13612e-16
-1.63479e-21
-1.11611e-16
-1.6485e-21
-1.09645e-16
-1.65721e-21
-1.07713e-16
-1.66075e-21
-1.05816e-16
-1.65898e-21
-1.03952e-16
-1.65179e-21
-1.0212e-16
-1.63917e-21
-1.00321e-16
-1.62119e-21
-9.85541e-17
-1.59803e-21
-9.6818e-17
-1.56997e-21
-9.51124e-17
-1.53742e-21
-9.34369e-17
-1.50092e-21
-9.17909e-17
-3.78828e-21
-9.01739e-17
-3.51144e-10
-2.11341e-16
-2.12967e-07
-2.40834e-06
-4.51464e-05
1.05767e-07
-9.49227e-23
-1.70985e-16
-1.87693e-22
-1.67973e-16
-2.77919e-22
-1.65014e-16
-3.65272e-22
-1.62107e-16
-4.49484e-22
-1.59252e-16
-5.30348e-22
-1.56446e-16
-6.07712e-22
-1.5369e-16
-6.81473e-22
-1.50983e-16
-7.51573e-22
-1.48323e-16
-8.1799e-22
-1.4571e-16
-8.80729e-22
-1.43143e-16
-9.39819e-22
-1.40622e-16
-9.95302e-22
-1.38145e-16
-1.04723e-21
-1.35711e-16
-1.09565e-21
-1.3332e-16
-1.14062e-21
-1.30972e-16
-1.18217e-21
-1.28664e-16
-1.22036e-21
-1.26398e-16
-1.2552e-21
-1.24171e-16
-1.28672e-21
-1.21984e-16
-1.3149e-21
-1.19835e-16
-1.33976e-21
-1.17724e-16
-1.36126e-21
-1.1565e-16
-1.3794e-21
-1.13612e-16
-1.39415e-21
-1.11611e-16
-1.40549e-21
-1.09645e-16
-1.41341e-21
-1.07713e-16
-1.41791e-21
-1.05816e-16
-1.41901e-21
-1.03952e-16
-1.41675e-21
-1.0212e-16
-1.4112e-21
-1.00321e-16
-1.40249e-21
-9.85542e-17
-1.39075e-21
-9.6818e-17
-1.37618e-21
-9.51124e-17
-1.35901e-21
-9.34369e-17
-1.33951e-21
-9.17909e-17
-3.14743e-21
-9.01739e-17
-2.91132e-10
-1.92887e-16
-2.25493e-07
-2.24889e-06
-4.55048e-05
1.16431e-07
-8.24551e-23
-1.70985e-16
-1.6301e-22
-1.67973e-16
-2.41295e-22
-1.65014e-16
-3.16996e-22
-1.62107e-16
-3.89851e-22
-1.59252e-16
-4.59652e-22
-1.56446e-16
-5.26237e-22
-1.5369e-16
-5.89489e-22
-1.50983e-16
-6.49331e-22
-1.48323e-16
-7.0572e-22
-1.4571e-16
-7.58643e-22
-1.43143e-16
-8.08113e-22
-1.40622e-16
-8.54162e-22
-1.38144e-16
-8.9684e-22
-1.35711e-16
-9.36213e-22
-1.3332e-16
-9.72357e-22
-1.30972e-16
-1.00536e-21
-1.28664e-16
-1.03531e-21
-1.26398e-16
-1.06232e-21
-1.24171e-16
-1.0865e-21
-1.21984e-16
-1.10797e-21
-1.19835e-16
-1.12685e-21
-1.17724e-16
-1.14328e-21
-1.1565e-16
-1.1574e-21
-1.13612e-16
-1.16934e-21
-1.11611e-16
-1.17927e-21
-1.09645e-16
-1.18732e-21
-1.07713e-16
-1.19365e-21
-1.05816e-16
-1.19838e-21
-1.03952e-16
-1.20165e-21
-1.0212e-16
-1.20358e-21
-1.00321e-16
-1.20425e-21
-9.85542e-17
-1.20376e-21
-9.6818e-17
-1.20215e-21
-9.51124e-17
-1.19947e-21
-9.34369e-17
-1.19571e-21
-9.17909e-17
-2.59526e-21
-9.01739e-17
-2.37604e-10
-1.74576e-16
-2.39589e-07
-2.07023e-06
-4.58903e-05
1.29115e-07
-7.09469e-23
-1.70985e-16
-1.40214e-22
-1.67973e-16
-2.07442e-22
-1.65014e-16
-2.72322e-22
-1.62107e-16
-3.34592e-22
-1.59252e-16
-3.94038e-22
-1.56446e-16
-4.50489e-22
-1.5369e-16
-5.03812e-22
-1.50983e-16
-5.53917e-22
-1.48323e-16
-6.00743e-22
-1.4571e-16
-6.44263e-22
-1.43143e-16
-6.84479e-22
-1.40622e-16
-7.21419e-22
-1.38144e-16
-7.55137e-22
-1.35711e-16
-7.85712e-22
-1.3332e-16
-8.13247e-22
-1.30972e-16
-8.37868e-22
-1.28664e-16
-8.59728e-22
-1.26398e-16
-8.79006e-22
-1.24171e-16
-8.95906e-22
-1.21984e-16
-9.10658e-22
-1.19835e-16
-9.23518e-22
-1.17724e-16
-9.34766e-22
-1.1565e-16
-9.44701e-22
-1.13612e-16
-9.53638e-22
-1.11611e-16
-9.61899e-22
-1.09645e-16
-9.69804e-22
-1.07713e-16
-9.7766e-22
-1.05816e-16
-9.85745e-22
-1.03952e-16
-9.943e-22
-1.0212e-16
-1.00351e-21
-1.00321e-16
-1.01348e-21
-9.85541e-17
-1.02426e-21
-9.6818e-17
-1.03579e-21
-9.51124e-17
-1.04794e-21
-9.34369e-17
-1.06046e-21
-9.17909e-17
-2.11628e-21
-9.01739e-17
-1.89836e-10
-1.56792e-16
-2.55711e-07
-1.87122e-06
-4.63074e-05
1.44162e-07
-6.03604e-23
-1.70985e-16
-1.19235e-22
-1.67973e-16
-1.76266e-22
-1.65014e-16
-2.31143e-22
-1.62107e-16
-2.83599e-22
-1.59252e-16
-3.3341e-22
-1.56446e-16
-3.80392e-22
-1.5369e-16
-4.24399e-22
-1.50983e-16
-4.65321e-22
-1.48323e-16
-5.03082e-22
-1.4571e-16
-5.37637e-22
-1.43143e-16
-5.68974e-22
-1.40622e-16
-5.97113e-22
-1.38144e-16
-6.22102e-22
-1.35711e-16
-6.44026e-22
-1.3332e-16
-6.63001e-22
-1.30972e-16
-6.79181e-22
-1.28664e-16
-6.92759e-22
-1.26398e-16
-7.03971e-22
-1.24171e-16
-7.13096e-22
-1.21984e-16
-7.20464e-22
-1.19835e-16
-7.26447e-22
-1.17724e-16
-7.3147e-22
-1.1565e-16
-7.35999e-22
-1.13612e-16
-7.4054e-22
-1.11611e-16
-7.45625e-22
-1.09645e-16
-7.51801e-22
-1.07713e-16
-7.59611e-22
-1.05816e-16
-7.69567e-22
-1.03952e-16
-7.82124e-22
-1.0212e-16
-7.97651e-22
-1.00321e-16
-8.16397e-22
-9.85541e-17
-8.38465e-22
-9.6818e-17
-8.63785e-22
-9.51124e-17
-8.92108e-22
-9.34369e-17
-9.23e-22
-9.17908e-17
-1.69287e-21
-9.01738e-17
-1.46872e-10
-1.3995e-16
-2.74541e-07
-1.64985e-06
-4.67617e-05
1.62148e-07
-5.06796e-23
-1.70985e-16
-1.00044e-22
-1.67973e-16
-1.47733e-22
-1.65014e-16
-1.93428e-22
-1.62107e-16
-2.36854e-22
-1.59252e-16
-2.77774e-22
-1.56446e-16
-3.15988e-22
-1.5369e-16
-3.51332e-22
-1.50983e-16
-3.83673e-22
-1.48323e-16
-4.12913e-22
-1.4571e-16
-4.38985e-22
-1.43143e-16
-4.61853e-22
-1.40622e-16
-4.81512e-22
-1.38144e-16
-4.97995e-22
-1.35711e-16
-5.11367e-22
-1.3332e-16
-5.21737e-22
-1.30971e-16
-5.29256e-22
-1.28664e-16
-5.34126e-22
-1.26398e-16
-5.36605e-22
-1.24171e-16
-5.37012e-22
-1.21984e-16
-5.35736e-22
-1.19835e-16
-5.33242e-22
-1.17724e-16
-5.30072e-22
-1.1565e-16
-5.26856e-22
-1.13612e-16
-5.24302e-22
-1.11611e-16
-5.23198e-22
-1.09645e-16
-5.24395e-22
-1.07713e-16
-5.28792e-22
-1.05816e-16
-5.37296e-22
-1.03952e-16
-5.50788e-22
-1.0212e-16
-5.70064e-22
-1.00321e-16
-5.95772e-22
-9.85541e-17
-6.2834e-22
-9.68179e-17
-6.6791e-22
-9.51123e-17
-7.14277e-22
-9.34368e-17
-7.66859e-22
-9.17908e-17
-1.30352e-21
-9.01738e-17
-1.07521e-10
-1.24359e-16
-2.97078e-07
-1.40273e-06
-4.72609e-05
1.83998e-07
-4.19034e-23
-1.70985e-16
-8.26433e-23
-1.67973e-16
-1.21852e-22
-1.65014e-16
-1.59203e-22
-1.62107e-16
-1.94409e-22
-1.59251e-16
-2.27217e-22
-1.56446e-16
-2.5741e-22
-1.5369e-16
-2.848e-22
-1.50983e-16
-3.0923e-22
-1.48323e-16
-3.30571e-22
-1.4571e-16
-3.48723e-22
-1.43143e-16
-3.63613e-22
-1.40622e-16
-3.75201e-22
-1.38144e-16
-3.83474e-22
-1.35711e-16
-3.88457e-22
-1.3332e-16
-3.90213e-22
-1.30971e-16
-3.88851e-22
-1.28664e-16
-3.84531e-22
-1.26398e-16
-3.77476e-22
-1.24171e-16
-3.67979e-22
-1.21984e-16
-3.56422e-22
-1.19835e-16
-3.43283e-22
-1.17724e-16
-3.29157e-22
-1.1565e-16
-3.14772e-22
-1.13612e-16
-3.01002e-22
-1.11611e-16
-2.88882e-22
-1.09645e-16
-2.79614e-22
-1.07713e-16
-2.74566e-22
-1.05816e-16
-2.75252e-22
-1.03952e-16
-2.83294e-22
-1.0212e-16
-3.00346e-22
-1.00321e-16
-3.27995e-22
-9.85541e-17
-3.67611e-22
-9.68179e-17
-4.20163e-22
-9.51123e-17
-4.86012e-22
-9.34367e-17
-5.64718e-22
-9.17907e-17
-9.19692e-22
-9.01737e-17
-7.09301e-11
-1.10242e-16
-3.24637e-07
-1.12457e-06
-4.78153e-05
2.1112e-07
-3.40382e-23
-1.70985e-16
-6.70479e-23
-1.67973e-16
-9.86545e-23
-1.65014e-16
-1.28522e-22
-1.62107e-16
-1.56352e-22
-1.59251e-16
-1.81874e-22
-1.56446e-16
-2.04853e-22
-1.5369e-16
-2.25075e-22
-1.50983e-16
-2.42353e-22
-1.48323e-16
-2.56525e-22
-1.4571e-16
-2.67449e-22
-1.43143e-16
-2.75004e-22
-1.40622e-16
-2.79094e-22
-1.38144e-16
-2.79644e-22
-1.35711e-16
-2.76606e-22
-1.3332e-16
-2.69961e-22
-1.30972e-16
-2.59725e-22
-1.28664e-16
-2.45956e-22
-1.26398e-16
-2.28764e-22
-1.24171e-16
-2.08323e-22
-1.21984e-16
-1.84891e-22
-1.19835e-16
-1.58827e-22
-1.17724e-16
-1.30623e-22
-1.1565e-16
-1.00936e-22
-1.13612e-16
-7.06291e-23
-1.11611e-16
-4.08203e-23
-1.09645e-16
-1.29362e-23
-1.07713e-16
1.12324e-23
-1.05816e-16
2.94806e-23
-1.03952e-16
3.91578e-23
-1.0212e-16
3.71729e-23
-1.00321e-16
2.00675e-23
-9.85541e-17
-1.58062e-23
-9.68179e-17
-7.3956e-23
-9.51122e-17
-1.5722e-22
-9.34367e-17
-2.67009e-22
-9.17906e-17
-5.00818e-22
-9.01736e-17
-3.751e-11
-9.82186e-17
-3.5877e-07
-8.07933e-07
-4.8439e-05
2.4558e-07
-2.70916e-23
-1.70985e-16
-5.32763e-23
-1.67973e-16
-7.81749e-23
-1.65014e-16
-1.01445e-22
-1.62107e-16
-1.22778e-22
-1.59251e-16
-1.41892e-22
-1.56446e-16
-1.58529e-22
-1.5369e-16
-1.72455e-22
-1.50983e-16
-1.83454e-22
-1.48323e-16
-1.91324e-22
-1.4571e-16
-1.9588e-22
-1.43143e-16
-1.96948e-22
-1.40622e-16
-1.94366e-22
-1.38144e-16
-1.8798e-22
-1.35711e-16
-1.77651e-22
-1.3332e-16
-1.63245e-22
-1.30972e-16
-1.44645e-22
-1.28664e-16
-1.21749e-22
-1.26398e-16
-9.44755e-23
-1.24171e-16
-6.27733e-23
-1.21984e-16
-2.6635e-23
-1.19835e-16
1.38848e-23
-1.17724e-16
5.86406e-23
-1.1565e-16
1.07356e-22
-1.13613e-16
1.59564e-22
-1.11611e-16
2.14532e-22
-1.09645e-16
2.71143e-22
-1.07713e-16
3.27759e-22
-1.05816e-16
3.82019e-22
-1.03952e-16
4.30611e-22
-1.0212e-16
4.68986e-22
-1.00321e-16
4.91072e-22
-9.85541e-17
4.89029e-22
-9.68179e-17
4.53181e-22
-9.51122e-17
3.72345e-22
-9.34366e-17
2.34928e-22
-9.17905e-17
3.13808e-23
-9.01734e-17
-9.97182e-12
-9.09104e-17
-4.00462e-07
-4.43984e-07
-4.9149e-05
2.89548e-07
-2.10655e-23
-1.70985e-16
-4.1335e-23
-1.67973e-16
-6.04308e-23
-1.65014e-16
-7.80095e-23
-1.62107e-16
-9.37567e-23
-1.59251e-16
-1.07382e-22
-1.56446e-16
-1.18616e-22
-1.5369e-16
-1.27205e-22
-1.50983e-16
-1.32906e-22
-1.48323e-16
-1.35489e-22
-1.4571e-16
-1.34726e-22
-1.43143e-16
-1.30393e-22
-1.40622e-16
-1.22264e-22
-1.38144e-16
-1.10111e-22
-1.35711e-16
-9.36954e-23
-1.3332e-16
-7.27662e-23
-1.30972e-16
-4.70573e-23
-1.28664e-16
-1.62808e-23
-1.26398e-16
1.98766e-23
-1.24171e-16
6.17578e-23
-1.21984e-16
1.09739e-22
-1.19835e-16
1.64232e-22
-1.17724e-16
2.25676e-22
-1.1565e-16
2.94536e-22
-1.13613e-16
3.71267e-22
-1.11611e-16
4.56275e-22
-1.09645e-16
5.49821e-22
-1.07713e-16
6.51877e-22
-1.05816e-16
7.6187e-22
-1.03952e-16
8.7827e-22
-1.02121e-16
9.9794e-22
-1.00322e-16
1.11513e-21
-9.85542e-17
1.21993e-21
-9.6818e-17
1.2961e-21
-9.51123e-17
1.31794e-21
-9.34366e-17
1.24633e-21
-9.17904e-17
1.02408e-21
-9.01731e-17
5.85562e-22
-8.93866e-17
-4.28972e-07
-4.26592e-08
-4.99262e-05
3.27373e-07
-1.59495e-23
-1.70985e-16
-3.12063e-23
-1.67973e-16
-4.5402e-23
-1.65014e-16
-5.81999e-23
-1.62107e-16
-6.92886e-23
-1.59251e-16
-7.83776e-23
-1.56446e-16
-8.51921e-23
-1.5369e-16
-8.94688e-23
-1.50983e-16
-9.09516e-23
-1.48323e-16
-8.93876e-23
-1.4571e-16
-8.45227e-23
-1.43143e-16
-7.6097e-23
-1.40622e-16
-6.38399e-23
-1.38144e-16
-4.7464e-23
-1.35711e-16
-2.66588e-23
-1.3332e-16
-1.08228e-24
-1.30972e-16
2.96491e-23
-1.28664e-16
6.59726e-23
-1.26398e-16
1.08395e-22
-1.24171e-16
1.57513e-22
-1.21984e-16
2.14037e-22
-1.19835e-16
2.78826e-22
-1.17724e-16
3.5293e-22
-1.1565e-16
4.37643e-22
-1.13613e-16
5.34575e-22
-1.11611e-16
6.45741e-22
-1.09645e-16
7.73675e-22
-1.07714e-16
9.21557e-22
-1.05816e-16
1.09336e-21
-1.03952e-16
1.29398e-21
-1.02121e-16
1.52924e-21
-1.00322e-16
1.80569e-21
-9.85545e-17
2.12979e-21
-9.68183e-17
2.50578e-21
-9.51127e-17
2.93109e-21
-9.3437e-17
3.38662e-21
-9.17909e-17
3.81756e-21
-9.01736e-17
4.13304e-21
-8.85846e-17
-5.27681e-08
-8.70232e-17
-8.54784e-17
1.03535e-08
-1.17152e-23
-1.70985e-16
-2.28359e-23
-1.67973e-16
-3.30129e-23
-1.65014e-16
-4.19256e-23
-1.62107e-16
-4.92758e-23
-1.59251e-16
-5.47826e-23
-1.56446e-16
-5.81777e-23
-1.5369e-16
-5.92006e-23
-1.50983e-16
-5.75948e-23
-1.48323e-16
-5.31032e-23
-1.4571e-16
-4.54637e-23
-1.43143e-16
-3.44044e-23
-1.40622e-16
-1.96384e-23
-1.38144e-16
-8.57091e-25
-1.35711e-16
2.22769e-23
-1.3332e-16
5.01391e-23
-1.30972e-16
8.31546e-23
-1.28664e-16
1.21813e-22
-1.26398e-16
1.66687e-22
-1.24171e-16
2.18458e-22
-1.21984e-16
2.77951e-22
-1.19835e-16
3.46178e-22
-1.17724e-16
4.24403e-22
-1.1565e-16
5.14233e-22
-1.13613e-16
6.17744e-22
-1.11611e-16
7.37672e-22
-1.09645e-16
8.77697e-22
-1.07714e-16
1.04288e-21
-1.05816e-16
1.24036e-21
-1.03952e-16
1.48044e-21
-1.02121e-16
1.77844e-21
-1.00322e-16
2.15772e-21
-9.85548e-17
2.65482e-21
-9.68188e-17
3.32827e-21
-9.51133e-17
4.2737e-21
-9.3438e-17
5.65012e-21
-9.17922e-17
7.72526e-21
-9.01756e-17
1.09541e-20
-8.85878e-17
7.63722e-21
-8.70284e-17
-8.54961e-17
-3.99399e-18
-8.31245e-24
-1.70985e-16
-1.61251e-23
-1.67973e-16
-2.31191e-23
-1.65014e-16
-2.90004e-23
-1.62107e-16
-3.34948e-23
-1.59251e-16
-3.63424e-23
-1.56446e-16
-3.72934e-23
-1.5369e-16
-3.6104e-23
-1.50983e-16
-3.25327e-23
-1.48323e-16
-2.63364e-23
-1.4571e-16
-1.7267e-23
-1.43143e-16
-5.06702e-24
-1.40622e-16
1.05343e-23
-1.38144e-16
2.98257e-23
-1.35711e-16
5.31192e-23
-1.3332e-16
8.07562e-23
-1.30972e-16
1.13115e-22
-1.28664e-16
1.50621e-22
-1.26398e-16
1.93756e-22
-1.24171e-16
2.43072e-22
-1.21984e-16
2.99211e-22
-1.19835e-16
3.62923e-22
-1.17724e-16
4.35094e-22
-1.1565e-16
5.16776e-22
-1.13613e-16
6.09221e-22
-1.11611e-16
7.13917e-22
-1.09645e-16
8.32617e-22
-1.07714e-16
9.67339e-22
-1.05816e-16
1.1203e-21
-1.03952e-16
1.29372e-21
-1.02121e-16
1.48929e-21
-1.00322e-16
1.7071e-21
-9.85551e-17
1.94334e-21
-9.6819e-17
2.18588e-21
-9.51136e-17
2.40567e-21
-9.34382e-17
2.5406e-21
-9.17924e-17
2.46548e-21
-9.01756e-17
1.93722e-21
-8.85873e-17
4.95588e-22
-8.70269e-17
-8.54939e-17
-1.68364e-18
-5.66648e-24
-1.70985e-16
-1.0926e-23
-1.67973e-16
-1.55004e-23
-1.65014e-16
-1.91334e-23
-1.62107e-16
-2.15846e-23
-1.59251e-16
-2.26263e-23
-1.56446e-16
-2.20389e-23
-1.5369e-16
-1.96079e-23
-1.50983e-16
-1.51211e-23
-1.48323e-16
-8.36576e-24
-1.4571e-16
8.73896e-25
-1.43143e-16
1.28188e-23
-1.40622e-16
2.76971e-23
-1.38144e-16
4.5746e-23
-1.35711e-16
6.72131e-23
-1.3332e-16
9.23578e-23
-1.30972e-16
1.21452e-22
-1.28664e-16
1.54779e-22
-1.26398e-16
1.92634e-22
-1.24171e-16
2.35318e-22
-1.21984e-16
2.83134e-22
-1.19835e-16
3.36375e-22
-1.17724e-16
3.95304e-22
-1.1565e-16
4.60123e-22
-1.13613e-16
5.30926e-22
-1.11612e-16
6.07614e-22
-1.09645e-16
6.89779e-22
-1.07714e-16
7.76508e-22
-1.05816e-16
8.661e-22
-1.03952e-16
9.55637e-22
-1.02121e-16
1.04037e-21
-1.00322e-16
1.11289e-21
-9.85551e-17
1.16199e-21
-9.68191e-17
1.17139e-21
-9.51136e-17
1.11858e-21
-9.34381e-17
9.74417e-22
-9.17922e-17
7.05528e-22
-9.01753e-17
2.82921e-22
-8.85868e-17
-2.95546e-22
-8.70263e-17
-8.54933e-17
-9.518e-19
-3.67847e-24
-1.70985e-16
-7.04147e-24
-1.67973e-16
-9.86178e-24
-1.65014e-16
-1.19296e-23
-1.62107e-16
-1.30483e-23
-1.59251e-16
-1.30313e-23
-1.56446e-16
-1.16991e-23
-1.5369e-16
-8.87665e-24
-1.50983e-16
-4.39176e-24
-1.48323e-16
1.92672e-24
-1.4571e-16
1.02498e-23
-1.43143e-16
2.07491e-23
-1.40622e-16
3.35964e-23
-1.38144e-16
4.89632e-23
-1.35711e-16
6.70184e-23
-1.3332e-16
8.79255e-23
-1.30972e-16
1.11837e-22
-1.28664e-16
1.38889e-22
-1.26398e-16
1.69189e-22
-1.24171e-16
2.02801e-22
-1.21984e-16
2.39729e-22
-1.19835e-16
2.7989e-22
-1.17724e-16
3.23075e-22
-1.1565e-16
3.68907e-22
-1.13613e-16
4.16773e-22
-1.11612e-16
4.65749e-22
-1.09645e-16
5.14493e-22
-1.07714e-16
5.61123e-22
-1.05817e-16
6.03066e-22
-1.03952e-16
6.36901e-22
-1.02121e-16
6.58201e-22
-1.00322e-16
6.61439e-22
-9.85551e-17
6.40003e-22
-9.6819e-17
5.86471e-22
-9.51135e-17
4.93291e-22
-9.3438e-17
3.54094e-22
-9.17921e-17
1.65828e-22
-9.01751e-17
-6.82882e-23
-8.85866e-17
-3.35568e-22
-8.70261e-17
-8.5493e-17
-6.10639e-19
-2.22734e-24
-1.70985e-16
-4.22994e-24
-1.67973e-16
-5.83947e-24
-1.65014e-16
-6.90047e-24
-1.62107e-16
-7.26739e-24
-1.59251e-16
-6.80213e-24
-1.56446e-16
-5.37213e-24
-1.5369e-16
-2.84879e-24
-1.50983e-16
8.93605e-25
-1.48323e-16
5.97849e-24
-1.4571e-16
1.25271e-23
-1.43143e-16
2.06582e-23
-1.40622e-16
3.04861e-23
-1.38144e-16
4.21192e-23
-1.35711e-16
5.56558e-23
-1.3332e-16
7.11796e-23
-1.30972e-16
8.87521e-23
-1.28664e-16
1.08404e-22
-1.26398e-16
1.30123e-22
-1.24171e-16
1.53836e-22
-1.21984e-16
1.79394e-22
-1.19835e-16
2.06542e-22
-1.17724e-16
2.34896e-22
-1.1565e-16
2.63902e-22
-1.13613e-16
2.92804e-22
-1.11612e-16
3.20596e-22
-1.09645e-16
3.45985e-22
-1.07714e-16
3.67354e-22
-1.05817e-16
3.82741e-22
-1.03953e-16
3.89845e-22
-1.02121e-16
3.86078e-22
-1.00322e-16
3.68686e-22
-9.85551e-17
3.3495e-22
-9.6819e-17
2.82517e-22
-9.51135e-17
2.09831e-22
-9.3438e-17
1.16681e-22
-9.1792e-17
4.75047e-24
-9.0175e-17
-1.21952e-22
-8.85865e-17
-2.57051e-22
-8.70259e-17
-8.54929e-17
-3.91254e-19
-1.17354e-24
-1.70985e-16
-2.21249e-24
-1.67973e-16
-3.01341e-24
-1.65014e-16
-3.4808e-24
-1.62107e-16
-3.52529e-24
-1.59251e-16
-3.06221e-24
-1.56446e-16
-2.01047e-24
-1.5369e-16
-2.91727e-25
-1.50983e-16
2.17006e-24
-1.48323e-16
5.44882e-24
-1.4571e-16
9.61605e-24
-1.43143e-16
1.474e-23
-1.40622e-16
2.08844e-23
-1.38144e-16
2.81062e-23
-1.35711e-16
3.64524e-23
-1.3332e-16
4.5956e-23
-1.30972e-16
5.66304e-23
-1.28665e-16
6.84618e-23
-1.26398e-16
8.1401e-23
-1.24171e-16
9.53516e-23
-1.21984e-16
1.10158e-22
-1.19835e-16
1.25588e-22
-1.17724e-16
1.41322e-22
-1.1565e-16
1.56928e-22
-1.13613e-16
1.71854e-22
-1.11612e-16
1.85409e-22
-1.09646e-16
1.96761e-22
-1.07714e-16
2.04935e-22
-1.05817e-16
2.08842e-22
-1.03953e-16
2.07308e-22
-1.02121e-16
1.9915e-22
-1.00322e-16
1.83269e-22
-9.85551e-17
1.58774e-22
-9.6819e-17
1.25136e-22
-9.51134e-17
8.23419e-23
-9.34379e-17
3.10382e-23
-9.17919e-17
-2.73855e-23
-9.01749e-17
-9.0808e-23
-8.85864e-17
-1.56523e-22
-8.70259e-17
-8.54928e-17
-2.20864e-19
-3.63755e-25
-6.82687e-25
-9.21914e-25
-1.04923e-24
-1.03451e-24
-8.4925e-25
-4.66167e-25
1.41008e-25
9.9768e-25
2.12839e-24
3.55666e-24
5.30463e-24
7.39249e-24
9.83763e-24
1.26534e-23
1.58476e-23
1.94202e-23
2.33609e-23
2.76458e-23
3.22334e-23
3.70608e-23
4.2038e-23
4.7044e-23
5.19212e-23
5.64724e-23
6.04588e-23
6.36006e-23
6.55831e-23
6.60669e-23
6.47059e-23
6.11722e-23
5.5188e-23
4.65629e-23
3.52328e-23
2.12941e-23
5.02731e-24
-1.30999e-23
-3.24549e-23
-5.22907e-23
-7.16038e-20
7.37227e-06
-8.56308e-06
1.3923e-05
-6.55567e-06
1.79994e-05
-4.08191e-06
2.05319e-05
-2.53866e-06
2.21103e-05
-1.58509e-06
2.31092e-05
-1.00616e-06
2.37682e-05
-6.67061e-07
2.4245e-05
-4.85622e-07
2.46506e-05
-4.15293e-07
2.50749e-05
-4.35099e-07
2.56062e-05
-5.43452e-07
2.6341e-05
-7.4859e-07
2.72994e-05
-9.74191e-07
2.73106e-05
-2.94103e-08
2.72902e-05
-8.09387e-15
2.72673e-05
-1.37e-14
2.72412e-05
-1.99601e-14
2.72114e-05
-2.65686e-14
2.71769e-05
-3.35403e-14
2.71366e-05
-4.08921e-14
2.70889e-05
-4.86426e-14
2.70315e-05
-5.68123e-14
2.69611e-05
-6.54246e-14
2.68726e-05
-7.45058e-14
2.67575e-05
-8.40868e-14
2.66001e-05
-9.42056e-14
2.63665e-05
-1.04911e-13
2.5958e-05
-1.16275e-13
2.47609e-05
-1.28413e-13
5.57805e-07
-1.41573e-13
2.42527e-15
-1.45315e-13
1.36799e-16
-1.47982e-13
9.50335e-17
-1.50666e-13
6.84198e-17
-1.53383e-13
5.00808e-17
-1.56143e-13
3.64556e-17
-1.58948e-13
2.55964e-17
-1.61801e-13
1.636e-17
-1.64704e-13
8.00937e-18
-1.67659e-13
-1.70666e-13
2.42833e-05
-3.48379e-05
3.35685e-05
-1.58585e-05
2.94637e-05
-5.93213e-10
2.68945e-05
-5.18218e-14
2.52707e-05
-5.67376e-14
2.42159e-05
-6.16701e-14
2.34876e-05
-6.66982e-14
2.29237e-05
-7.18756e-14
2.24053e-05
-7.72387e-14
2.18273e-05
-8.28111e-14
2.10651e-05
-8.86062e-14
1.98919e-05
-9.46283e-14
1.66539e-05
-1.00879e-13
7.37199e-09
-1.07324e-13
1.75903e-16
-1.09364e-13
1.17462e-16
-1.11356e-13
8.34398e-17
-1.13371e-13
5.98239e-17
-1.15415e-13
4.25046e-17
-1.17492e-13
2.90368e-17
-1.19603e-13
1.79056e-17
-1.2175e-13
8.11259e-18
-1.23934e-13
-1.07094e-18
-1.26157e-13
-1.02688e-17
-1.28419e-13
-2.01389e-17
-1.30721e-13
-3.15379e-17
-1.33064e-13
-4.57884e-17
-1.35446e-13
-6.51424e-17
-1.37869e-13
-9.29379e-17
-1.4033e-13
-2.66742e-17
-1.42825e-13
3.84795e-17
-1.45381e-13
5.49597e-17
-1.47998e-13
5.35966e-17
-1.50664e-13
4.6401e-17
-1.53376e-13
3.78309e-17
-1.56134e-13
2.93951e-17
-1.58939e-13
2.14799e-17
-1.61793e-13
1.40612e-17
-1.64697e-13
6.97289e-18
-1.67652e-13
-1.70659e-13
1.57588e-05
-4.97758e-05
3.66675e-07
-1.63568e-06
2.19165e-13
-1.15372e-13
7.4616e-18
-9.00011e-14
-5.68825e-20
-9.16162e-14
-6.99235e-18
-9.32596e-14
-1.38048e-17
-9.4932e-14
-2.09088e-17
-9.6634e-14
-2.87529e-17
-9.83659e-14
-3.79109e-17
-1.00128e-13
-4.91989e-17
-1.01921e-13
-6.37624e-17
-1.03745e-13
-8.03852e-17
-1.05599e-13
-2.93026e-17
-1.07482e-13
1.38271e-17
-1.09407e-13
2.98621e-17
-1.11372e-13
3.30177e-17
-1.13375e-13
3.02834e-17
-1.15413e-13
2.50233e-17
-1.17486e-13
1.88006e-17
-1.19596e-13
1.22927e-17
-1.21743e-13
5.74945e-18
-1.23928e-13
-7.78603e-19
-1.26151e-13
-7.31791e-18
-1.28413e-13
-1.38857e-17
-1.30715e-13
-2.0377e-17
-1.33057e-13
-2.63288e-17
-1.35441e-13
-3.03377e-17
-1.37865e-13
-2.858e-17
-1.40332e-13
-1.12258e-17
-1.42843e-13
9.42223e-18
-1.45402e-13
2.21342e-17
-1.48011e-13
2.73307e-17
-1.5067e-13
2.7545e-17
-1.53376e-13
2.49061e-17
-1.56131e-13
2.0779e-17
-1.58935e-13
1.59332e-17
-1.61788e-13
1.07595e-17
-1.64691e-13
5.42999e-18
-1.67646e-13
-1.70653e-13
1.9526e-07
-4.98802e-05
3.37459e-11
-1.49821e-06
4.68895e-19
-1.13508e-13
-1.34142e-18
-8.99994e-14
-4.15121e-18
-9.16134e-14
-7.60484e-18
-9.32562e-14
-1.14387e-17
-9.49282e-14
-1.5483e-17
-9.66299e-14
-1.95766e-17
-9.83619e-14
-2.34695e-17
-1.00124e-13
-2.66671e-17
-1.01918e-13
-2.8136e-17
-1.03744e-13
-2.57205e-17
-1.05601e-13
-1.5496e-17
-1.07492e-13
-3.68307e-18
-1.09419e-13
5.02397e-18
-1.11381e-13
9.95254e-18
-1.1338e-13
1.17402e-17
-1.15414e-13
1.12647e-17
-1.17486e-13
9.28299e-18
-1.19594e-13
6.35628e-18
-1.2174e-13
2.87622e-18
-1.23924e-13
-8.7946e-19
-1.26147e-13
-4.68571e-18
-1.28409e-13
-8.30463e-18
-1.30711e-13
-1.14075e-17
-1.33054e-13
-1.34762e-17
-1.35438e-13
-1.36958e-17
-1.37865e-13
-1.09527e-17
-1.40335e-13
-4.41955e-18
-1.42849e-13
3.59157e-18
-1.4541e-13
1.02049e-17
-1.48018e-13
1.42832e-17
-1.50674e-13
1.58701e-17
-1.53378e-13
1.54761e-17
-1.56131e-13
1.36723e-17
-1.58933e-13
1.09311e-17
-1.61785e-13
7.59501e-18
-1.64688e-13
3.89753e-18
-1.67642e-13
-1.70649e-13
8.34241e-08
-4.99405e-05
2.65319e-11
-1.4528e-06
-7.18273e-19
-1.12776e-13
-2.26893e-18
-8.99978e-14
-4.06391e-18
-9.16116e-14
-6.05325e-18
-9.32542e-14
-8.14226e-18
-9.49261e-14
-1.02046e-17
-9.66279e-14
-1.20766e-17
-9.836e-14
-1.35403e-17
-1.00123e-13
-1.43034e-17
-1.01917e-13
-1.39953e-17
-1.03744e-13
-1.22303e-17
-1.05603e-13
-8.87902e-18
-1.07496e-13
-4.80951e-18
-1.09423e-13
-1.06259e-18
-1.11385e-13
1.73999e-18
-1.13382e-13
3.38526e-18
-1.15416e-13
3.92145e-18
-1.17486e-13
3.52538e-18
-1.19594e-13
2.4182e-18
-1.21739e-13
8.23937e-19
-1.23923e-13
-1.04266e-18
-1.26145e-13
-2.97008e-18
-1.28407e-13
-4.73408e-18
-1.3071e-13
-6.07849e-18
-1.33053e-13
-6.70342e-18
-1.35438e-13
-6.28286e-18
-1.37865e-13
-4.55638e-18
-1.40337e-13
-1.55617e-18
-1.42852e-13
2.0711e-18
-1.45413e-13
5.43688e-18
-1.48021e-13
7.91419e-18
-1.50676e-13
9.2458e-18
-1.53379e-13
9.44864e-18
-1.56131e-13
8.68404e-18
-1.58933e-13
7.16183e-18
-1.61784e-13
5.08814e-18
-1.64686e-13
2.64651e-18
-1.6764e-13
-1.70647e-13
7.4949e-08
-4.99968e-05
2.83688e-11
-1.41514e-06
-4.3689e-19
-1.11745e-13
-1.61572e-18
-8.99967e-14
-2.83382e-18
-9.16104e-14
-4.0665e-18
-9.32529e-14
-5.26658e-18
-9.49249e-14
-6.36605e-18
-9.66268e-14
-7.27773e-18
-9.83591e-14
-7.89828e-18
-1.00122e-13
-8.11584e-18
-1.01917e-13
-7.82871e-18
-1.03744e-13
-6.98253e-18
-1.05604e-13
-5.62976e-18
-1.07497e-13
-3.98262e-18
-1.09424e-13
-2.32833e-18
-1.11386e-13
-9.18586e-19
-1.13384e-13
8.42259e-20
-1.15417e-13
6.13011e-19
-1.17487e-13
6.78195e-19
-1.19594e-13
3.44303e-19
-1.21739e-13
-2.89836e-19
-1.23922e-13
-1.10419e-18
-1.26144e-13
-1.96446e-18
-1.28406e-13
-2.72518e-18
-1.30709e-13
-3.23317e-18
-1.33052e-13
-3.33685e-18
-1.35438e-13
-2.90912e-18
-1.37866e-13
-1.8912e-18
-1.40338e-13
-3.53757e-19
-1.42854e-13
1.46373e-18
-1.45415e-13
3.22933e-18
-1.48023e-13
4.64473e-18
-1.50678e-13
5.51856e-18
-1.5338e-13
5.77668e-18
-1.56132e-13
5.43723e-18
-1.58932e-13
4.57679e-18
-1.61783e-13
3.3024e-18
-1.64685e-13
1.73444e-18
-1.67638e-13
-1.70645e-13
7.55595e-08
-5.00535e-05
3.25254e-11
-1.37768e-06
4.05467e-21
-1.10408e-13
-8.30051e-19
-8.99958e-14
-1.655e-18
-9.16095e-14
-2.45172e-18
-9.32521e-14
-3.19238e-18
-9.49242e-14
-3.84163e-18
-9.66261e-14
-4.3583e-18
-9.83586e-14
-4.69893e-18
-1.00122e-13
-4.82364e-18
-1.01917e-13
-4.70512e-18
-1.03744e-13
-4.34039e-18
-1.05604e-13
-3.76263e-18
-1.07498e-13
-3.04519e-18
-1.09425e-13
-2.2872e-18
-1.11387e-13
-1.58927e-18
-1.13384e-13
-1.0329e-18
-1.15418e-13
-6.68859e-19
-1.17487e-13
-5.14312e-19
-1.19594e-13
-5.55562e-19
-1.21739e-13
-7.53465e-19
-1.23922e-13
-1.04943e-18
-1.26144e-13
-1.37113e-18
-1.28406e-13
-1.63816e-18
-1.30708e-13
-1.76877e-18
-1.33052e-13
-1.68924e-18
-1.35438e-13
-1.34754e-18
-1.37866e-13
-7.30943e-19
-1.40338e-13
1.17123e-19
-1.42855e-13
1.09256e-18
-1.45416e-13
2.05224e-18
-1.48024e-13
2.85185e-18
-1.50678e-13
3.37821e-18
-1.53381e-13
3.56541e-18
-1.56132e-13
3.39579e-18
-1.58932e-13
2.8921e-18
-1.61782e-13
2.1069e-18
-1.64684e-13
1.1135e-18
-1.67637e-13
-1.70644e-13
7.7211e-08
-5.01109e-05
3.58117e-11
-1.33952e-06
4.57093e-19
-1.09122e-13
-2.14168e-19
-8.99952e-14
-7.79301e-19
-9.1609e-14
-1.31524e-18
-9.32516e-14
-1.80527e-18
-9.49237e-14
-2.2306e-18
-9.66257e-14
-2.57151e-18
-9.83582e-14
-2.80926e-18
-1.00122e-13
-2.92887e-18
-1.01917e-13
-2.9225e-18
-1.03744e-13
-2.79312e-18
-1.05604e-13
-2.55714e-18
-1.07498e-13
-2.24454e-18
-1.09425e-13
-1.89502e-18
-1.11387e-13
-1.55135e-18
-1.13385e-13
-1.25201e-18
-1.15418e-13
-1.02534e-18
-1.17488e-13
-8.85911e-19
-1.19594e-13
-8.33366e-19
-1.21739e-13
-8.53177e-19
-1.23922e-13
-9.18755e-19
-1.26144e-13
-9.94531e-19
-1.28406e-13
-1.03989e-18
-1.30708e-13
-1.01406e-18
-1.33052e-13
-8.82119e-19
-1.35438e-13
-6.22125e-19
-1.37866e-13
-2.32411e-19
-1.40339e-13
2.63021e-19
-1.42855e-13
8.14348e-19
-1.45417e-13
1.35357e-18
-1.48024e-13
1.80795e-18
-1.50679e-13
2.11403e-18
-1.53381e-13
2.22777e-18
-1.56132e-13
2.1293e-18
-1.58932e-13
1.82297e-18
-1.61782e-13
1.33463e-18
-1.64684e-13
7.07812e-19
-1.67637e-13
-1.70643e-13
7.90377e-08
-5.01682e-05
3.77487e-11
-1.30045e-06
7.72487e-19
-1.07927e-13
2.16444e-19
-8.99948e-14
-1.80696e-19
-9.16086e-14
-5.56336e-19
-9.32512e-14
-9.00414e-19
-9.49233e-14
-1.20253e-18
-9.66254e-14
-1.45258e-18
-9.8358e-14
-1.6417e-18
-1.00122e-13
-1.76344e-18
-1.01917e-13
-1.81506e-18
-1.03744e-13
-1.79871e-18
-1.05604e-13
-1.72213e-18
-1.07498e-13
-1.5985e-18
-1.09426e-13
-1.44512e-18
-1.11388e-13
-1.28113e-18
-1.13385e-13
-1.12477e-18
-1.15418e-13
-9.90715e-19
-1.17488e-13
-8.8797e-19
-1.19594e-13
-8.18719e-19
-1.21739e-13
-7.78038e-19
-1.23922e-13
-7.54553e-19
-1.26144e-13
-7.31886e-19
-1.28406e-13
-6.90836e-19
-1.30708e-13
-6.12209e-19
-1.33052e-13
-4.80154e-19
-1.35438e-13
-2.85753e-19
-1.37867e-13
-3.0288e-20
-1.40339e-13
2.72706e-19
-1.42855e-13
5.97638e-19
-1.45417e-13
9.09932e-19
-1.48025e-13
1.1715e-18
-1.50679e-13
1.34707e-18
-1.53381e-13
1.40984e-18
-1.56132e-13
1.34523e-18
-1.58932e-13
1.15261e-18
-1.61782e-13
8.4522e-19
-1.64683e-13
4.48882e-19
-1.67636e-13
-1.70643e-13
8.09241e-08
-5.02243e-05
3.85037e-11
-1.2602e-06
9.79115e-19
-1.067e-13
5.04797e-19
-8.99945e-14
2.16245e-19
-9.16083e-14
-5.78619e-20
-9.3251e-14
-3.11445e-19
-9.49231e-14
-5.38502e-19
-9.66252e-14
-7.33456e-19
-9.83578e-14
-8.91606e-19
-1.00121e-13
-1.00964e-18
-1.01917e-13
-1.08615e-18
-1.03744e-13
-1.12207e-18
-1.05604e-13
-1.12086e-18
-1.07498e-13
-1.08845e-18
-1.09426e-13
-1.03264e-18
-1.11388e-13
-9.6228e-19
-1.13385e-13
-8.86128e-19
-1.15418e-13
-8.1164e-19
-1.17488e-13
-7.43946e-19
-1.19594e-13
-6.85123e-19
-1.21739e-13
-6.33883e-19
-1.23922e-13
-5.85749e-19
-1.26144e-13
-5.33703e-19
-1.28406e-13
-4.69291e-19
-1.30709e-13
-3.84106e-19
-1.33052e-13
-2.71525e-19
-1.35438e-13
-1.28502e-19
-1.37867e-13
4.28926e-20
-1.40339e-13
2.34573e-19
-1.42856e-13
4.32556e-19
-1.45417e-13
6.18312e-19
-1.48025e-13
7.71206e-19
-1.50679e-13
8.71548e-19
-1.53381e-13
9.0362e-19
-1.56132e-13
8.58124e-19
-1.58932e-13
7.33742e-19
-1.61782e-13
5.37717e-19
-1.64683e-13
2.85557e-19
-1.67636e-13
-1.70642e-13
8.2795e-08
-5.02774e-05
3.82296e-11
-1.21833e-06
1.10444e-18
-1.05551e-13
6.91912e-19
-8.99943e-14
4.74945e-19
-9.16081e-14
2.67627e-19
-9.32507e-14
7.36013e-20
-9.49229e-14
-1.0358e-19
-9.6625e-14
-2.60654e-19
-9.83576e-14
-3.94878e-19
-1.00121e-13
-5.04261e-19
-1.01917e-13
-5.87801e-19
-1.03744e-13
-6.45652e-19
-1.05604e-13
-6.7921e-19
-1.07498e-13
-6.91047e-19
-1.09426e-13
-6.84699e-19
-1.11388e-13
-6.64288e-19
-1.13385e-13
-6.34038e-19
-1.15418e-13
-5.97736e-19
-1.17488e-13
-5.58234e-19
-1.19595e-13
-5.17061e-19
-1.21739e-13
-4.74232e-19
-1.23922e-13
-4.28273e-19
-1.26144e-13
-3.76519e-19
-1.28406e-13
-3.15644e-19
-1.30709e-13
-2.42406e-19
-1.33052e-13
-1.54518e-19
-1.35438e-13
-5.15362e-20
-1.37867e-13
6.43983e-20
-1.40339e-13
1.88138e-19
-1.42856e-13
3.11591e-19
-1.45417e-13
4.24361e-19
-1.48025e-13
5.14919e-19
-1.50679e-13
5.72139e-19
-1.53381e-13
5.86942e-19
-1.56132e-13
5.53773e-19
-1.58932e-13
4.71688e-19
-1.61782e-13
3.44937e-19
-1.64683e-13
1.82991e-19
-1.67636e-13
-1.70642e-13
8.44534e-08
-5.03243e-05
3.69212e-11
-1.17418e-06
1.16711e-18
-1.04422e-13
8.05588e-19
-8.99941e-14
6.38255e-19
-9.16079e-14
4.77438e-19
-9.32506e-14
3.25272e-19
-9.49227e-14
1.83882e-19
-9.66248e-14
5.52574e-20
-9.83575e-14
-5.88728e-20
-1.00121e-13
-1.57172e-19
-1.01917e-13
-2.3881e-19
-1.03744e-13
-3.03547e-19
-1.05604e-13
-3.51776e-19
-1.07498e-13
-3.84501e-19
-1.09426e-13
-4.03239e-19
-1.11388e-13
-4.09868e-19
-1.13385e-13
-4.06402e-19
-1.15418e-13
-3.94754e-19
-1.17488e-13
-3.76495e-19
-1.19595e-13
-3.52668e-19
-1.21739e-13
-3.23672e-19
-1.23922e-13
-2.8927e-19
-1.26144e-13
-2.48716e-19
-1.28406e-13
-2.01007e-19
-1.30709e-13
-1.45251e-19
-1.33052e-13
-8.10856e-20
-1.35438e-13
-9.12021e-21
-1.37867e-13
6.87129e-20
-1.40339e-13
1.4896e-19
-1.42856e-13
2.26689e-19
-1.45417e-13
2.95811e-19
-1.48025e-13
3.49684e-19
-1.50679e-13
3.81917e-19
-1.53381e-13
3.87274e-19
-1.56132e-13
3.6254e-19
-1.58932e-13
3.07215e-19
-1.61782e-13
2.2394e-19
-1.64683e-13
1.18593e-19
-1.67636e-13
-1.70642e-13
8.54037e-08
-5.03609e-05
3.45179e-11
-1.12713e-06
1.17707e-18
-1.03343e-13
8.64115e-19
-8.9994e-14
7.34516e-19
-9.16078e-14
6.08807e-19
-9.32505e-14
4.8832e-19
-9.49226e-14
3.74433e-19
-9.66247e-14
2.68482e-19
-9.83574e-14
1.71677e-19
-1.00121e-13
8.50306e-20
-1.01916e-13
9.28748e-21
-1.03744e-13
-5.51219e-20
-1.05604e-13
-1.08108e-19
-1.07498e-13
-1.49917e-19
-1.09425e-13
-1.81096e-19
-1.11388e-13
-2.02422e-19
-1.13385e-13
-2.14808e-19
-1.15418e-13
-2.19192e-19
-1.17488e-13
-2.16428e-19
-1.19595e-13
-2.0719e-19
-1.21739e-13
-1.91924e-19
-1.23922e-13
-1.70837e-19
-1.26144e-13
-1.43961e-19
-1.28406e-13
-1.11266e-19
-1.30709e-13
-7.28402e-20
-1.33053e-13
-2.90888e-20
-1.35438e-13
1.90563e-20
-1.37867e-13
6.99701e-20
-1.40339e-13
1.2125e-19
-1.42856e-13
1.69749e-19
-1.45417e-13
2.11758e-19
-1.48025e-13
2.43324e-19
-1.50679e-13
2.60697e-19
-1.53381e-13
2.6083e-19
-1.56132e-13
2.41881e-19
-1.58932e-13
2.03642e-19
-1.61782e-13
1.47814e-19
-1.64683e-13
7.80896e-20
-1.67636e-13
-1.70642e-13
8.5009e-08
-5.03867e-05
3.13071e-11
-1.07745e-06
1.15075e-18
-1.02292e-13
8.85702e-19
-8.99939e-14
7.87e-19
-9.16077e-14
6.89333e-19
-9.32504e-14
5.93877e-19
-9.49225e-14
5.01793e-19
-9.66246e-14
4.14186e-19
-9.83573e-14
3.32067e-19
-1.00121e-13
2.56318e-19
-1.01916e-13
1.87656e-19
-1.03744e-13
1.26611e-19
-1.05604e-13
7.35082e-20
-1.07498e-13
2.84698e-20
-1.09425e-13
-8.57371e-21
-1.11388e-13
-3.7853e-20
-1.13385e-13
-5.97188e-20
-1.15418e-13
-7.45924e-20
-1.17488e-13
-8.29151e-20
-1.19595e-13
-8.51057e-20
-1.21739e-13
-8.15335e-20
-1.23922e-13
-7.25155e-20
-1.26144e-13
-5.83421e-20
-1.28406e-13
-3.93326e-20
-1.30709e-13
-1.59159e-20
-1.33053e-13
1.12744e-20
-1.35438e-13
4.13052e-20
-1.37867e-13
7.28702e-20
-1.40339e-13
1.04259e-19
-1.42856e-13
1.3339e-19
-1.45418e-13
1.57915e-19
-1.48025e-13
1.75404e-19
-1.5068e-13
1.83594e-19
-1.53381e-13
1.80674e-19
-1.56132e-13
1.65583e-19
-1.58932e-13
1.38256e-19
-1.61782e-13
9.9802e-20
-1.64683e-13
5.25577e-20
-1.67636e-13
-1.70642e-13
8.36721e-08
-5.04078e-05
2.82919e-11
-1.02678e-06
1.12026e-18
-1.01263e-13
8.95229e-19
-8.99938e-14
8.19714e-19
-9.16076e-14
7.42913e-19
-9.32503e-14
6.66077e-19
-9.49224e-14
5.90343e-19
-9.66246e-14
5.16741e-19
-9.83572e-14
4.46197e-19
-1.00121e-13
3.79524e-19
-1.01916e-13
3.17414e-19
-1.03744e-13
2.60427e-19
-1.05604e-13
2.08988e-19
-1.07498e-13
1.63387e-19
-1.09425e-13
1.2378e-19
-1.11388e-13
9.02036e-20
-1.13385e-13
6.25931e-20
-1.15418e-13
4.08029e-20
-1.17488e-13
2.46294e-20
-1.19595e-13
1.38298e-20
-1.21739e-13
8.13485e-21
-1.23922e-13
7.25025e-21
-1.26144e-13
1.08451e-20
-1.28406e-13
1.85272e-20
-1.30709e-13
2.98065e-20
-1.33053e-13
4.40532e-20
-1.35438e-13
6.04567e-20
-1.37867e-13
7.79977e-20
-1.40339e-13
9.54427e-20
-1.42856e-13
1.11372e-19
-1.45418e-13
1.24247e-19
-1.48025e-13
1.3252e-19
-1.5068e-13
1.3478e-19
-1.53381e-13
1.29917e-19
-1.56132e-13
1.17295e-19
-1.58932e-13
9.69014e-20
-1.61782e-13
6.94523e-20
-1.64683e-13
3.64236e-20
-1.67636e-13
-1.70642e-13
8.30703e-08
-5.0432e-05
2.64174e-11
-9.76771e-07
1.11651e-18
-1.00281e-13
9.14732e-19
-8.99938e-14
8.5194e-19
-9.16075e-14
7.87366e-19
-9.32502e-14
7.22008e-19
-9.49224e-14
6.56786e-19
-9.66245e-14
5.92539e-19
-9.83571e-14
5.30032e-19
-1.00121e-13
4.69952e-19
-1.01916e-13
4.12903e-19
-1.03744e-13
3.59404e-19
-1.05604e-13
3.0988e-19
-1.07498e-13
2.64668e-19
-1.09425e-13
2.24007e-19
-1.11388e-13
1.88052e-19
-1.13385e-13
1.56872e-19
-1.15418e-13
1.30464e-19
-1.17488e-13
1.08758e-19
-1.19595e-13
9.16261e-20
-1.21739e-13
7.8888e-20
-1.23922e-13
7.03113e-20
-1.26144e-13
6.56059e-20
-1.28406e-13
6.44138e-20
-1.30709e-13
6.62934e-20
-1.33053e-13
7.07028e-20
-1.35438e-13
7.69845e-20
-1.37867e-13
8.43577e-20
-1.40339e-13
9.19244e-20
-1.42856e-13
9.86921e-20
-1.45418e-13
1.0362e-19
-1.48025e-13
1.05685e-19
-1.5068e-13
1.03971e-19
-1.53381e-13
9.77673e-20
-1.56132e-13
8.66677e-20
-1.58932e-13
7.06616e-20
-1.61782e-13
5.01943e-20
-1.64683e-13
2.61865e-20
-1.67636e-13
-1.70642e-13
8.38708e-08
-5.04617e-05
2.54771e-11
-9.27802e-07
1.13971e-18
-9.93376e-14
9.47427e-19
-8.99937e-14
8.88798e-19
-9.16075e-14
8.29264e-19
-9.32502e-14
7.69362e-19
-9.49223e-14
7.09645e-19
-9.66244e-14
6.50661e-19
-9.83571e-14
5.92941e-19
-1.00121e-13
5.3699e-19
-1.01916e-13
4.83273e-19
-1.03744e-13
4.32211e-19
-1.05604e-13
3.84172e-19
-1.07498e-13
3.39463e-19
-1.09425e-13
2.98335e-19
-1.11387e-13
2.6097e-19
-1.13385e-13
2.2749e-19
-1.15418e-13
1.97956e-19
-1.17488e-13
1.72367e-19
-1.19594e-13
1.50666e-19
-1.21739e-13
1.32739e-19
-1.23922e-13
1.18415e-19
-1.26144e-13
1.07465e-19
-1.28406e-13
9.9595e-20
-1.30709e-13
9.44432e-20
-1.33053e-13
9.15723e-20
-1.35438e-13
9.04668e-20
-1.37867e-13
9.05342e-20
-1.40339e-13
9.11141e-20
-1.42856e-13
9.14969e-20
-1.45418e-13
9.09553e-20
-1.48025e-13
8.87877e-20
-1.5068e-13
8.43714e-20
-1.53381e-13
7.72233e-20
-1.56132e-13
6.70604e-20
-1.58932e-13
5.38519e-20
-1.61782e-13
3.78556e-20
-1.64683e-13
1.96276e-20
-1.67636e-13
-1.70642e-13
8.54345e-08
-5.04952e-05
2.47278e-11
-8.79369e-07
1.16997e-18
-9.84132e-14
9.82925e-19
-8.99937e-14
9.24634e-19
-9.16074e-14
8.66402e-19
-9.32501e-14
8.08457e-19
-9.49222e-14
7.5108e-19
-9.66244e-14
6.94587e-19
-9.8357e-14
6.39313e-19
-1.00121e-13
5.85595e-19
-1.01916e-13
5.33765e-19
-1.03744e-13
4.8414e-19
-1.05604e-13
4.37008e-19
-1.07498e-13
3.92625e-19
-1.09425e-13
3.51209e-19
-1.11387e-13
3.12935e-19
-1.13385e-13
2.77931e-19
-1.15418e-13
2.46278e-19
-1.17488e-13
2.18006e-19
-1.19594e-13
1.93096e-19
-1.21739e-13
1.71477e-19
-1.23922e-13
1.53028e-19
-1.26144e-13
1.37573e-19
-1.28406e-13
1.24881e-19
-1.30709e-13
1.14666e-19
-1.33053e-13
1.06585e-19
-1.35438e-13
1.00238e-19
-1.37867e-13
9.51759e-20
-1.40339e-13
9.09048e-20
-1.42856e-13
8.69056e-20
-1.45418e-13
8.2653e-20
-1.48025e-13
7.76455e-20
-1.5068e-13
7.14383e-20
-1.53381e-13
6.36814e-20
-1.56132e-13
5.41558e-20
-1.58932e-13
4.28053e-20
-1.61782e-13
2.97571e-20
-1.64683e-13
1.53261e-20
-1.67636e-13
-1.70642e-13
8.71555e-08
-5.05299e-05
2.37483e-11
-8.3081e-07
1.19209e-18
-9.75547e-14
1.01147e-18
-8.99936e-14
9.52684e-19
-9.16074e-14
8.94486e-19
-9.325e-14
8.37004e-19
-9.49222e-14
7.80402e-19
-9.66243e-14
7.24878e-19
-9.8357e-14
6.70653e-19
-1.00121e-13
6.17962e-19
-1.01916e-13
5.67044e-19
-1.03744e-13
5.18133e-19
-1.05604e-13
4.71451e-19
-1.07498e-13
4.27205e-19
-1.09425e-13
3.85572e-19
-1.11387e-13
3.46703e-19
-1.13385e-13
3.10714e-19
-1.15418e-13
2.77683e-19
-1.17488e-13
2.4765e-19
-1.19594e-13
2.20611e-19
-1.21739e-13
1.9652e-19
-1.23922e-13
1.75287e-19
-1.26144e-13
1.56776e-19
-1.28406e-13
1.40806e-19
-1.30709e-13
1.2715e-19
-1.33053e-13
1.15539e-19
-1.35438e-13
1.05661e-19
-1.37867e-13
9.71688e-20
-1.40339e-13
8.96863e-20
-1.42856e-13
8.28218e-20
-1.45418e-13
7.61825e-20
-1.48025e-13
6.93937e-20
-1.5068e-13
6.21205e-20
-1.53381e-13
5.40921e-20
-1.56132e-13
4.51234e-20
-1.58932e-13
3.51346e-20
-1.61782e-13
2.41629e-20
-1.64683e-13
1.23639e-20
-1.67636e-13
-1.70642e-13
8.88002e-08
-5.05631e-05
2.24535e-11
-7.81574e-07
1.2012e-18
-9.67204e-14
1.02845e-18
-8.99935e-14
9.6913e-19
-9.16073e-14
9.10611e-19
-9.325e-14
8.5301e-19
-9.49221e-14
7.96466e-19
-9.66243e-14
7.41142e-19
-9.83569e-14
6.87212e-19
-1.00121e-13
6.34861e-19
-1.01916e-13
5.84279e-19
-1.03744e-13
5.3565e-19
-1.05604e-13
4.89155e-19
-1.07498e-13
4.44957e-19
-1.09425e-13
4.03204e-19
-1.11387e-13
3.6402e-19
-1.13385e-13
3.275e-19
-1.15418e-13
2.93711e-19
-1.17488e-13
2.62688e-19
-1.19594e-13
2.34428e-19
-1.21739e-13
2.08896e-19
-1.23922e-13
1.86015e-19
-1.26144e-13
1.65676e-19
-1.28406e-13
1.47729e-19
-1.30709e-13
1.31988e-19
-1.33053e-13
1.18237e-19
-1.35438e-13
1.06223e-19
-1.37867e-13
9.56722e-20
-1.40339e-13
8.6288e-20
-1.42856e-13
7.77642e-20
-1.45418e-13
6.97945e-20
-1.48025e-13
6.2086e-20
-1.5068e-13
5.43735e-20
-1.53381e-13
4.64342e-20
-1.56132e-13
3.81024e-20
-1.58932e-13
2.928e-20
-1.61782e-13
1.99437e-20
-1.64683e-13
1.01448e-20
-1.67636e-13
-1.70642e-13
9.03143e-08
-5.05928e-05
2.08779e-11
-7.31209e-07
1.196e-18
-9.59068e-14
1.03241e-18
-8.99935e-14
9.72449e-19
-9.16072e-14
9.13362e-19
-9.32499e-14
8.55291e-19
-9.49221e-14
7.9839e-19
-9.66242e-14
7.42821e-19
-9.83569e-14
6.88751e-19
-1.00121e-13
6.36352e-19
-1.01916e-13
5.85792e-19
-1.03743e-13
5.37235e-19
-1.05604e-13
4.90832e-19
-1.07497e-13
4.46724e-19
-1.09425e-13
4.05029e-19
-1.11387e-13
3.65848e-19
-1.13385e-13
3.29256e-19
-1.15418e-13
2.953e-19
-1.17488e-13
2.64e-19
-1.19594e-13
2.35345e-19
-1.21739e-13
2.09295e-19
-1.23922e-13
1.85778e-19
-1.26144e-13
1.6469e-19
-1.28406e-13
1.45898e-19
-1.30709e-13
1.29242e-19
-1.33053e-13
1.14535e-19
-1.35438e-13
1.01566e-19
-1.37867e-13
9.01047e-20
-1.40339e-13
7.99093e-20
-1.42856e-13
7.07295e-20
-1.45418e-13
6.23159e-20
-1.48025e-13
5.4429e-20
-1.50679e-13
4.68486e-20
-1.53381e-13
3.93834e-20
-1.56132e-13
3.18799e-20
-1.58932e-13
2.42287e-20
-1.61782e-13
1.63683e-20
-1.64683e-13
8.28387e-21
-1.67636e-13
-1.70642e-13
9.16931e-08
-5.0617e-05
1.90749e-11
-6.79321e-07
1.17682e-18
-9.50994e-14
1.023e-18
-8.99934e-14
9.62037e-19
-9.16072e-14
9.01999e-19
-9.32499e-14
8.43064e-19
-9.4922e-14
7.85417e-19
-9.66242e-14
7.29241e-19
-9.83568e-14
6.74718e-19
-1.00121e-13
6.22023e-19
-1.01916e-13
5.71325e-19
-1.03743e-13
5.22776e-19
-1.05604e-13
4.76515e-19
-1.07497e-13
4.32661e-19
-1.09425e-13
3.91312e-19
-1.11387e-13
3.5254e-19
-1.13385e-13
3.16396e-19
-1.15418e-13
2.82902e-19
-1.17488e-13
2.52054e-19
-1.19594e-13
2.23821e-19
-1.21739e-13
1.98146e-19
-1.23922e-13
1.74945e-19
-1.26144e-13
1.5411e-19
-1.28406e-13
1.3551e-19
-1.30709e-13
1.18991e-19
-1.33052e-13
1.04381e-19
-1.35438e-13
9.14914e-20
-1.37867e-13
8.01206e-20
-1.40339e-13
7.00587e-20
-1.42856e-13
6.1092e-20
-1.45417e-13
5.30088e-20
-1.48025e-13
4.56054e-20
-1.50679e-13
3.86925e-20
-1.53381e-13
3.21011e-20
-1.56132e-13
2.56881e-20
-1.58932e-13
1.934e-20
-1.61782e-13
1.29742e-20
-1.64683e-13
6.53747e-21
-1.67636e-13
-1.70642e-13
9.29485e-08
-5.06337e-05
1.70976e-11
-6.25546e-07
1.14397e-18
-9.42963e-14
1.00001e-18
-8.99934e-14
9.374e-19
-9.16071e-14
8.75805e-19
-9.32498e-14
8.15455e-19
-9.4922e-14
7.5658e-19
-9.66241e-14
6.99401e-19
-9.83568e-14
6.44128e-19
-1.0012e-13
5.90954e-19
-1.01916e-13
5.40051e-19
-1.03743e-13
4.91571e-19
-1.05604e-13
4.45638e-19
-1.07497e-13
4.02349e-19
-1.09425e-13
3.61773e-19
-1.11387e-13
3.23951e-19
-1.13385e-13
2.88897e-19
-1.15418e-13
2.56597e-19
-1.17488e-13
2.2701e-19
-1.19594e-13
2.00072e-19
-1.21739e-13
1.75696e-19
-1.23922e-13
1.53774e-19
-1.26144e-13
1.34178e-19
-1.28406e-13
1.16764e-19
-1.30709e-13
1.01374e-19
-1.33052e-13
8.78372e-20
-1.35438e-13
7.5973e-20
-1.37867e-13
6.55947e-20
-1.40339e-13
5.65118e-20
-1.42856e-13
4.85344e-20
-1.45417e-13
4.14761e-20
-1.48025e-13
3.51588e-20
-1.50679e-13
2.94166e-20
-1.53381e-13
2.40992e-20
-1.56132e-13
1.90752e-20
-1.58932e-13
1.4234e-20
-1.61782e-13
9.48592e-21
-1.64683e-13
4.76019e-21
-1.67636e-13
-1.70642e-13
9.41081e-08
-5.06411e-05
1.50001e-11
-5.69552e-07
1.09777e-18
-9.34972e-14
9.6299e-19
-8.99933e-14
8.9771e-19
-9.1607e-14
8.33633e-19
-9.32497e-14
7.71068e-19
-9.49219e-14
7.10314e-19
-9.6624e-14
6.51646e-19
-9.83567e-14
5.9531e-19
-1.0012e-13
5.41521e-19
-1.01916e-13
4.90456e-19
-1.03743e-13
4.42255e-19
-1.05604e-13
3.97017e-19
-1.07497e-13
3.54803e-19
-1.09425e-13
3.15639e-19
-1.11387e-13
2.79514e-19
-1.13385e-13
2.46386e-19
-1.15418e-13
2.16186e-19
-1.17487e-13
1.88821e-19
-1.19594e-13
1.64175e-19
-1.21739e-13
1.42116e-19
-1.23922e-13
1.22497e-19
-1.26144e-13
1.05159e-19
-1.28406e-13
8.9933e-20
-1.30709e-13
7.6646e-20
-1.33052e-13
6.51188e-20
-1.35438e-13
5.51706e-20
-1.37867e-13
4.66206e-20
-1.40339e-13
3.92905e-20
-1.42856e-13
3.30065e-20
-1.45417e-13
2.76019e-20
-1.48025e-13
2.29196e-20
-1.50679e-13
1.88143e-20
-1.53381e-13
1.51543e-20
-1.56132e-13
1.18235e-20
-1.58932e-13
8.72145e-21
-1.61782e-13
5.76329e-21
-1.64683e-13
2.87713e-21
-1.67636e-13
-1.70642e-13
9.52119e-08
-5.0637e-05
1.28363e-11
-5.11043e-07
1.03812e-18
-9.27287e-14
9.10857e-19
-8.99932e-14
8.41305e-19
-9.1607e-14
7.73356e-19
-9.32497e-14
7.07438e-19
-9.49218e-14
6.4394e-19
-9.6624e-14
5.83202e-19
-9.83566e-14
5.2551e-19
-1.0012e-13
4.71088e-19
-1.01916e-13
4.20099e-19
-1.03743e-13
3.72644e-19
-1.05604e-13
3.28768e-19
-1.07497e-13
2.88463e-19
-1.09425e-13
2.51675e-19
-1.11387e-13
2.18309e-19
-1.13385e-13
1.8824e-19
-1.15418e-13
1.61314e-19
-1.17487e-13
1.37361e-19
-1.19594e-13
1.16194e-19
-1.21739e-13
9.76196e-20
-1.23922e-13
8.14374e-20
-1.26144e-13
6.74467e-20
-1.28406e-13
5.54478e-20
-1.30709e-13
4.52442e-20
-1.33052e-13
3.66444e-20
-1.35438e-13
2.94635e-20
-1.37867e-13
2.3524e-20
-1.40339e-13
1.86572e-20
-1.42856e-13
1.47043e-20
-1.45417e-13
1.1517e-20
-1.48025e-13
8.95928e-21
-1.50679e-13
6.90755e-21
-1.53381e-13
5.25189e-21
-1.56132e-13
3.89626e-21
-1.58932e-13
2.75824e-21
-1.61782e-13
1.76803e-21
-1.64683e-13
8.66175e-22
-1.67636e-13
-1.70642e-13
9.63057e-08
-5.0619e-05
1.06552e-11
-4.49753e-07
9.64073e-19
-9.19658e-14
8.41073e-19
-8.99931e-14
7.64813e-19
-9.16069e-14
6.90983e-19
-9.32496e-14
6.20168e-19
-9.49218e-14
5.52869e-19
-9.66239e-14
4.89487e-19
-9.83566e-14
4.3032e-19
-1.0012e-13
3.75559e-19
-1.01916e-13
3.25299e-19
-1.03743e-13
2.79545e-19
-1.05604e-13
2.38221e-19
-1.07497e-13
2.01188e-19
-1.09425e-13
1.68255e-19
-1.11387e-13
1.39192e-19
-1.13385e-13
1.13745e-19
-1.15418e-13
9.16419e-20
-1.17487e-13
7.26051e-20
-1.19594e-13
5.63575e-20
-1.21739e-13
4.2628e-20
-1.23922e-13
3.11556e-20
-1.26144e-13
2.16923e-20
-1.28406e-13
1.40044e-20
-1.30709e-13
7.87414e-21
-1.33052e-13
3.09934e-21
-1.35438e-13
-5.06208e-22
-1.37867e-13
-3.1131e-21
-1.40339e-13
-4.87667e-21
-1.42856e-13
-5.93731e-21
-1.45417e-13
-6.42077e-21
-1.48025e-13
-6.43836e-21
-1.50679e-13
-6.08716e-21
-1.53381e-13
-5.45029e-21
-1.56132e-13
-4.5973e-21
-1.58932e-13
-3.58498e-21
-1.61782e-13
-2.45859e-21
-1.64683e-13
-1.25388e-21
-1.67636e-13
-1.70642e-13
9.74291e-08
-5.05844e-05
8.49612e-12
-3.85441e-07
8.71569e-19
-9.12056e-14
7.48122e-19
-8.99931e-14
6.61569e-19
-9.16068e-14
5.79099e-19
-9.32495e-14
5.01494e-19
-9.49217e-14
4.29348e-19
-9.66238e-14
3.63068e-19
-9.83565e-14
3.02874e-19
-1.0012e-13
2.48816e-19
-1.01916e-13
2.00799e-19
-1.03743e-13
1.58605e-19
-1.05604e-13
1.21925e-19
-1.07497e-13
9.03866e-20
-1.09425e-13
6.35736e-20
-1.11387e-13
4.10512e-20
-1.13385e-13
2.23813e-20
-1.15418e-13
7.13599e-21
-1.17487e-13
-5.09318e-21
-1.19594e-13
-1.46885e-20
-1.21739e-13
-2.20026e-20
-1.23922e-13
-2.73561e-20
-1.26144e-13
-3.10381e-20
-1.28406e-13
-3.33067e-20
-1.30709e-13
-3.43905e-20
-1.33052e-13
-3.44908e-20
-1.35438e-13
-3.37837e-20
-1.37867e-13
-3.24224e-20
-1.40339e-13
-3.05388e-20
-1.42856e-13
-2.8246e-20
-1.45417e-13
-2.56392e-20
-1.48025e-13
-2.27973e-20
-1.50679e-13
-1.97841e-20
-1.53381e-13
-1.6649e-20
-1.56132e-13
-1.3428e-20
-1.58932e-13
-1.01449e-20
-1.61782e-13
-6.81195e-21
-1.64683e-13
-3.43194e-21
-1.67636e-13
-1.70642e-13
9.85746e-08
-5.05293e-05
6.38234e-12
-3.17862e-07
7.51489e-19
-9.05117e-14
6.2049e-19
-8.99929e-14
5.18613e-19
-9.16067e-14
4.24087e-19
-9.32494e-14
3.37855e-19
-9.49216e-14
2.60484e-19
-9.66238e-14
1.92185e-19
-9.83564e-14
1.32863e-19
-1.0012e-13
8.21698e-20
-1.01916e-13
3.95727e-20
-1.03743e-13
4.41274e-21
-1.05603e-13
-2.40404e-20
-1.07497e-13
-4.6544e-20
-1.09425e-13
-6.38473e-20
-1.11387e-13
-7.66668e-20
-1.13385e-13
-8.56692e-20
-1.15418e-13
-9.14614e-20
-1.17487e-13
-9.45866e-20
-1.19594e-13
-9.55231e-20
-1.21739e-13
-9.46869e-20
-1.23922e-13
-9.24357e-20
-1.26144e-13
-8.90743e-20
-1.28406e-13
-8.48592e-20
-1.30709e-13
-8.00051e-20
-1.33052e-13
-7.46893e-20
-1.35438e-13
-6.90573e-20
-1.37867e-13
-6.32261e-20
-1.40339e-13
-5.7289e-20
-1.42856e-13
-5.13178e-20
-1.45417e-13
-4.53657e-20
-1.48025e-13
-3.94697e-20
-1.50679e-13
-3.36515e-20
-1.53381e-13
-2.79195e-20
-1.56132e-13
-2.22691e-20
-1.58932e-13
-1.66843e-20
-1.61782e-13
-1.11376e-20
-1.64683e-13
-5.59175e-21
-1.67636e-13
-1.70642e-13
9.95544e-08
-5.04483e-05
4.31932e-12
-2.46735e-07
5.839e-19
-8.98306e-14
4.34599e-19
-8.99928e-14
3.10984e-19
-9.16066e-14
2.01146e-19
-9.32493e-14
1.05919e-19
-9.49215e-14
2.53704e-20
-9.66237e-14
-4.10463e-20
-9.83564e-14
-9.43245e-20
-1.0012e-13
-1.3574e-19
-1.01916e-13
-1.66709e-19
-1.03743e-13
-1.88682e-19
-1.05603e-13
-2.03061e-19
-1.07497e-13
-2.11147e-19
-1.09425e-13
-2.14116e-19
-1.11387e-13
-2.12999e-19
-1.13385e-13
-2.08685e-19
-1.15418e-13
-2.01929e-19
-1.17487e-13
-1.9336e-19
-1.19594e-13
-1.83497e-19
-1.21739e-13
-1.72761e-19
-1.23922e-13
-1.61491e-19
-1.26144e-13
-1.49955e-19
-1.28406e-13
-1.38362e-19
-1.30709e-13
-1.26871e-19
-1.33052e-13
-1.156e-19
-1.35438e-13
-1.04636e-19
-1.37867e-13
-9.40342e-20
-1.40339e-13
-8.38295e-20
-1.42856e-13
-7.40364e-20
-1.45417e-13
-6.46532e-20
-1.48025e-13
-5.56639e-20
-1.50679e-13
-4.70403e-20
-1.53381e-13
-3.87425e-20
-1.56132e-13
-3.07198e-20
-1.58932e-13
-2.29111e-20
-1.61782e-13
-1.52448e-20
-1.64683e-13
-7.6388e-21
-1.67636e-13
-1.70642e-13
9.97586e-08
-5.03331e-05
2.32326e-12
-1.71765e-07
3.24953e-19
-8.92012e-14
1.42603e-19
-8.99926e-14
-9.34026e-21
-9.16064e-14
-1.34535e-19
-9.32492e-14
-2.33555e-19
-9.49214e-14
-3.08393e-19
-9.66236e-14
-3.61863e-19
-9.83563e-14
-3.97125e-19
-1.0012e-13
-4.17342e-19
-1.01916e-13
-4.25468e-19
-1.03743e-13
-4.24133e-19
-1.05603e-13
-4.15596e-19
-1.07497e-13
-4.01741e-19
-1.09425e-13
-3.84111e-19
-1.11387e-13
-3.63939e-19
-1.13385e-13
-3.42198e-19
-1.15418e-13
-3.19643e-19
-1.17487e-13
-2.9685e-19
-1.19594e-13
-2.74247e-19
-1.21739e-13
-2.52152e-19
-1.23922e-13
-2.30785e-19
-1.26144e-13
-2.103e-19
-1.28406e-13
-1.90791e-19
-1.30709e-13
-1.7231e-19
-1.33052e-13
-1.54874e-19
-1.35438e-13
-1.38474e-19
-1.37867e-13
-1.2308e-19
-1.40339e-13
-1.08647e-19
-1.42856e-13
-9.5118e-20
-1.45418e-13
-8.24232e-20
-1.48025e-13
-7.04861e-20
-1.5068e-13
-5.92216e-20
-1.53381e-13
-4.85372e-20
-1.56132e-13
-3.83327e-20
-1.58932e-13
-2.84998e-20
-1.61782e-13
-1.89209e-20
-1.64683e-13
-9.46783e-21
-1.67636e-13
-1.70642e-13
9.79319e-08
-5.01716e-05
5.26878e-13
-9.33029e-08
-1.17732e-19
-8.87275e-14
-3.56974e-19
-8.99924e-14
-5.37331e-19
-9.16063e-14
-6.63475e-19
-9.32491e-14
-7.43377e-19
-9.49213e-14
-7.85983e-19
-9.66236e-14
-7.99836e-19
-9.83563e-14
-7.92402e-19
-1.0012e-13
-7.69835e-19
-1.01916e-13
-7.37006e-19
-1.03743e-13
-6.97649e-19
-1.05604e-13
-6.54554e-19
-1.07497e-13
-6.09757e-19
-1.09425e-13
-5.64711e-19
-1.11387e-13
-5.2043e-19
-1.13385e-13
-4.77595e-19
-1.15418e-13
-4.36649e-19
-1.17487e-13
-3.97858e-19
-1.19594e-13
-3.6136e-19
-1.21739e-13
-3.27206e-19
-1.23922e-13
-2.95381e-19
-1.26144e-13
-2.65827e-19
-1.28406e-13
-2.38454e-19
-1.30709e-13
-2.13153e-19
-1.33053e-13
-1.898e-19
-1.35438e-13
-1.68265e-19
-1.37867e-13
-1.48411e-19
-1.40339e-13
-1.30099e-19
-1.42856e-13
-1.13187e-19
-1.45418e-13
-9.75346e-20
-1.48025e-13
-8.29992e-20
-1.5068e-13
-6.94372e-20
-1.53381e-13
-5.6703e-20
-1.56132e-13
-4.46475e-20
-1.58932e-13
-3.31164e-20
-1.61782e-13
-2.19482e-20
-1.64683e-13
-1.09712e-20
-1.67636e-13
-1.70642e-13
8.90518e-08
-4.9963e-05
-5.59548e-19
-1.77667e-08
-1.026e-18
-8.85082e-14
-1.3178e-18
-8.99921e-14
-1.4701e-18
-9.16061e-14
-1.52224e-18
-9.3249e-14
-1.50736e-18
-9.49213e-14
-1.45051e-18
-9.66236e-14
-1.36944e-18
-9.83564e-14
-1.27616e-18
-1.0012e-13
-1.17844e-18
-1.01916e-13
-1.08117e-18
-1.03743e-13
-9.87243e-19
-1.05604e-13
-8.98265e-19
-1.07497e-13
-8.15031e-19
-1.09425e-13
-7.37822e-19
-1.11387e-13
-6.66613e-19
-1.13385e-13
-6.012e-19
-1.15418e-13
-5.4128e-19
-1.17488e-13
-4.86506e-19
-1.19594e-13
-4.36512e-19
-1.21739e-13
-3.90934e-19
-1.23922e-13
-3.49419e-19
-1.26144e-13
-3.1163e-19
-1.28406e-13
-2.77247e-19
-1.30709e-13
-2.4597e-19
-1.33053e-13
-2.17519e-19
-1.35438e-13
-1.91627e-19
-1.37867e-13
-1.68045e-19
-1.40339e-13
-1.4654e-19
-1.42856e-13
-1.26887e-19
-1.45418e-13
-1.08874e-19
-1.48025e-13
-9.22983e-20
-1.5068e-13
-7.6961e-20
-1.53382e-13
-6.26686e-20
-1.56132e-13
-4.92285e-20
-1.58932e-13
-3.64462e-20
-1.61782e-13
-2.41222e-20
-1.64683e-13
-1.20478e-20
-1.67636e-13
-1.70642e-13
2.70727e-08
-8.531e-14
-2.86429e-18
-8.68474e-14
-3.33361e-18
-8.8406e-14
-3.33535e-18
-8.99921e-14
-3.12784e-18
-9.16063e-14
-2.84315e-18
-9.32493e-14
-2.54502e-18
-9.49216e-14
-2.26196e-18
-9.66239e-14
-2.00485e-18
-9.83566e-14
-1.77614e-18
-1.0012e-13
-1.57456e-18
-1.01916e-13
-1.39741e-18
-1.03743e-13
-1.24165e-18
-1.05604e-13
-1.10442e-18
-1.07497e-13
-9.83178e-19
-1.09425e-13
-8.75741e-19
-1.11387e-13
-7.80268e-19
-1.13385e-13
-6.95212e-19
-1.15418e-13
-6.19267e-19
-1.17488e-13
-5.51332e-19
-1.19594e-13
-4.90469e-19
-1.21739e-13
-4.35872e-19
-1.23922e-13
-3.86847e-19
-1.26144e-13
-3.42785e-19
-1.28406e-13
-3.03154e-19
-1.30709e-13
-2.6748e-19
-1.33053e-13
-2.35341e-19
-1.35438e-13
-2.06355e-19
-1.37867e-13
-1.80178e-19
-1.40339e-13
-1.56495e-19
-1.42856e-13
-1.35014e-19
-1.45418e-13
-1.15466e-19
-1.48025e-13
-9.75971e-20
-1.5068e-13
-8.11673e-20
-1.53382e-13
-6.59453e-20
-1.56132e-13
-5.17052e-20
-1.58932e-13
-3.82227e-20
-1.61782e-13
-2.52704e-20
-1.64683e-13
-1.26128e-20
-1.67636e-13
-1.70642e-13
-1.57844e-17
-8.53249e-14
-1.30009e-17
-8.68534e-14
-9.2674e-18
-8.84098e-14
-6.8808e-18
-8.99945e-14
-5.30319e-18
-9.16079e-14
-4.22074e-18
-9.32504e-14
-3.4487e-18
-9.49224e-14
-2.87688e-18
-9.66245e-14
-2.43844e-18
-9.83571e-14
-2.09195e-18
-1.00121e-13
-1.81108e-18
-1.01916e-13
-1.57863e-18
-1.03744e-13
-1.38301e-18
-1.05604e-13
-1.21619e-18
-1.07498e-13
-1.07241e-18
-1.09425e-13
-9.47458e-19
-1.11387e-13
-8.38144e-19
-1.13385e-13
-7.42007e-19
-1.15418e-13
-6.57108e-19
-1.17488e-13
-5.81886e-19
-1.19594e-13
-5.15067e-19
-1.21739e-13
-4.55589e-19
-1.23922e-13
-4.02561e-19
-1.26144e-13
-3.55219e-19
-1.28406e-13
-3.12906e-19
-1.30709e-13
-2.75048e-19
-1.33053e-13
-2.41139e-19
-1.35438e-13
-2.10729e-19
-1.37867e-13
-1.83417e-19
-1.40339e-13
-1.58837e-19
-1.42856e-13
-1.3666e-19
-1.45418e-13
-1.1658e-19
-1.48025e-13
-9.8314e-20
-1.5068e-13
-8.15977e-20
-1.53382e-13
-6.6178e-20
-1.56132e-13
-5.18106e-20
-1.58932e-13
-3.82552e-20
-1.61782e-13
-2.52699e-20
-1.64683e-13
-1.26057e-20
-1.67636e-13
-1.70642e-13
-3.67435e-18
-8.53229e-14
-4.46982e-18
-8.68526e-14
-4.50509e-18
-8.84097e-14
-4.20731e-18
-8.99948e-14
-3.79024e-18
-9.16083e-14
-3.35556e-18
-9.32508e-14
-2.94756e-18
-9.49228e-14
-2.58215e-18
-9.66248e-14
-2.26197e-18
-9.83574e-14
-1.984e-18
-1.00121e-13
-1.74328e-18
-1.01916e-13
-1.53458e-18
-1.03744e-13
-1.3531e-18
-1.05604e-13
-1.19471e-18
-1.07498e-13
-1.05595e-18
-1.09425e-13
-9.33971e-19
-1.11388e-13
-8.26395e-19
-1.13385e-13
-7.31271e-19
-1.15418e-13
-6.46971e-19
-1.17488e-13
-5.72129e-19
-1.19595e-13
-5.05591e-19
-1.21739e-13
-4.46368e-19
-1.23922e-13
-3.93609e-19
-1.26144e-13
-3.46574e-19
-1.28406e-13
-3.04615e-19
-1.30709e-13
-2.67158e-19
-1.33053e-13
-2.33696e-19
-1.35439e-13
-2.03772e-19
-1.37867e-13
-1.76979e-19
-1.40339e-13
-1.52943e-19
-1.42856e-13
-1.31329e-19
-1.45418e-13
-1.11825e-19
-1.48025e-13
-9.41432e-20
-1.5068e-13
-7.80158e-20
-1.53382e-13
-6.31873e-20
-1.56132e-13
-4.94124e-20
-1.58932e-13
-3.64507e-20
-1.61782e-13
-2.40614e-20
-1.64683e-13
-1.19978e-20
-1.67636e-13
-1.70642e-13
-1.56277e-18
-8.53223e-14
-2.00973e-18
-8.68522e-14
-2.26729e-18
-8.84095e-14
-2.36573e-18
-8.99947e-14
-2.34866e-18
-9.16083e-14
-2.25601e-18
-9.32509e-14
-2.1189e-18
-9.49229e-14
-1.95944e-18
-9.6625e-14
-1.79237e-18
-9.83576e-14
-1.62696e-18
-1.00121e-13
-1.46866e-18
-1.01917e-13
-1.3204e-18
-1.03744e-13
-1.18348e-18
-1.05604e-13
-1.05823e-18
-1.07498e-13
-9.44397e-19
-1.09426e-13
-8.41398e-19
-1.11388e-13
-7.48503e-19
-1.13385e-13
-6.64916e-19
-1.15418e-13
-5.89838e-19
-1.17488e-13
-5.22499e-19
-1.19595e-13
-4.62168e-19
-1.21739e-13
-4.08168e-19
-1.23922e-13
-3.59872e-19
-1.26144e-13
-3.16703e-19
-1.28406e-13
-2.78135e-19
-1.30709e-13
-2.43684e-19
-1.33053e-13
-2.12911e-19
-1.35439e-13
-1.85411e-19
-1.37867e-13
-1.60816e-19
-1.40339e-13
-1.38787e-19
-1.42856e-13
-1.19013e-19
-1.45418e-13
-1.01206e-19
-1.48025e-13
-8.50998e-20
-1.5068e-13
-7.04422e-20
-1.53382e-13
-5.69959e-20
-1.56132e-13
-4.45323e-20
-1.58932e-13
-3.28277e-20
-1.61782e-13
-2.16586e-20
-1.64683e-13
-1.07962e-20
-1.67636e-13
-1.70642e-13
-8.72397e-19
-8.5322e-14
-1.09718e-18
-8.68519e-14
-1.26817e-18
-8.84093e-14
-1.38039e-18
-8.99946e-14
-1.43744e-18
-9.16083e-14
-1.44756e-18
-9.32509e-14
-1.42074e-18
-9.4923e-14
-1.36679e-18
-9.6625e-14
-1.29434e-18
-9.83576e-14
-1.21049e-18
-1.00121e-13
-1.12076e-18
-1.01917e-13
-1.02928e-18
-1.03744e-13
-9.38975e-19
-1.05604e-13
-8.51865e-19
-1.07498e-13
-7.69244e-19
-1.09426e-13
-6.91874e-19
-1.11388e-13
-6.20135e-19
-1.13385e-13
-5.54135e-19
-1.15418e-13
-4.93792e-19
-1.17488e-13
-4.38899e-19
-1.19595e-13
-3.89172e-19
-1.21739e-13
-3.44278e-19
-1.23922e-13
-3.03861e-19
-1.26144e-13
-2.67558e-19
-1.28406e-13
-2.35009e-19
-1.30709e-13
-2.05866e-19
-1.33053e-13
-1.79794e-19
-1.35439e-13
-1.56479e-19
-1.37867e-13
-1.35624e-19
-1.40339e-13
-1.16952e-19
-1.42856e-13
-1.00205e-19
-1.45418e-13
-8.51395e-20
-1.48025e-13
-7.15304e-20
-1.5068e-13
-5.91635e-20
-1.53382e-13
-4.7836e-20
-1.56132e-13
-3.73523e-20
-1.58932e-13
-2.75208e-20
-1.61782e-13
-1.81503e-20
-1.64683e-13
-9.04525e-21
-1.67636e-13
-1.70642e-13
-5.20491e-19
-8.53219e-14
-6.37934e-19
-8.68518e-14
-7.36753e-19
-8.84092e-14
-8.12654e-19
-8.99945e-14
-8.64034e-19
-9.16082e-14
-8.91561e-19
-9.32509e-14
-8.9752e-19
-9.4923e-14
-8.8514e-19
-9.66251e-14
-8.58036e-19
-9.83577e-14
-8.19795e-19
-1.00121e-13
-7.73711e-19
-1.01917e-13
-7.22642e-19
-1.03744e-13
-6.68958e-19
-1.05604e-13
-6.14543e-19
-1.07498e-13
-5.60838e-19
-1.09426e-13
-5.089e-19
-1.11388e-13
-4.5946e-19
-1.13385e-13
-4.12991e-19
-1.15418e-13
-3.69759e-19
-1.17488e-13
-3.29876e-19
-1.19595e-13
-2.93336e-19
-1.21739e-13
-2.60049e-19
-1.23922e-13
-2.29871e-19
-1.26144e-13
-2.02616e-19
-1.28406e-13
-1.78078e-19
-1.30709e-13
-1.56041e-19
-1.33053e-13
-1.36284e-19
-1.35439e-13
-1.18593e-19
-1.37867e-13
-1.02755e-19
-1.40339e-13
-8.8572e-20
-1.42856e-13
-7.5852e-20
-1.45418e-13
-6.44147e-20
-1.48025e-13
-5.40897e-20
-1.5068e-13
-4.47153e-20
-1.53382e-13
-3.61369e-20
-1.56132e-13
-2.82052e-20
-1.58932e-13
-2.07741e-20
-1.61782e-13
-1.36972e-20
-1.64683e-13
-6.82488e-21
-1.67636e-13
-1.70642e-13
-2.83207e-19
-8.53218e-14
-3.41196e-19
-8.68518e-14
-3.92121e-19
-8.84091e-14
-4.33885e-19
-8.99945e-14
-4.65193e-19
-9.16082e-14
-4.85583e-19
-9.32508e-14
-4.95342e-19
-9.4923e-14
-4.95339e-19
-9.66251e-14
-4.86841e-19
-9.83577e-14
-4.71326e-19
-1.00121e-13
-4.50334e-19
-1.01917e-13
-4.25346e-19
-1.03744e-13
-3.9771e-19
-1.05604e-13
-3.68591e-19
-1.07498e-13
-3.38957e-19
-1.09426e-13
-3.09579e-19
-1.11388e-13
-2.81044e-19
-1.13385e-13
-2.53776e-19
-1.15418e-13
-2.28062e-19
-1.17488e-13
-2.04076e-19
-1.19595e-13
-1.81902e-19
-1.21739e-13
-1.61557e-19
-1.23922e-13
-1.43005e-19
-1.26144e-13
-1.26175e-19
-1.28406e-13
-1.10969e-19
-1.30709e-13
-9.72769e-20
-1.33053e-13
-8.49781e-20
-1.35439e-13
-7.39497e-20
-1.37867e-13
-6.40687e-20
-1.40339e-13
-5.52155e-20
-1.42856e-13
-4.72743e-20
-1.45418e-13
-4.01348e-20
-1.48025e-13
-3.36914e-20
-1.5068e-13
-2.78439e-20
-1.53382e-13
-2.24957e-20
-1.56132e-13
-1.75536e-20
-1.58932e-13
-1.2926e-20
-1.61782e-13
-8.52124e-21
-1.64683e-13
-4.24543e-21
-1.67636e-13
-1.70642e-13
-9.03677e-20
-1.07978e-19
-1.23702e-19
-1.36931e-19
-1.47233e-19
-1.54386e-19
-1.5837e-19
-1.59343e-19
-1.57599e-19
-1.53527e-19
-1.4756e-19
-1.40142e-19
-1.31694e-19
-1.226e-19
-1.13189e-19
-1.03733e-19
-9.44462e-20
-8.54922e-20
-7.69861e-20
-6.90037e-20
-6.15881e-20
-5.47568e-20
-4.85077e-20
-4.28239e-20
-3.76788e-20
-3.30388e-20
-2.88663e-20
-2.51217e-20
-2.17649e-20
-1.87562e-20
-1.60571e-20
-1.36305e-20
-1.14406e-20
-9.45367e-21
-7.63681e-21
-5.95836e-21
-4.38713e-21
-2.89191e-21
-1.44073e-21
)
;

boundaryField
{
    top
    {
        type            calculated;
        value           nonuniform List<scalar> 
80
(
-1.70985e-16
-1.67973e-16
-1.65014e-16
-1.62107e-16
-1.59251e-16
-1.56446e-16
-1.5369e-16
-1.50983e-16
-1.48323e-16
-1.4571e-16
-1.43143e-16
-1.40622e-16
-1.38144e-16
-1.35711e-16
-1.3332e-16
-1.30972e-16
-1.28665e-16
-1.26398e-16
-1.24171e-16
-1.21984e-16
-1.19835e-16
-1.17724e-16
-1.1565e-16
-1.13613e-16
-1.11612e-16
-1.09646e-16
-1.07714e-16
-1.05817e-16
-1.03953e-16
-1.02121e-16
-1.00322e-16
-9.85551e-17
-9.6819e-17
-9.51134e-17
-9.34379e-17
-9.17919e-17
-9.01749e-17
-8.85864e-17
-8.70258e-17
-8.54928e-17
-8.53218e-14
-8.68517e-14
-8.84091e-14
-8.99944e-14
-9.16082e-14
-9.32508e-14
-9.4923e-14
-9.66251e-14
-9.83577e-14
-1.00121e-13
-1.01917e-13
-1.03744e-13
-1.05604e-13
-1.07498e-13
-1.09426e-13
-1.11388e-13
-1.13385e-13
-1.15418e-13
-1.17488e-13
-1.19595e-13
-1.21739e-13
-1.23922e-13
-1.26144e-13
-1.28406e-13
-1.30709e-13
-1.33053e-13
-1.35439e-13
-1.37867e-13
-1.40339e-13
-1.42856e-13
-1.45418e-13
-1.48025e-13
-1.5068e-13
-1.53382e-13
-1.56132e-13
-1.58932e-13
-1.61782e-13
-1.64683e-13
-1.67636e-13
-1.70642e-13
)
;
    }
    inlet
    {
        type            calculated;
        value           nonuniform List<scalar> 
80
(
1.71016e-16
1.68003e-16
1.65044e-16
1.62136e-16
1.5928e-16
1.56474e-16
1.53718e-16
1.5101e-16
1.4835e-16
1.45736e-16
1.43169e-16
1.40746e-16
7.2744e-08
9.0702e-06
2.12932e-06
1.05632e-06
6.33816e-07
4.19372e-07
2.95424e-07
2.17529e-07
1.65609e-07
1.29534e-07
1.03547e-07
8.42842e-08
6.97002e-08
5.84219e-08
4.9543e-08
4.24467e-08
3.67742e-08
3.23343e-08
2.87746e-08
2.58665e-08
2.34504e-08
2.1409e-08
1.96475e-08
1.80851e-08
1.66499e-08
1.52952e-08
1.40011e-08
1.26293e-08
4.33246e-09
4.90607e-09
5.45972e-09
6.02151e-09
6.59703e-09
7.20476e-09
7.87351e-09
8.63567e-09
9.52628e-09
1.05868e-08
1.18703e-08
1.345e-08
1.54306e-08
1.795e-08
2.11172e-08
2.5098e-08
3.01715e-08
3.67433e-08
4.54185e-08
5.7127e-08
7.32993e-08
9.63071e-08
1.3026e-07
1.82621e-07
2.68246e-07
4.20469e-07
7.25096e-07
1.47622e-06
4.63799e-06
2.23513e-05
1.69338e-12
1.48123e-13
1.50779e-13
1.53483e-13
1.56235e-13
1.59036e-13
1.61888e-13
1.64791e-13
1.67746e-13
1.70754e-13
)
;
    }
    axis
    {
        type            calculated;
        value           uniform 0;
    }
    frontAndBack
    {
        type            empty;
        value           nonuniform 0();
    }
}


// ************************************************************************* //
