/*--------------------------------*- C++ -*----------------------------------*\
  =========                 |
  \\      /  F ield         | OpenFOAM: The Open Source CFD Toolbox
   \\    /   O peration     | Website:  https://openfoam.org
    \\  /    A nd           | Version:  7
     \\/     M anipulation  |
\*---------------------------------------------------------------------------*/
FoamFile
{
    version     2.0;
    format      ascii;
    class       volVectorField;
    location    "20000";
    object      Ua;
}
// * * * * * * * * * * * * * * * * * * * * * * * * * * * * * * * * * * * * * //

dimensions      [0 1 -1 0 0 0 0];

internalField   nonuniform List<vector> 
3200
(
(-5.86037e-07 8.46334e-07 0)
(-1.76946e-06 8.78194e-07 0)
(-2.99856e-06 9.45318e-07 0)
(-4.32421e-06 1.05703e-06 0)
(-5.81224e-06 1.23131e-06 0)
(-7.55724e-06 1.50087e-06 0)
(-9.70652e-06 1.92542e-06 0)
(-1.25051e-05 2.61704e-06 0)
(-1.63838e-05 3.79334e-06 0)
(-2.21387e-05 5.89141e-06 0)
(-3.13055e-05 9.81623e-06 0)
(-4.69558e-05 1.74903e-05 0)
(-3.52172e-05 2.51682e-05 0)
(-8.01344e-06 3.6829e-05 0)
(-1.84003e-06 9.3617e-06 0)
(-9.28146e-07 5.02987e-06 0)
(-5.65477e-07 3.24861e-06 0)
(-3.79815e-07 2.30196e-06 0)
(-2.71591e-07 1.72937e-06 0)
(-2.03018e-07 1.35322e-06 0)
(-1.5699e-07 1.0915e-06 0)
(-1.24733e-07 9.02133e-07 0)
(-1.01301e-07 7.60254e-07 0)
(-8.38059e-08 6.5103e-07 0)
(-7.04445e-08 5.65349e-07 0)
(-6.00224e-08 4.96769e-07 0)
(-5.1748e-08 4.40949e-07 0)
(-4.5124e-08 3.94845e-07 0)
(-3.96383e-08 3.48008e-07 0)
(-3.49664e-08 3.11486e-07 0)
(-3.10983e-08 2.82242e-07 0)
(-2.79113e-08 2.58277e-07 0)
(-2.52056e-08 2.38255e-07 0)
(-2.27932e-08 2.21181e-07 0)
(-2.04894e-08 2.06207e-07 0)
(-1.80978e-08 1.92542e-07 0)
(-1.54061e-08 1.79409e-07 0)
(-1.21797e-08 1.66217e-07 0)
(-8.0977e-09 1.52608e-07 0)
(-3.02168e-09 1.38309e-07 0)
(-5.39617e-07 2.47196e-06 0)
(-1.62349e-06 2.55647e-06 0)
(-2.73036e-06 2.73256e-06 0)
(-3.88772e-06 3.01998e-06 0)
(-5.12271e-06 3.4554e-06 0)
(-6.4595e-06 4.10114e-06 0)
(-7.90939e-06 5.06124e-06 0)
(-9.44305e-06 6.51025e-06 0)
(-1.09189e-05 8.74462e-06 0)
(-1.19044e-05 1.22743e-05 0)
(-1.12392e-05 1.79847e-05 0)
(-5.97859e-06 2.74203e-05 0)
(6.56406e-06 3.50924e-05 0)
(1.311e-05 1.07211e-05 0)
(9.60142e-06 6.31399e-06 0)
(6.39176e-06 4.71856e-06 0)
(3.86052e-06 3.81737e-06 0)
(1.71469e-06 3.29388e-06 0)
(-2.52156e-07 3.01777e-06 0)
(-2.19543e-06 2.93562e-06 0)
(-4.25773e-06 3.04132e-06 0)
(-6.60167e-06 3.37077e-06 0)
(-9.44762e-06 4.01178e-06 0)
(-1.31289e-05 5.13408e-06 0)
(-1.81826e-05 7.04812e-06 0)
(-2.5509e-05 1.03156e-05 0)
(-3.66558e-05 1.59564e-05 0)
(-3.03201e-05 2.09803e-05 0)
(-9.97783e-06 3.91004e-06 0)
(-2.07998e-06 1.34969e-06 0)
(-1.1584e-06 1.06765e-06 0)
(-7.66102e-07 9.09198e-07 0)
(-5.47468e-07 7.90809e-07 0)
(-4.09721e-07 6.93801e-07 0)
(-3.15909e-07 6.09814e-07 0)
(-2.47533e-07 5.3301e-07 0)
(-1.93198e-07 4.57752e-07 0)
(-1.43493e-07 3.77512e-07 0)
(-8.6217e-08 2.81993e-07 0)
(-2.76653e-08 1.93067e-07 0)
(-4.62911e-07 3.91978e-06 0)
(-1.38517e-06 4.03183e-06 0)
(-2.30348e-06 4.26127e-06 0)
(-3.22113e-06 4.62462e-06 0)
(-4.13292e-06 5.15072e-06 0)
(-5.01821e-06 5.8827e-06 0)
(-5.82888e-06 6.87972e-06 0)
(-6.46952e-06 8.21521e-06 0)
(-6.76856e-06 9.96395e-06 0)
(-6.44699e-06 1.21583e-05 0)
(-5.12057e-06 1.46671e-05 0)
(-2.4624e-06 1.6892e-05 0)
(1.09036e-06 1.70392e-05 0)
(3.40575e-06 1.29745e-05 0)
(3.63842e-06 1.00877e-05 0)
(2.934e-06 8.25663e-06 0)
(1.86714e-06 7.12126e-06 0)
(6.66793e-07 6.46781e-06 0)
(-5.82115e-07 6.18188e-06 0)
(-1.85038e-06 6.21586e-06 0)
(-3.12269e-06 6.57352e-06 0)
(-4.36974e-06 7.30746e-06 0)
(-5.51553e-06 8.52745e-06 0)
(-6.38149e-06 1.04205e-05 0)
(-6.57943e-06 1.32857e-05 0)
(-5.3023e-06 1.75898e-05 0)
(-9.16193e-07 2.40505e-05 0)
(7.75171e-06 2.89079e-05 0)
(1.21984e-05 9.79701e-06 0)
(9.82444e-06 5.7642e-06 0)
(7.32652e-06 4.56686e-06 0)
(5.31518e-06 3.83915e-06 0)
(3.60824e-06 3.37887e-06 0)
(2.06347e-06 3.10706e-06 0)
(5.67868e-07 2.9931e-06 0)
(-9.84869e-07 3.03892e-06 0)
(-2.71621e-06 3.27792e-06 0)
(-3.403e-06 3.33406e-06 0)
(-1.75389e-06 7.90444e-07 0)
(-1.59757e-07 1.93569e-07 0)
(-3.76358e-07 5.13182e-06 0)
(-1.11994e-06 5.24695e-06 0)
(-1.84152e-06 5.47832e-06 0)
(-2.53066e-06 5.8333e-06 0)
(-3.16912e-06 6.32415e-06 0)
(-3.72678e-06 6.96574e-06 0)
(-4.15698e-06 7.77094e-06 0)
(-4.39281e-06 8.74147e-06 0)
(-4.34783e-06 9.85124e-06 0)
(-3.92932e-06 1.10188e-05 0)
(-3.07754e-06 1.20695e-05 0)
(-1.84565e-06 1.27053e-05 0)
(-5.0539e-07 1.25548e-05 0)
(4.80604e-07 1.15323e-05 0)
(8.80565e-07 1.0384e-05 0)
(8.10484e-07 9.41525e-06 0)
(4.35659e-07 8.70872e-06 0)
(-1.14109e-07 8.2709e-06 0)
(-7.47534e-07 8.08971e-06 0)
(-1.39681e-06 8.15548e-06 0)
(-2.00149e-06 8.46681e-06 0)
(-2.49416e-06 9.02934e-06 0)
(-2.78808e-06 9.8487e-06 0)
(-2.76829e-06 1.09146e-05 0)
(-2.29286e-06 1.21688e-05 0)
(-1.22262e-06 1.34403e-05 0)
(4.77203e-07 1.43226e-05 0)
(2.4676e-06 1.39383e-05 0)
(3.76657e-06 1.13867e-05 0)
(3.98376e-06 9.36112e-06 0)
(3.61496e-06 7.96152e-06 0)
(2.98238e-06 7.00801e-06 0)
(2.24673e-06 6.38286e-06 0)
(1.49294e-06 6.0167e-06 0)
(7.77265e-07 5.87508e-06 0)
(1.56959e-07 5.95101e-06 0)
(-2.83993e-07 6.26215e-06 0)
(-5.63825e-07 6.40212e-06 0)
(-4.02462e-07 1.46807e-06 0)
(-3.65203e-08 7.96602e-08 0)
(-2.95167e-07 6.10161e-06 0)
(-8.7428e-07 6.20421e-06 0)
(-1.42442e-06 6.40692e-06 0)
(-1.93089e-06 6.70926e-06 0)
(-2.37491e-06 7.11094e-06 0)
(-2.73233e-06 7.60918e-06 0)
(-2.9735e-06 8.19463e-06 0)
(-3.06519e-06 8.84582e-06 0)
(-2.97638e-06 9.52228e-06 0)
(-2.6895e-06 1.01582e-05 0)
(-2.21754e-06 1.0662e-05 0)
(-1.62249e-06 1.093e-05 0)
(-1.02023e-06 1.08897e-05 0)
(-5.46104e-07 1.05705e-05 0)
(-2.79793e-07 1.0129e-05 0)
(-2.20193e-07 9.69457e-06 0)
(-3.24498e-07 9.34393e-06 0)
(-5.38052e-07 9.11552e-06 0)
(-8.07269e-07 9.02496e-06 0)
(-1.0826e-06 9.07514e-06 0)
(-1.31743e-06 9.26054e-06 0)
(-1.4664e-06 9.56725e-06 0)
(-1.48544e-06 9.96936e-06 0)
(-1.33537e-06 1.04226e-05 0)
(-9.91306e-07 1.08565e-05 0)
(-4.59524e-07 1.11682e-05 0)
(1.99758e-07 1.12273e-05 0)
(8.55592e-07 1.0914e-05 0)
(1.33665e-06 1.02369e-05 0)
(1.55583e-06 9.47632e-06 0)
(1.54438e-06 8.78022e-06 0)
(1.36715e-06 8.20359e-06 0)
(1.08584e-06 7.75956e-06 0)
(7.50353e-07 7.44328e-06 0)
(3.99375e-07 7.24178e-06 0)
(6.2008e-08 7.13605e-06 0)
(-2.42894e-07 7.09827e-06 0)
(-5.12751e-07 7.08397e-06 0)
(-3.5214e-07 1.95004e-06 0)
(-2.27025e-08 1.76917e-08 0)
(-2.26877e-07 6.85553e-06 0)
(-6.69816e-07 6.93925e-06 0)
(-1.08443e-06 7.10237e-06 0)
(-1.4569e-06 7.34019e-06 0)
(-1.7724e-06 7.64638e-06 0)
(-2.01508e-06 8.01135e-06 0)
(-2.16915e-06 8.42027e-06 0)
(-2.2211e-06 8.85106e-06 0)
(-2.16349e-06 9.27319e-06 0)
(-1.99991e-06 9.64842e-06 0)
(-1.7498e-06 9.93534e-06 0)
(-1.45049e-06 1.00992e-05 0)
(-1.15243e-06 1.01262e-05 0)
(-9.05494e-07 1.00358e-05 0)
(-7.41719e-07 9.87677e-06 0)
(-6.68342e-07 9.70066e-06 0)
(-6.73555e-07 9.54792e-06 0)
(-7.34856e-07 9.44483e-06 0)
(-8.25349e-07 9.40508e-06 0)
(-9.17494e-07 9.43209e-06 0)
(-9.85236e-07 9.52067e-06 0)
(-1.00562e-06 9.6577e-06 0)
(-9.60736e-07 9.82209e-06 0)
(-8.40433e-07 9.98489e-06 0)
(-6.45834e-07 1.01104e-05 0)
(-3.92765e-07 1.01601e-05 0)
(-1.13128e-07 1.01009e-05 0)
(1.4903e-07 9.91829e-06 0)
(3.49793e-07 9.63084e-06 0)
(4.62786e-07 9.29008e-06 0)
(4.84905e-07 8.94356e-06 0)
(4.28056e-07 8.62379e-06 0)
(3.10505e-07 8.34912e-06 0)
(1.51358e-07 8.1273e-06 0)
(-3.24101e-08 7.9587e-06 0)
(-2.27489e-07 7.83863e-06 0)
(-4.25087e-07 7.75913e-06 0)
(-6.21168e-07 7.71064e-06 0)
(-3.88167e-07 2.20051e-06 0)
(-2.04486e-08 7.1544e-09 0)
(-1.73192e-07 7.4333e-06 0)
(-5.10372e-07 7.49794e-06 0)
(-8.23448e-07 7.62259e-06 0)
(-1.1013e-06 7.80126e-06 0)
(-1.33341e-06 8.02614e-06 0)
(-1.51023e-06 8.28691e-06 0)
(-1.62405e-06 8.57017e-06 0)
(-1.67037e-06 8.85919e-06 0)
(-1.64962e-06 9.13445e-06 0)
(-1.5687e-06 9.3753e-06 0)
(-1.44183e-06 9.56303e-06 0)
(-1.28952e-06 9.68513e-06 0)
(-1.1354e-06 9.73939e-06 0)
(-1.00102e-06 9.73571e-06 0)
(-9.00803e-07 9.69329e-06 0)
(-8.39804e-07 9.63408e-06 0)
(-8.14633e-07 9.57739e-06 0)
(-8.16005e-07 9.53726e-06 0)
(-8.31433e-07 9.52163e-06 0)
(-8.47501e-07 9.5325e-06 0)
(-8.51648e-07 9.56659e-06 0)
(-8.33645e-07 9.61595e-06 0)
(-7.86875e-07 9.66889e-06 0)
(-7.09467e-07 9.71112e-06 0)
(-6.05082e-07 9.7276e-06 0)
(-4.83019e-07 9.70497e-06 0)
(-3.57178e-07 9.63471e-06 0)
(-2.43581e-07 9.51602e-06 0)
(-1.56732e-07 9.35713e-06 0)
(-1.06152e-07 9.17318e-06 0)
(-9.50284e-08 8.98073e-06 0)
(-1.21231e-07 8.79404e-06 0)
(-1.79243e-07 8.62357e-06 0)
(-2.62011e-07 8.47597e-06 0)
(-3.62359e-07 8.35461e-06 0)
(-4.73899e-07 8.26045e-06 0)
(-5.91515e-07 8.19291e-06 0)
(-7.11305e-07 8.15024e-06 0)
(-4.13408e-07 2.29909e-06 0)
(-1.94809e-08 6.54735e-09 0)
(-1.32688e-07 7.87504e-06 0)
(-3.90762e-07 7.92334e-06 0)
(-6.2982e-07 8.01579e-06 0)
(-8.41564e-07 8.14679e-06 0)
(-1.01887e-06 8.30924e-06 0)
(-1.15609e-06 8.49441e-06 0)
(-1.24961e-06 8.69207e-06 0)
(-1.29843e-06 8.89072e-06 0)
(-1.30478e-06 9.07838e-06 0)
(-1.2744e-06 9.24377e-06 0)
(-1.21632e-06 9.37785e-06 0)
(-1.14187e-06 9.47543e-06 0)
(-1.06294e-06 9.53629e-06 0)
(-9.8999e-07 9.5652e-06 0)
(-9.30229e-07 9.57056e-06 0)
(-8.86818e-07 9.56216e-06 0)
(-8.59072e-07 9.54904e-06 0)
(-8.43375e-07 9.53813e-06 0)
(-8.34353e-07 9.53348e-06 0)
(-8.26058e-07 9.53617e-06 0)
(-8.12997e-07 9.54449e-06 0)
(-7.90976e-07 9.55449e-06 0)
(-7.57736e-07 9.56062e-06 0)
(-7.13334e-07 9.55659e-06 0)
(-6.60214e-07 9.53644e-06 0)
(-6.02902e-07 9.49559e-06 0)
(-5.47286e-07 9.43186e-06 0)
(-4.99572e-07 9.34607e-06 0)
(-4.65122e-07 9.24198e-06 0)
(-4.47522e-07 9.12552e-06 0)
(-4.48173e-07 9.00347e-06 0)
(-4.6645e-07 8.88234e-06 0)
(-5.00191e-07 8.7677e-06 0)
(-5.46304e-07 8.66386e-06 0)
(-6.01327e-07 8.57396e-06 0)
(-6.61868e-07 8.5001e-06 0)
(-7.24901e-07 8.44365e-06 0)
(-7.87754e-07 8.40491e-06 0)
(-4.3617e-07 2.31734e-06 0)
(-1.8494e-08 6.5579e-09 0)
(-1.02818e-07 8.21515e-06 0)
(-3.02882e-07 8.25062e-06 0)
(-4.88555e-07 8.31822e-06 0)
(-6.53882e-07 8.41332e-06 0)
(-7.94091e-07 8.53025e-06 0)
(-9.05808e-07 8.66236e-06 0)
(-9.87306e-07 8.8023e-06 0)
(-1.03872e-06 8.94244e-06 0)
(-1.06217e-06 9.07534e-06 0)
(-1.06167e-06 9.19454e-06 0)
(-1.04276e-06 9.29517e-06 0)
(-1.01187e-06 9.37461e-06 0)
(-9.75442e-07 9.43272e-06 0)
(-9.39036e-07 9.47165e-06 0)
(-9.06665e-07 9.49515e-06 0)
(-8.8045e-07 9.50765e-06 0)
(-8.60701e-07 9.51338e-06 0)
(-8.46297e-07 9.51563e-06 0)
(-8.35216e-07 9.51641e-06 0)
(-8.25116e-07 9.51631e-06 0)
(-8.1385e-07 9.51458e-06 0)
(-7.99889e-07 9.50947e-06 0)
(-7.82593e-07 9.49855e-06 0)
(-7.62335e-07 9.47924e-06 0)
(-7.40444e-07 9.44922e-06 0)
(-7.18983e-07 9.40696e-06 0)
(-7.00393e-07 9.35197e-06 0)
(-6.8706e-07 9.28495e-06 0)
(-6.80894e-07 9.20773e-06 0)
(-6.83006e-07 9.12295e-06 0)
(-6.93567e-07 9.03369e-06 0)
(-7.11816e-07 8.9431e-06 0)
(-7.36217e-07 8.85414e-06 0)
(-7.64674e-07 8.76947e-06 0)
(-7.94774e-07 8.69142e-06 0)
(-8.24035e-07 8.62211e-06 0)
(-8.50128e-07 8.56351e-06 0)
(-8.70902e-07 8.51694e-06 0)
(-4.65574e-07 2.27322e-06 0)
(-1.73312e-08 6.50041e-09 0)
(-8.10001e-08 8.48061e-06 0)
(-2.38829e-07 8.50653e-06 0)
(-3.85988e-07 8.55578e-06 0)
(-5.18283e-07 8.62485e-06 0)
(-6.3251e-07 8.70945e-06 0)
(-7.26578e-07 8.80475e-06 0)
(-7.99609e-07 8.90563e-06 0)
(-8.5198e-07 9.00699e-06 0)
(-8.85281e-07 9.10411e-06 0)
(-9.02157e-07 9.19301e-06 0)
(-9.06019e-07 9.27077e-06 0)
(-9.00654e-07 9.33577e-06 0)
(-8.89785e-07 9.38769e-06 0)
(-8.76654e-07 9.42735e-06 0)
(-8.63726e-07 9.45634e-06 0)
(-8.52556e-07 9.47666e-06 0)
(-8.43816e-07 9.49025e-06 0)
(-8.37472e-07 9.49864e-06 0)
(-8.33028e-07 9.50283e-06 0)
(-8.29797e-07 9.50314e-06 0)
(-8.27149e-07 9.49931e-06 0)
(-8.24704e-07 9.4906e-06 0)
(-8.22445e-07 9.47601e-06 0)
(-8.20752e-07 9.45448e-06 0)
(-8.20351e-07 9.4251e-06 0)
(-8.22186e-07 9.38731e-06 0)
(-8.27249e-07 9.34096e-06 0)
(-8.36383e-07 9.28636e-06 0)
(-8.50102e-07 9.22423e-06 0)
(-8.68442e-07 9.1556e-06 0)
(-8.90876e-07 9.08166e-06 0)
(-9.16278e-07 9.00364e-06 0)
(-9.42936e-07 8.92274e-06 0)
(-9.686e-07 8.84014e-06 0)
(-9.90554e-07 8.75704e-06 0)
(-1.00571e-06 8.6748e-06 0)
(-1.01075e-06 8.59513e-06 0)
(-1.00208e-06 8.51964e-06 0)
(-5.21521e-07 2.16039e-06 0)
(-1.59122e-08 6.32988e-09 0)
(-6.50608e-08 8.69155e-06 0)
(-1.92074e-07 8.71054e-06 0)
(-3.11228e-07 8.74662e-06 0)
(-4.19591e-07 8.79717e-06 0)
(-5.14993e-07 8.85908e-06 0)
(-5.96081e-07 8.9289e-06 0)
(-6.62363e-07 9.00309e-06 0)
(-7.14176e-07 9.07819e-06 0)
(-7.52618e-07 9.15108e-06 0)
(-7.79404e-07 9.21918e-06 0)
(-7.96675e-07 9.28058e-06 0)
(-8.06761e-07 9.33409e-06 0)
(-8.11956e-07 9.37927e-06 0)
(-8.14303e-07 9.4163e-06 0)
(-8.15462e-07 9.44579e-06 0)
(-8.16639e-07 9.46857e-06 0)
(-8.18608e-07 9.48549e-06 0)
(-8.21784e-07 9.49729e-06 0)
(-8.26336e-07 9.50442e-06 0)
(-8.3232e-07 9.50709e-06 0)
(-8.39788e-07 9.50522e-06 0)
(-8.48875e-07 9.49851e-06 0)
(-8.59849e-07 9.48656e-06 0)
(-8.7312e-07 9.4689e-06 0)
(-8.89203e-07 9.44512e-06 0)
(-9.08658e-07 9.41489e-06 0)
(-9.32002e-07 9.37801e-06 0)
(-9.59612e-07 9.33439e-06 0)
(-9.91627e-07 9.28398e-06 0)
(-1.02786e-06 9.22674e-06 0)
(-1.0677e-06 9.16254e-06 0)
(-1.11006e-06 9.09108e-06 0)
(-1.15324e-06 9.01186e-06 0)
(-1.19487e-06 8.92413e-06 0)
(-1.23172e-06 8.82694e-06 0)
(-1.25953e-06 8.71923e-06 0)
(-1.27279e-06 8.60001e-06 0)
(-1.26406e-06 8.46777e-06 0)
(-6.49863e-07 1.95907e-06 0)
(-1.40692e-08 6.04439e-09 0)
(-5.33242e-08 8.86252e-06 0)
(-1.57645e-07 8.87659e-06 0)
(-2.56159e-07 8.90332e-06 0)
(-3.46822e-07 8.94083e-06 0)
(-4.28145e-07 8.98687e-06 0)
(-4.99224e-07 9.039e-06 0)
(-5.5975e-07 9.09475e-06 0)
(-6.09968e-07 9.15175e-06 0)
(-6.50614e-07 9.20787e-06 0)
(-6.82808e-07 9.26133e-06 0)
(-7.07928e-07 9.3108e-06 0)
(-7.2748e-07 9.35537e-06 0)
(-7.42957e-07 9.39456e-06 0)
(-7.55743e-07 9.42827e-06 0)
(-7.67031e-07 9.45665e-06 0)
(-7.77791e-07 9.48001e-06 0)
(-7.8878e-07 9.49871e-06 0)
(-8.00571e-07 9.51307e-06 0)
(-8.13609e-07 9.52334e-06 0)
(-8.28271e-07 9.52963e-06 0)
(-8.44918e-07 9.53197e-06 0)
(-8.63941e-07 9.53025e-06 0)
(-8.85782e-07 9.52432e-06 0)
(-9.10942e-07 9.51399e-06 0)
(-9.39973e-07 9.49903e-06 0)
(-9.7345e-07 9.47921e-06 0)
(-1.01194e-06 9.45428e-06 0)
(-1.05596e-06 9.42391e-06 0)
(-1.10596e-06 9.38766e-06 0)
(-1.16224e-06 9.34489e-06 0)
(-1.22494e-06 9.29467e-06 0)
(-1.29397e-06 9.23566e-06 0)
(-1.36892e-06 9.16596e-06 0)
(-1.44889e-06 9.08295e-06 0)
(-1.53229e-06 8.98307e-06 0)
(-1.61648e-06 8.8616e-06 0)
(-1.69715e-06 8.71231e-06 0)
(-1.76677e-06 8.52592e-06 0)
(-9.20499e-07 1.69439e-06 0)
(-1.15379e-08 5.72189e-09 0)
(-4.45606e-08 9.00388e-06 0)
(-1.31919e-07 9.01447e-06 0)
(-2.14945e-07 9.03463e-06 0)
(-2.92212e-07 9.06298e-06 0)
(-3.62688e-07 9.09791e-06 0)
(-4.25754e-07 9.1377e-06 0)
(-4.81199e-07 9.18061e-06 0)
(-5.2919e-07 9.22497e-06 0)
(-5.70219e-07 9.2693e-06 0)
(-6.05029e-07 9.31234e-06 0)
(-6.34539e-07 9.35312e-06 0)
(-6.59762e-07 9.39091e-06 0)
(-6.81723e-07 9.4253e-06 0)
(-7.01407e-07 9.45606e-06 0)
(-7.19709e-07 9.48317e-06 0)
(-7.37424e-07 9.50671e-06 0)
(-7.55236e-07 9.52681e-06 0)
(-7.73742e-07 9.54365e-06 0)
(-7.93474e-07 9.55738e-06 0)
(-8.14929e-07 9.56809e-06 0)
(-8.38597e-07 9.57589e-06 0)
(-8.64987e-07 9.5808e-06 0)
(-8.94648e-07 9.58283e-06 0)
(-9.28178e-07 9.58199e-06 0)
(-9.66234e-07 9.57824e-06 0)
(-1.00954e-06 9.57151e-06 0)
(-1.0589e-06 9.56172e-06 0)
(-1.11521e-06 9.54867e-06 0)
(-1.17947e-06 9.53207e-06 0)
(-1.25285e-06 9.51142e-06 0)
(-1.33673e-06 9.48596e-06 0)
(-1.43278e-06 9.45455e-06 0)
(-1.54303e-06 9.4155e-06 0)
(-1.67008e-06 9.36639e-06 0)
(-1.81719e-06 9.30375e-06 0)
(-1.98857e-06 9.22266e-06 0)
(-2.18958e-06 9.11615e-06 0)
(-2.42556e-06 8.97242e-06 0)
(-1.29624e-06 1.52951e-06 0)
(-8.35978e-09 5.64477e-09 0)
(-3.78911e-08 9.12295e-06 0)
(-1.12317e-07 9.13109e-06 0)
(-1.83465e-07 9.14662e-06 0)
(-2.50335e-07 9.16853e-06 0)
(-3.12208e-07 9.19568e-06 0)
(-3.68651e-07 9.22681e-06 0)
(-4.19515e-07 9.26071e-06 0)
(-4.64912e-07 9.29617e-06 0)
(-5.05174e-07 9.33216e-06 0)
(-5.40806e-07 9.36774e-06 0)
(-5.72441e-07 9.4022e-06 0)
(-6.00782e-07 9.435e-06 0)
(-6.2656e-07 9.46575e-06 0)
(-6.50499e-07 9.49425e-06 0)
(-6.73287e-07 9.5204e-06 0)
(-6.95566e-07 9.54421e-06 0)
(-7.17927e-07 9.56574e-06 0)
(-7.40919e-07 9.5851e-06 0)
(-7.65061e-07 9.60243e-06 0)
(-7.90853e-07 9.61787e-06 0)
(-8.18801e-07 9.63158e-06 0)
(-8.49427e-07 9.6437e-06 0)
(-8.83287e-07 9.65443e-06 0)
(-9.2099e-07 9.66393e-06 0)
(-9.63209e-07 9.67243e-06 0)
(-1.01071e-06 9.68014e-06 0)
(-1.06437e-06 9.68732e-06 0)
(-1.12523e-06 9.69424e-06 0)
(-1.19454e-06 9.70118e-06 0)
(-1.27383e-06 9.70845e-06 0)
(-1.36505e-06 9.71637e-06 0)
(-1.47068e-06 9.72529e-06 0)
(-1.59399e-06 9.73559e-06 0)
(-1.73933e-06 9.74771e-06 0)
(-1.91256e-06 9.76219e-06 0)
(-2.12174e-06 9.77973e-06 0)
(-2.37802e-06 9.80132e-06 0)
(-2.69381e-06 9.82488e-06 0)
(-1.4523e-06 1.58372e-06 0)
(-5.80443e-09 6.05189e-09 0)
(-3.2697e-08 9.22489e-06 0)
(-9.7028e-08 9.23131e-06 0)
(-1.58835e-07 9.24357e-06 0)
(-2.17416e-07 9.26094e-06 0)
(-2.72263e-07 9.28259e-06 0)
(-3.23073e-07 9.30762e-06 0)
(-3.69737e-07 9.33515e-06 0)
(-4.1233e-07 9.36431e-06 0)
(-4.51078e-07 9.39434e-06 0)
(-4.86335e-07 9.42458e-06 0)
(-5.18542e-07 9.45448e-06 0)
(-5.48202e-07 9.48363e-06 0)
(-5.75845e-07 9.51174e-06 0)
(-6.02008e-07 9.53861e-06 0)
(-6.27219e-07 9.56416e-06 0)
(-6.51985e-07 9.58837e-06 0)
(-6.7679e-07 9.61131e-06 0)
(-7.02095e-07 9.63307e-06 0)
(-7.28342e-07 9.65381e-06 0)
(-7.55967e-07 9.67371e-06 0)
(-7.85401e-07 9.69298e-06 0)
(-8.17085e-07 9.71189e-06 0)
(-8.5148e-07 9.73075e-06 0)
(-8.89072e-07 9.74989e-06 0)
(-9.3039e-07 9.76974e-06 0)
(-9.76013e-07 9.7908e-06 0)
(-1.02659e-06 9.81365e-06 0)
(-1.08287e-06 9.83899e-06 0)
(-1.1457e-06 9.86771e-06 0)
(-1.2161e-06 9.90088e-06 0)
(-1.29525e-06 9.93983e-06 0)
(-1.38459e-06 9.98632e-06 0)
(-1.48581e-06 1.00426e-05 0)
(-1.60098e-06 1.01115e-05 0)
(-1.7325e-06 1.01972e-05 0)
(-1.88319e-06 1.0305e-05 0)
(-2.0562e-06 1.04422e-05 0)
(-2.25033e-06 1.06128e-05 0)
(-1.19403e-06 1.6534e-06 0)
(-5.6411e-09 6.57454e-09 0)
(-2.85456e-08 9.31334e-06 0)
(-8.47875e-08 9.31853e-06 0)
(-1.39049e-07 9.32847e-06 0)
(-1.90832e-07 9.34263e-06 0)
(-2.39777e-07 9.36038e-06 0)
(-2.85667e-07 9.38107e-06 0)
(-3.28422e-07 9.40405e-06 0)
(-3.68091e-07 9.4287e-06 0)
(-4.04831e-07 9.45446e-06 0)
(-4.38889e-07 9.48084e-06 0)
(-4.70578e-07 9.50743e-06 0)
(-5.00258e-07 9.53393e-06 0)
(-5.28314e-07 9.5601e-06 0)
(-5.55143e-07 9.5858e-06 0)
(-5.81139e-07 9.61096e-06 0)
(-6.06687e-07 9.63559e-06 0)
(-6.32158e-07 9.65973e-06 0)
(-6.57906e-07 9.68351e-06 0)
(-6.84268e-07 9.70708e-06 0)
(-7.11568e-07 9.73066e-06 0)
(-7.40117e-07 9.75449e-06 0)
(-7.70216e-07 9.77888e-06 0)
(-8.02154e-07 9.80419e-06 0)
(-8.36217e-07 9.83086e-06 0)
(-8.72679e-07 9.8594e-06 0)
(-9.11802e-07 9.89039e-06 0)
(-9.53832e-07 9.92457e-06 0)
(-9.98989e-07 9.96278e-06 0)
(-1.04745e-06 1.00061e-05 0)
(-1.09932e-06 1.00557e-05 0)
(-1.15459e-06 1.01131e-05 0)
(-1.21307e-06 1.01803e-05 0)
(-1.27432e-06 1.02595e-05 0)
(-1.33742e-06 1.03536e-05 0)
(-1.40083e-06 1.0466e-05 0)
(-1.46199e-06 1.06013e-05 0)
(-1.51683e-06 1.07646e-05 0)
(-1.55486e-06 1.09528e-05 0)
(-8.02724e-07 1.5491e-06 0)
(-7.38174e-09 6.6403e-09 0)
(-2.51362e-08 9.39086e-06 0)
(-7.47166e-08 9.39518e-06 0)
(-1.22712e-07 9.40347e-06 0)
(-1.68764e-07 9.41532e-06 0)
(-2.12616e-07 9.43027e-06 0)
(-2.54109e-07 9.44784e-06 0)
(-2.93183e-07 9.46755e-06 0)
(-3.29867e-07 9.48894e-06 0)
(-3.64269e-07 9.51159e-06 0)
(-3.9656e-07 9.53513e-06 0)
(-4.26962e-07 9.55928e-06 0)
(-4.55729e-07 9.58379e-06 0)
(-4.83137e-07 9.60849e-06 0)
(-5.0947e-07 9.63327e-06 0)
(-5.35013e-07 9.65809e-06 0)
(-5.60041e-07 9.68296e-06 0)
(-5.84819e-07 9.70794e-06 0)
(-6.09592e-07 9.73314e-06 0)
(-6.34586e-07 9.7587e-06 0)
(-6.60006e-07 9.78484e-06 0)
(-6.8603e-07 9.81179e-06 0)
(-7.12807e-07 9.83985e-06 0)
(-7.40457e-07 9.86936e-06 0)
(-7.69056e-07 9.90072e-06 0)
(-7.98638e-07 9.9344e-06 0)
(-8.29172e-07 9.97092e-06 0)
(-8.60554e-07 1.00109e-05 0)
(-8.92582e-07 1.0055e-05 0)
(-9.24921e-07 1.01041e-05 0)
(-9.57071e-07 1.0159e-05 0)
(-9.88307e-07 1.02208e-05 0)
(-1.01761e-06 1.02906e-05 0)
(-1.04359e-06 1.03696e-05 0)
(-1.06434e-06 1.04592e-05 0)
(-1.07736e-06 1.05605e-05 0)
(-1.07933e-06 1.06749e-05 0)
(-1.06599e-06 1.08033e-05 0)
(-1.02889e-06 1.09335e-05 0)
(-5.21262e-07 1.37406e-06 0)
(-9.23244e-09 6.28355e-09 0)
(-2.22603e-08 9.45931e-06 0)
(-6.62069e-08 9.46299e-06 0)
(-1.08859e-07 9.47008e-06 0)
(-1.49956e-07 9.48026e-06 0)
(-1.89308e-07 9.49318e-06 0)
(-2.26797e-07 9.50847e-06 0)
(-2.62375e-07 9.52578e-06 0)
(-2.96055e-07 9.54475e-06 0)
(-3.27909e-07 9.56508e-06 0)
(-3.58054e-07 9.58649e-06 0)
(-3.86641e-07 9.60876e-06 0)
(-4.13847e-07 9.63171e-06 0)
(-4.39861e-07 9.6552e-06 0)
(-4.64881e-07 9.67916e-06 0)
(-4.891e-07 9.70355e-06 0)
(-5.12705e-07 9.72838e-06 0)
(-5.35866e-07 9.75371e-06 0)
(-5.58737e-07 9.77962e-06 0)
(-5.81444e-07 9.80624e-06 0)
(-6.0409e-07 9.83374e-06 0)
(-6.26742e-07 9.86231e-06 0)
(-6.49431e-07 9.89218e-06 0)
(-6.72143e-07 9.92362e-06 0)
(-6.94814e-07 9.95692e-06 0)
(-7.17317e-07 9.99242e-06 0)
(-7.39454e-07 1.00305e-05 0)
(-7.60937e-07 1.00715e-05 0)
(-7.81377e-07 1.01158e-05 0)
(-8.00259e-07 1.01639e-05 0)
(-8.16923e-07 1.02162e-05 0)
(-8.30533e-07 1.0273e-05 0)
(-8.40059e-07 1.03348e-05 0)
(-8.44245e-07 1.04016e-05 0)
(-8.41595e-07 1.04736e-05 0)
(-8.30368e-07 1.05505e-05 0)
(-8.08591e-07 1.06318e-05 0)
(-7.74118e-07 1.07162e-05 0)
(-7.22687e-07 1.07882e-05 0)
(-3.66423e-07 1.24867e-06 0)
(-1.04385e-08 5.84406e-09 0)
(-1.97743e-08 9.52002e-06 0)
(-5.88387e-08 9.52323e-06 0)
(-9.68254e-08 9.52943e-06 0)
(-1.33541e-07 9.53837e-06 0)
(-1.6884e-07 9.54978e-06 0)
(-2.02632e-07 9.56337e-06 0)
(-2.34874e-07 9.57886e-06 0)
(-2.65569e-07 9.596e-06 0)
(-2.94759e-07 9.61454e-06 0)
(-3.22521e-07 9.63428e-06 0)
(-3.48953e-07 9.65503e-06 0)
(-3.74173e-07 9.67667e-06 0)
(-3.98308e-07 9.69908e-06 0)
(-4.21487e-07 9.7222e-06 0)
(-4.43833e-07 9.74599e-06 0)
(-4.65463e-07 9.77047e-06 0)
(-4.86476e-07 9.79565e-06 0)
(-5.06953e-07 9.82161e-06 0)
(-5.2695e-07 9.84843e-06 0)
(-5.46496e-07 9.87621e-06 0)
(-5.65585e-07 9.90509e-06 0)
(-5.84176e-07 9.93522e-06 0)
(-6.02184e-07 9.96675e-06 0)
(-6.19475e-07 9.99987e-06 0)
(-6.35862e-07 1.00347e-05 0)
(-6.51098e-07 1.00716e-05 0)
(-6.64868e-07 1.01105e-05 0)
(-6.76783e-07 1.01516e-05 0)
(-6.86378e-07 1.01951e-05 0)
(-6.93104e-07 1.0241e-05 0)
(-6.9633e-07 1.02892e-05 0)
(-6.95347e-07 1.03397e-05 0)
(-6.89383e-07 1.03921e-05 0)
(-6.77625e-07 1.04459e-05 0)
(-6.59255e-07 1.05005e-05 0)
(-6.3351e-07 1.05549e-05 0)
(-5.99757e-07 1.06077e-05 0)
(-5.5613e-07 1.06432e-05 0)
(-2.86578e-07 1.18643e-06 0)
(-1.10631e-08 5.46869e-09 0)
(-1.75796e-08 9.57396e-06 0)
(-5.23244e-08 9.57682e-06 0)
(-8.6157e-08 9.58235e-06 0)
(-1.18928e-07 9.59035e-06 0)
(-1.50524e-07 9.6006e-06 0)
(-1.80869e-07 9.61287e-06 0)
(-2.09925e-07 9.62695e-06 0)
(-2.37683e-07 9.64264e-06 0)
(-2.64166e-07 9.65974e-06 0)
(-2.89419e-07 9.6781e-06 0)
(-3.13503e-07 9.69756e-06 0)
(-3.36492e-07 9.71803e-06 0)
(-3.58466e-07 9.73939e-06 0)
(-3.79504e-07 9.76161e-06 0)
(-3.99682e-07 9.78463e-06 0)
(-4.19063e-07 9.80845e-06 0)
(-4.377e-07 9.83308e-06 0)
(-4.55625e-07 9.85854e-06 0)
(-4.72852e-07 9.88486e-06 0)
(-4.89366e-07 9.91211e-06 0)
(-5.05127e-07 9.94035e-06 0)
(-5.20063e-07 9.96965e-06 0)
(-5.34068e-07 1.00001e-05 0)
(-5.47001e-07 1.00317e-05 0)
(-5.58681e-07 1.00645e-05 0)
(-5.68888e-07 1.00986e-05 0)
(-5.77365e-07 1.0134e-05 0)
(-5.83814e-07 1.01706e-05 0)
(-5.87904e-07 1.02083e-05 0)
(-5.89274e-07 1.02471e-05 0)
(-5.87549e-07 1.02867e-05 0)
(-5.82345e-07 1.03268e-05 0)
(-5.73298e-07 1.03669e-05 0)
(-5.60084e-07 1.04067e-05 0)
(-5.42453e-07 1.04453e-05 0)
(-5.20264e-07 1.04821e-05 0)
(-4.93531e-07 1.05161e-05 0)
(-4.61356e-07 1.05325e-05 0)
(-2.42955e-07 1.16571e-06 0)
(-1.13082e-08 5.15434e-09 0)
(-1.56089e-08 9.62189e-06 0)
(-4.64683e-08 9.62447e-06 0)
(-7.65442e-08 9.62948e-06 0)
(-1.05717e-07 9.63673e-06 0)
(-1.33892e-07 9.64606e-06 0)
(-1.61007e-07 9.65728e-06 0)
(-1.87021e-07 9.67022e-06 0)
(-2.11919e-07 9.68472e-06 0)
(-2.35709e-07 9.70061e-06 0)
(-2.58412e-07 9.71777e-06 0)
(-2.80064e-07 9.73608e-06 0)
(-3.00708e-07 9.75544e-06 0)
(-3.20391e-07 9.77577e-06 0)
(-3.39159e-07 9.79701e-06 0)
(-3.57053e-07 9.81911e-06 0)
(-3.74109e-07 9.84205e-06 0)
(-3.90347e-07 9.86581e-06 0)
(-4.05775e-07 9.89038e-06 0)
(-4.20386e-07 9.91576e-06 0)
(-4.34149e-07 9.94195e-06 0)
(-4.47017e-07 9.96897e-06 0)
(-4.58919e-07 9.99681e-06 0)
(-4.69759e-07 1.00255e-05 0)
(-4.79421e-07 1.00549e-05 0)
(-4.87765e-07 1.00851e-05 0)
(-4.94632e-07 1.0116e-05 0)
(-4.99841e-07 1.01476e-05 0)
(-5.03204e-07 1.01796e-05 0)
(-5.0452e-07 1.0212e-05 0)
(-5.03594e-07 1.02445e-05 0)
(-5.00238e-07 1.02769e-05 0)
(-4.94293e-07 1.03088e-05 0)
(-4.85633e-07 1.034e-05 0)
(-4.74189e-07 1.037e-05 0)
(-4.59964e-07 1.03984e-05 0)
(-4.43048e-07 1.04246e-05 0)
(-4.23633e-07 1.04482e-05 0)
(-4.01157e-07 1.04554e-05 0)
(-2.15811e-07 1.16928e-06 0)
(-1.13143e-08 4.87245e-09 0)
(-1.38169e-08 9.66439e-06 0)
(-4.1138e-08 9.66674e-06 0)
(-6.77782e-08 9.67132e-06 0)
(-9.36369e-08 9.67797e-06 0)
(-1.18634e-07 9.68654e-06 0)
(-1.42711e-07 9.69688e-06 0)
(-1.65828e-07 9.70885e-06 0)
(-1.87966e-07 9.72232e-06 0)
(-2.09118e-07 9.73715e-06 0)
(-2.29292e-07 9.75324e-06 0)
(-2.48506e-07 9.77047e-06 0)
(-2.66782e-07 9.78877e-06 0)
(-2.84146e-07 9.80806e-06 0)
(-3.00624e-07 9.82827e-06 0)
(-3.1624e-07 9.84936e-06 0)
(-3.31008e-07 9.87127e-06 0)
(-3.44939e-07 9.89397e-06 0)
(-3.58032e-07 9.91743e-06 0)
(-3.70273e-07 9.94162e-06 0)
(-3.81636e-07 9.9665e-06 0)
(-3.92082e-07 9.99203e-06 0)
(-4.01558e-07 1.00182e-05 0)
(-4.09997e-07 1.00449e-05 0)
(-4.17319e-07 1.00721e-05 0)
(-4.23434e-07 1.00996e-05 0)
(-4.28242e-07 1.01275e-05 0)
(-4.31639e-07 1.01556e-05 0)
(-4.33521e-07 1.01837e-05 0)
(-4.33787e-07 1.02116e-05 0)
(-4.32349e-07 1.02391e-05 0)
(-4.29136e-07 1.02661e-05 0)
(-4.24104e-07 1.02923e-05 0)
(-4.17243e-07 1.03173e-05 0)
(-4.08582e-07 1.0341e-05 0)
(-3.98203e-07 1.0363e-05 0)
(-3.86239e-07 1.0383e-05 0)
(-3.72879e-07 1.04009e-05 0)
(-3.57688e-07 1.04037e-05 0)
(-1.96236e-07 1.18826e-06 0)
(-1.11605e-08 4.60356e-09 0)
(-1.21732e-08 9.70192e-06 0)
(-3.62452e-08 9.70409e-06 0)
(-5.97201e-08 9.7083e-06 0)
(-8.25094e-08 9.71443e-06 0)
(-1.04541e-07 9.72235e-06 0)
(-1.25761e-07 9.73193e-06 0)
(-1.46129e-07 9.74305e-06 0)
(-1.65619e-07 9.75559e-06 0)
(-1.84219e-07 9.76946e-06 0)
(-2.01927e-07 9.78455e-06 0)
(-2.18747e-07 9.80076e-06 0)
(-2.3469e-07 9.81803e-06 0)
(-2.49771e-07 9.83627e-06 0)
(-2.64004e-07 9.85543e-06 0)
(-2.77403e-07 9.87545e-06 0)
(-2.89979e-07 9.89626e-06 0)
(-3.01738e-07 9.91783e-06 0)
(-3.12681e-07 9.9401e-06 0)
(-3.22802e-07 9.96301e-06 0)
(-3.32088e-07 9.98652e-06 0)
(-3.40519e-07 1.00105e-05 0)
(-3.48066e-07 1.0035e-05 0)
(-3.54694e-07 1.00599e-05 0)
(-3.60364e-07 1.0085e-05 0)
(-3.65029e-07 1.01103e-05 0)
(-3.68644e-07 1.01356e-05 0)
(-3.71161e-07 1.01609e-05 0)
(-3.72538e-07 1.01859e-05 0)
(-3.72736e-07 1.02104e-05 0)
(-3.71729e-07 1.02344e-05 0)
(-3.69505e-07 1.02576e-05 0)
(-3.6607e-07 1.02798e-05 0)
(-3.61451e-07 1.03008e-05 0)
(-3.55699e-07 1.03204e-05 0)
(-3.48894e-07 1.03385e-05 0)
(-3.41142e-07 1.03549e-05 0)
(-3.32574e-07 1.03695e-05 0)
(-3.22821e-07 1.03705e-05 0)
(-1.80405e-07 1.21894e-06 0)
(-1.08906e-08 4.33667e-09 0)
(-1.06578e-08 9.73489e-06 0)
(-3.17317e-08 9.73689e-06 0)
(-5.22784e-08 9.74078e-06 0)
(-7.22168e-08 9.74645e-06 0)
(-9.14799e-08 9.75378e-06 0)
(-1.10014e-07 9.76267e-06 0)
(-1.2778e-07 9.77302e-06 0)
(-1.44748e-07 9.78472e-06 0)
(-1.60901e-07 9.79767e-06 0)
(-1.76229e-07 9.81181e-06 0)
(-1.9073e-07 9.82704e-06 0)
(-2.04409e-07 9.8433e-06 0)
(-2.17273e-07 9.8605e-06 0)
(-2.29333e-07 9.87861e-06 0)
(-2.406e-07 9.89754e-06 0)
(-2.51085e-07 9.91725e-06 0)
(-2.608e-07 9.93768e-06 0)
(-2.69754e-07 9.95877e-06 0)
(-2.77954e-07 9.98045e-06 0)
(-2.85404e-07 1.00027e-05 0)
(-2.92107e-07 1.00253e-05 0)
(-2.98062e-07 1.00483e-05 0)
(-3.03267e-07 1.00716e-05 0)
(-3.07719e-07 1.00951e-05 0)
(-3.11412e-07 1.01186e-05 0)
(-3.14341e-07 1.0142e-05 0)
(-3.16504e-07 1.01652e-05 0)
(-3.17898e-07 1.0188e-05 0)
(-3.18526e-07 1.02103e-05 0)
(-3.18395e-07 1.02318e-05 0)
(-3.17519e-07 1.02526e-05 0)
(-3.15917e-07 1.02722e-05 0)
(-3.13621e-07 1.02908e-05 0)
(-3.10667e-07 1.0308e-05 0)
(-3.07104e-07 1.03237e-05 0)
(-3.02987e-07 1.0338e-05 0)
(-2.98381e-07 1.03506e-05 0)
(-2.92969e-07 1.0351e-05 0)
(-1.66762e-07 1.26047e-06 0)
(-1.05315e-08 4.06474e-09 0)
(-9.25796e-09 9.76365e-06 0)
(-2.75605e-08 9.7655e-06 0)
(-4.53948e-08 9.76909e-06 0)
(-6.26842e-08 9.77434e-06 0)
(-7.9364e-08 9.78113e-06 0)
(-9.53813e-08 9.78937e-06 0)
(-1.10695e-07 9.79898e-06 0)
(-1.25272e-07 9.80987e-06 0)
(-1.39093e-07 9.82196e-06 0)
(-1.52144e-07 9.83518e-06 0)
(-1.64417e-07 9.84944e-06 0)
(-1.75914e-07 9.8647e-06 0)
(-1.86638e-07 9.88088e-06 0)
(-1.96601e-07 9.89793e-06 0)
(-2.05813e-07 9.9158e-06 0)
(-2.14292e-07 9.93442e-06 0)
(-2.22055e-07 9.95375e-06 0)
(-2.29124e-07 9.97371e-06 0)
(-2.3552e-07 9.99426e-06 0)
(-2.41267e-07 1.00153e-05 0)
(-2.46392e-07 1.00368e-05 0)
(-2.50923e-07 1.00586e-05 0)
(-2.54887e-07 1.00807e-05 0)
(-2.58317e-07 1.01029e-05 0)
(-2.61244e-07 1.01252e-05 0)
(-2.637e-07 1.01474e-05 0)
(-2.65719e-07 1.01693e-05 0)
(-2.67333e-07 1.01908e-05 0)
(-2.68574e-07 1.02118e-05 0)
(-2.69473e-07 1.02321e-05 0)
(-2.70056e-07 1.02516e-05 0)
(-2.70348e-07 1.027e-05 0)
(-2.70369e-07 1.02873e-05 0)
(-2.70133e-07 1.03033e-05 0)
(-2.69651e-07 1.03178e-05 0)
(-2.68928e-07 1.03309e-05 0)
(-2.67962e-07 1.03425e-05 0)
(-2.66483e-07 1.0343e-05 0)
(-1.54682e-07 1.31384e-06 0)
(-1.01019e-08 3.78137e-09 0)
(-7.96584e-09 9.78853e-06 0)
(-2.37089e-08 9.79023e-06 0)
(-3.90344e-08 9.79354e-06 0)
(-5.38673e-08 9.79838e-06 0)
(-6.81436e-08 9.80465e-06 0)
(-8.18098e-08 9.81228e-06 0)
(-9.48225e-08 9.82118e-06 0)
(-1.07148e-07 9.83128e-06 0)
(-1.18761e-07 9.84252e-06 0)
(-1.29644e-07 9.85482e-06 0)
(-1.39788e-07 9.86812e-06 0)
(-1.4919e-07 9.88238e-06 0)
(-1.57853e-07 9.89754e-06 0)
(-1.65786e-07 9.91354e-06 0)
(-1.73005e-07 9.93035e-06 0)
(-1.79529e-07 9.9479e-06 0)
(-1.85385e-07 9.96616e-06 0)
(-1.90604e-07 9.98508e-06 0)
(-1.95223e-07 1.00046e-05 0)
(-1.99285e-07 1.00246e-05 0)
(-2.02839e-07 1.00452e-05 0)
(-2.05939e-07 1.00661e-05 0)
(-2.08646e-07 1.00873e-05 0)
(-2.11024e-07 1.01088e-05 0)
(-2.13143e-07 1.01304e-05 0)
(-2.15074e-07 1.0152e-05 0)
(-2.16889e-07 1.01734e-05 0)
(-2.18659e-07 1.01945e-05 0)
(-2.20449e-07 1.02152e-05 0)
(-2.22317e-07 1.02353e-05 0)
(-2.24311e-07 1.02546e-05 0)
(-2.26465e-07 1.0273e-05 0)
(-2.28795e-07 1.02902e-05 0)
(-2.313e-07 1.03062e-05 0)
(-2.33958e-07 1.03207e-05 0)
(-2.36729e-07 1.03336e-05 0)
(-2.39551e-07 1.03449e-05 0)
(-2.4219e-07 1.03462e-05 0)
(-1.43753e-07 1.3816e-06 0)
(-9.61709e-09 3.47884e-09 0)
(-6.7772e-09 9.80982e-06 0)
(-2.01647e-08 9.81138e-06 0)
(-3.31784e-08 9.81442e-06 0)
(-4.57433e-08 9.81886e-06 0)
(-5.77946e-08 9.82463e-06 0)
(-6.9277e-08 9.83164e-06 0)
(-8.01449e-08 9.83984e-06 0)
(-9.03611e-08 9.84915e-06 0)
(-9.98968e-08 9.85953e-06 0)
(-1.08731e-07 9.87091e-06 0)
(-1.16851e-07 9.88325e-06 0)
(-1.24249e-07 9.89649e-06 0)
(-1.30927e-07 9.9106e-06 0)
(-1.36892e-07 9.92554e-06 0)
(-1.42159e-07 9.94126e-06 0)
(-1.46751e-07 9.95775e-06 0)
(-1.50699e-07 9.97495e-06 0)
(-1.5404e-07 9.99285e-06 0)
(-1.56823e-07 1.00114e-05 0)
(-1.59107e-07 1.00306e-05 0)
(-1.60958e-07 1.00503e-05 0)
(-1.62457e-07 1.00705e-05 0)
(-1.63693e-07 1.00912e-05 0)
(-1.64766e-07 1.01123e-05 0)
(-1.65784e-07 1.01337e-05 0)
(-1.66865e-07 1.01553e-05 0)
(-1.68129e-07 1.0177e-05 0)
(-1.697e-07 1.01986e-05 0)
(-1.71694e-07 1.022e-05 0)
(-1.74222e-07 1.02411e-05 0)
(-1.77375e-07 1.02615e-05 0)
(-1.81223e-07 1.02811e-05 0)
(-1.85806e-07 1.02996e-05 0)
(-1.91127e-07 1.03169e-05 0)
(-1.9715e-07 1.03327e-05 0)
(-2.03798e-07 1.03467e-05 0)
(-2.10956e-07 1.03589e-05 0)
(-2.18412e-07 1.03619e-05 0)
(-1.33291e-07 1.46819e-06 0)
(-9.08952e-09 3.1484e-09 0)
(-5.69025e-09 9.82782e-06 0)
(-1.69231e-08 9.82925e-06 0)
(-2.78201e-08 9.83202e-06 0)
(-3.83052e-08 9.83606e-06 0)
(-4.83116e-08 9.84132e-06 0)
(-5.77819e-08 9.84772e-06 0)
(-6.6667e-08 9.85521e-06 0)
(-7.49259e-08 9.86373e-06 0)
(-8.25255e-08 9.87323e-06 0)
(-8.94398e-08 9.88366e-06 0)
(-9.56502e-08 9.89499e-06 0)
(-1.01145e-07 9.90718e-06 0)
(-1.0592e-07 9.92019e-06 0)
(-1.09978e-07 9.93401e-06 0)
(-1.1333e-07 9.9486e-06 0)
(-1.15996e-07 9.96396e-06 0)
(-1.18004e-07 9.98006e-06 0)
(-1.19395e-07 9.9969e-06 0)
(-1.2022e-07 1.00145e-05 0)
(-1.20544e-07 1.00327e-05 0)
(-1.20447e-07 1.00517e-05 0)
(-1.20024e-07 1.00714e-05 0)
(-1.19388e-07 1.00917e-05 0)
(-1.18671e-07 1.01127e-05 0)
(-1.18023e-07 1.01342e-05 0)
(-1.17612e-07 1.01563e-05 0)
(-1.17623e-07 1.01789e-05 0)
(-1.18251e-07 1.02018e-05 0)
(-1.19699e-07 1.0225e-05 0)
(-1.22169e-07 1.02481e-05 0)
(-1.25848e-07 1.02711e-05 0)
(-1.30899e-07 1.02936e-05 0)
(-1.37442e-07 1.03153e-05 0)
(-1.45542e-07 1.03358e-05 0)
(-1.5519e-07 1.03548e-05 0)
(-1.663e-07 1.03719e-05 0)
(-1.78699e-07 1.03867e-05 0)
(-1.9216e-07 1.03933e-05 0)
(-1.21964e-07 1.58085e-06 0)
(-8.52673e-09 2.78394e-09 0)
(-4.70487e-09 9.84284e-06 0)
(-1.3984e-08 9.84412e-06 0)
(-2.29605e-08 9.84662e-06 0)
(-3.15565e-08 9.85027e-06 0)
(-3.97032e-08 9.85501e-06 0)
(-4.73397e-08 9.86079e-06 0)
(-5.44134e-08 9.86755e-06 0)
(-6.08787e-08 9.87525e-06 0)
(-6.6697e-08 9.88384e-06 0)
(-7.18361e-08 9.89328e-06 0)
(-7.62703e-08 9.90355e-06 0)
(-7.99802e-08 9.91462e-06 0)
(-8.29532e-08 9.92646e-06 0)
(-8.51831e-08 9.93907e-06 0)
(-8.66715e-08 9.95242e-06 0)
(-8.74282e-08 9.96653e-06 0)
(-8.74725e-08 9.98139e-06 0)
(-8.68345e-08 9.99702e-06 0)
(-8.55572e-08 1.00134e-05 0)
(-8.36988e-08 1.00307e-05 0)
(-8.13349e-08 1.00487e-05 0)
(-7.8562e-08 1.00677e-05 0)
(-7.55008e-08 1.00875e-05 0)
(-7.22997e-08 1.01084e-05 0)
(-6.91385e-08 1.01302e-05 0)
(-6.62315e-08 1.0153e-05 0)
(-6.383e-08 1.01768e-05 0)
(-6.22227e-08 1.02017e-05 0)
(-6.1733e-08 1.02274e-05 0)
(-6.27129e-08 1.0254e-05 0)
(-6.55304e-08 1.02811e-05 0)
(-7.05495e-08 1.03086e-05 0)
(-7.81019e-08 1.03359e-05 0)
(-8.84503e-08 1.03627e-05 0)
(-1.01744e-07 1.03881e-05 0)
(-1.17975e-07 1.04116e-05 0)
(-1.36937e-07 1.04323e-05 0)
(-1.58313e-07 1.0445e-05 0)
(-1.07439e-07 1.73188e-06 0)
(-7.9226e-09 2.38666e-09 0)
(-3.82177e-09 9.85515e-06 0)
(-1.13498e-08 9.85629e-06 0)
(-1.86049e-08 9.85851e-06 0)
(-2.55071e-08 9.86176e-06 0)
(-3.19853e-08 9.86598e-06 0)
(-3.79756e-08 9.87112e-06 0)
(-4.34213e-08 9.87714e-06 0)
(-4.82717e-08 9.88399e-06 0)
(-5.24823e-08 9.89163e-06 0)
(-5.60135e-08 9.90004e-06 0)
(-5.88312e-08 9.90919e-06 0)
(-6.0906e-08 9.91905e-06 0)
(-6.22135e-08 9.92961e-06 0)
(-6.27344e-08 9.94087e-06 0)
(-6.24551e-08 9.95282e-06 0)
(-6.13679e-08 9.96549e-06 0)
(-5.94726e-08 9.97889e-06 0)
(-5.67773e-08 9.99305e-06 0)
(-5.3301e-08 1.0008e-05 0)
(-4.90757e-08 1.00239e-05 0)
(-4.41497e-08 1.00406e-05 0)
(-3.85923e-08 1.00584e-05 0)
(-3.24992e-08 1.00774e-05 0)
(-2.59992e-08 1.00976e-05 0)
(-1.92632e-08 1.01192e-05 0)
(-1.25134e-08 1.01424e-05 0)
(-6.03572e-09 1.01673e-05 0)
(-1.91306e-10 1.0194e-05 0)
(4.57121e-09 1.02227e-05 0)
(7.70664e-09 1.02535e-05 0)
(8.57031e-09 1.02864e-05 0)
(6.42688e-09 1.03212e-05 0)
(4.7845e-10 1.03576e-05 0)
(-1.00784e-08 1.03949e-05 0)
(-2.59562e-08 1.04324e-05 0)
(-4.7632e-08 1.04685e-05 0)
(-7.51543e-08 1.05016e-05 0)
(-1.08082e-07 1.05264e-05 0)
(-8.58732e-08 1.9445e-06 0)
(-7.2455e-09 1.98287e-09 0)
(-3.04182e-09 9.86506e-06 0)
(-9.02362e-09 9.86606e-06 0)
(-1.47592e-08 9.86801e-06 0)
(-2.01676e-08 9.87085e-06 0)
(-2.51756e-08 9.87454e-06 0)
(-2.97168e-08 9.87903e-06 0)
(-3.37309e-08 9.88429e-06 0)
(-3.71626e-08 9.89026e-06 0)
(-3.99611e-08 9.89692e-06 0)
(-4.20796e-08 9.90424e-06 0)
(-4.34748e-08 9.91218e-06 0)
(-4.41063e-08 9.92075e-06 0)
(-4.39363e-08 9.92991e-06 0)
(-4.29294e-08 9.93968e-06 0)
(-4.10526e-08 9.95005e-06 0)
(-3.82754e-08 9.96104e-06 0)
(-3.45696e-08 9.97268e-06 0)
(-2.99105e-08 9.98501e-06 0)
(-2.42775e-08 9.99809e-06 0)
(-1.76557e-08 1.0012e-05 0)
(-1.00387e-08 1.00269e-05 0)
(-1.43158e-09 1.00428e-05 0)
(8.14306e-09 1.00599e-05 0)
(1.86379e-08 1.00785e-05 0)
(2.99695e-08 1.00987e-05 0)
(4.20031e-08 1.0121e-05 0)
(5.4531e-08 1.01455e-05 0)
(6.72441e-08 1.01728e-05 0)
(7.96931e-08 1.02034e-05 0)
(9.12412e-08 1.02377e-05 0)
(1.01006e-07 1.02763e-05 0)
(1.07794e-07 1.03198e-05 0)
(1.10045e-07 1.03684e-05 0)
(1.0579e-07 1.04223e-05 0)
(9.26891e-08 1.04811e-05 0)
(6.81838e-08 1.05432e-05 0)
(2.99008e-08 1.06058e-05 0)
(-2.37588e-08 1.0662e-05 0)
(-5.05232e-08 2.26573e-06 0)
(-6.43698e-09 2.0337e-09 0)
(-2.36521e-09 9.87287e-06 0)
(-7.00626e-09 9.87373e-06 0)
(-1.14262e-08 9.8754e-06 0)
(-1.55439e-08 9.87784e-06 0)
(-1.92857e-08 9.881e-06 0)
(-2.25836e-08 9.88484e-06 0)
(-2.53749e-08 9.88931e-06 0)
(-2.76005e-08 9.89439e-06 0)
(-2.9205e-08 9.90004e-06 0)
(-3.01351e-08 9.90622e-06 0)
(-3.03394e-08 9.91292e-06 0)
(-2.97672e-08 9.9201e-06 0)
(-2.83681e-08 9.92776e-06 0)
(-2.60909e-08 9.93589e-06 0)
(-2.28832e-08 9.94448e-06 0)
(-1.86901e-08 9.95356e-06 0)
(-1.34536e-08 9.96313e-06 0)
(-7.11152e-09 9.97323e-06 0)
(4.03735e-10 9.98393e-06 0)
(9.16582e-09 9.99528e-06 0)
(1.92555e-08 1.00074e-05 0)
(3.07611e-08 1.00204e-05 0)
(4.37784e-08 1.00344e-05 0)
(5.84089e-08 1.00498e-05 0)
(7.47557e-08 1.00667e-05 0)
(9.29155e-08 1.00856e-05 0)
(1.12963e-07 1.01069e-05 0)
(1.34925e-07 1.01313e-05 0)
(1.58734e-07 1.01596e-05 0)
(1.84153e-07 1.01929e-05 0)
(2.10659e-07 1.02327e-05 0)
(2.37253e-07 1.02806e-05 0)
(2.62178e-07 1.0339e-05 0)
(2.82497e-07 1.04106e-05 0)
(2.93502e-07 1.04986e-05 0)
(2.87914e-07 1.06063e-05 0)
(2.54919e-07 1.07367e-05 0)
(1.79045e-07 1.08899e-05 0)
(4.1828e-08 2.86318e-06 0)
(-5.26611e-09 9.46983e-09 0)
(-1.79079e-09 9.87887e-06 0)
(-5.29459e-09 9.87959e-06 0)
(-8.60149e-09 9.88099e-06 0)
(-1.16323e-08 9.88303e-06 0)
(-1.43143e-08 9.88567e-06 0)
(-1.65798e-08 9.88886e-06 0)
(-1.83654e-08 9.89257e-06 0)
(-1.96107e-08 9.89676e-06 0)
(-2.02574e-08 9.90138e-06 0)
(-2.02483e-08 9.90642e-06 0)
(-1.95265e-08 9.91183e-06 0)
(-1.80342e-08 9.91759e-06 0)
(-1.5712e-08 9.92367e-06 0)
(-1.24971e-08 9.93006e-06 0)
(-8.32242e-09 9.93674e-06 0)
(-3.11474e-09 9.94371e-06 0)
(3.20745e-09 9.95097e-06 0)
(1.07363e-08 9.95852e-06 0)
(1.95778e-08 9.96638e-06 0)
(2.98558e-08 9.9746e-06 0)
(4.17172e-08 9.98321e-06 0)
(5.53381e-08 9.9923e-06 0)
(7.09329e-08 1.0002e-05 0)
(8.87647e-08 1.00123e-05 0)
(1.09159e-07 1.00236e-05 0)
(1.32525e-07 1.0036e-05 0)
(1.5937e-07 1.00499e-05 0)
(1.90339e-07 1.00658e-05 0)
(2.26233e-07 1.00844e-05 0)
(2.68048e-07 1.01068e-05 0)
(3.16987e-07 1.01346e-05 0)
(3.74442e-07 1.01699e-05 0)
(4.41871e-07 1.02162e-05 0)
(5.20477e-07 1.02788e-05 0)
(6.10446e-07 1.03659e-05 0)
(7.09346e-07 1.04904e-05 0)
(8.08877e-07 1.06725e-05 0)
(8.88515e-07 1.09447e-05 0)
(4.57489e-07 4.63399e-06 0)
(-1.92519e-09 1.05838e-08 0)
(-1.31537e-09 9.88336e-06 0)
(-3.87936e-09 9.88395e-06 0)
(-6.27064e-09 9.88509e-06 0)
(-8.41401e-09 9.88675e-06 0)
(-1.024e-08 9.88888e-06 0)
(-1.16836e-08 9.89145e-06 0)
(-1.26831e-08 9.89441e-06 0)
(-1.31791e-08 9.89773e-06 0)
(-1.31137e-08 9.90136e-06 0)
(-1.2429e-08 9.90527e-06 0)
(-1.1067e-08 9.90941e-06 0)
(-8.9675e-09 9.91375e-06 0)
(-6.06787e-09 9.91825e-06 0)
(-2.30121e-09 9.92288e-06 0)
(2.40499e-09 9.92761e-06 0)
(8.13078e-09 9.9324e-06 0)
(1.49661e-08 9.93723e-06 0)
(2.30135e-08 9.94207e-06 0)
(3.23924e-08 9.94689e-06 0)
(4.32437e-08 9.95167e-06 0)
(5.57363e-08 9.95637e-06 0)
(7.00765e-08 9.96097e-06 0)
(8.652e-08 9.96543e-06 0)
(1.05389e-07 9.96972e-06 0)
(1.27097e-07 9.97377e-06 0)
(1.52185e-07 9.97752e-06 0)
(1.81372e-07 9.98089e-06 0)
(2.1564e-07 9.98375e-06 0)
(2.5636e-07 9.98594e-06 0)
(3.05488e-07 9.9872e-06 0)
(3.65904e-07 9.98719e-06 0)
(4.41948e-07 9.98538e-06 0)
(5.40347e-07 9.981e-06 0)
(6.71774e-07 9.97287e-06 0)
(8.5354e-07 9.95915e-06 0)
(1.11424e-06 9.93703e-06 0)
(1.50177e-06 9.90203e-06 0)
(2.0973e-06 9.84703e-06 0)
(2.08741e-06 7.05977e-06 0)
(4.07709e-07 3.78039e-06 0)
(-9.33312e-10 9.88661e-06 0)
(-2.74382e-09 9.88707e-06 0)
(-4.40629e-09 9.88797e-06 0)
(-5.85192e-09 9.88928e-06 0)
(-7.0169e-09 9.89094e-06 0)
(-7.84125e-09 9.89293e-06 0)
(-8.26774e-09 9.8952e-06 0)
(-8.24097e-09 9.8977e-06 0)
(-7.70644e-09 9.90039e-06 0)
(-6.60975e-09 9.90323e-06 0)
(-4.89575e-09 9.90617e-06 0)
(-2.50764e-09 9.90916e-06 0)
(6.13862e-10 9.91215e-06 0)
(4.53158e-09 9.9151e-06 0)
(9.31296e-09 9.91795e-06 0)
(1.50314e-08 9.92065e-06 0)
(2.17677e-08 9.92314e-06 0)
(2.96121e-08 9.92536e-06 0)
(3.86663e-08 9.92724e-06 0)
(4.90465e-08 9.92869e-06 0)
(6.08869e-08 9.92962e-06 0)
(7.43436e-08 9.9299e-06 0)
(8.96004e-08 9.92938e-06 0)
(1.06875e-07 9.92786e-06 0)
(1.26426e-07 9.92509e-06 0)
(1.4856e-07 9.92073e-06 0)
(1.73643e-07 9.9143e-06 0)
(2.02097e-07 9.90518e-06 0)
(2.34398e-07 9.89247e-06 0)
(2.71044e-07 9.87494e-06 0)
(3.12474e-07 9.85078e-06 0)
(3.58888e-07 9.81741e-06 0)
(4.09868e-07 9.771e-06 0)
(4.63625e-07 9.70586e-06 0)
(5.15535e-07 9.6134e-06 0)
(5.55362e-07 9.48054e-06 0)
(5.62077e-07 9.2871e-06 0)
(4.94331e-07 9.00181e-06 0)
(2.73153e-07 8.57576e-06 0)
(-1.33962e-07 8.26463e-06 0)
(-6.36226e-10 9.88887e-06 0)
(-1.86298e-09 9.88923e-06 0)
(-2.96713e-09 9.88992e-06 0)
(-3.88864e-09 9.8909e-06 0)
(-4.57177e-09 9.89215e-06 0)
(-4.96395e-09 9.89362e-06 0)
(-5.01495e-09 9.89526e-06 0)
(-4.67605e-09 9.89703e-06 0)
(-3.89933e-09 9.89889e-06 0)
(-2.63708e-09 9.90077e-06 0)
(-8.41178e-10 9.90262e-06 0)
(1.5374e-09 9.9044e-06 0)
(4.54908e-09 9.90604e-06 0)
(8.24611e-09 9.90747e-06 0)
(1.26829e-08 9.90864e-06 0)
(1.79164e-08 9.90948e-06 0)
(2.40063e-08 9.9099e-06 0)
(3.10149e-08 9.90983e-06 0)
(3.90071e-08 9.90916e-06 0)
(4.80499e-08 9.90778e-06 0)
(5.82111e-08 9.90557e-06 0)
(6.95578e-08 9.90236e-06 0)
(8.21521e-08 9.89795e-06 0)
(9.60464e-08 9.89211e-06 0)
(1.11274e-07 9.88454e-06 0)
(1.27834e-07 9.87486e-06 0)
(1.4567e-07 9.8626e-06 0)
(1.64633e-07 9.84715e-06 0)
(1.8443e-07 9.82778e-06 0)
(2.04543e-07 9.80355e-06 0)
(2.2411e-07 9.77332e-06 0)
(2.41766e-07 9.73574e-06 0)
(2.55421e-07 9.68929e-06 0)
(2.6199e-07 9.63242e-06 0)
(2.57115e-07 9.56386e-06 0)
(2.34999e-07 9.48333e-06 0)
(1.88622e-07 9.39287e-06 0)
(1.10982e-07 9.29941e-06 0)
(-1.41749e-09 9.21934e-06 0)
(-1.40372e-07 9.18674e-06 0)
(-4.13014e-10 9.89039e-06 0)
(-1.20362e-09 9.89065e-06 0)
(-1.89788e-09 9.89116e-06 0)
(-2.44671e-09 9.89188e-06 0)
(-2.80448e-09 9.89277e-06 0)
(-2.92818e-09 9.8938e-06 0)
(-2.7767e-09 9.89491e-06 0)
(-2.31022e-09 9.89607e-06 0)
(-1.48976e-09 9.89721e-06 0)
(-2.76771e-10 9.89828e-06 0)
(1.36717e-09 9.89922e-06 0)
(3.48053e-09 9.89997e-06 0)
(6.10185e-09 9.90047e-06 0)
(9.2697e-09 9.90064e-06 0)
(1.30223e-08 9.90042e-06 0)
(1.73969e-08 9.89973e-06 0)
(2.24292e-08 9.89848e-06 0)
(2.81513e-08 9.89658e-06 0)
(3.45907e-08 9.89394e-06 0)
(4.17666e-08 9.89044e-06 0)
(4.96868e-08 9.88596e-06 0)
(5.83423e-08 9.88036e-06 0)
(6.77003e-08 9.87347e-06 0)
(7.7695e-08 9.86511e-06 0)
(8.82152e-08 9.85506e-06 0)
(9.90886e-08 9.84308e-06 0)
(1.1006e-07 9.8289e-06 0)
(1.20769e-07 9.81221e-06 0)
(1.30714e-07 9.7927e-06 0)
(1.39222e-07 9.77005e-06 0)
(1.45413e-07 9.74401e-06 0)
(1.48168e-07 9.71443e-06 0)
(1.46124e-07 9.68137e-06 0)
(1.37707e-07 9.64528e-06 0)
(1.21234e-07 9.60718e-06 0)
(9.51434e-08 9.56891e-06 0)
(5.83762e-08 9.53343e-06 0)
(1.09516e-08 9.50495e-06 0)
(-4.53446e-08 9.48878e-06 0)
(-1.06445e-07 9.49029e-06 0)
(-2.50083e-10 9.89134e-06 0)
(-7.25016e-10 9.89154e-06 0)
(-1.13058e-09 9.8919e-06 0)
(-1.43043e-09 9.89241e-06 0)
(-1.59075e-09 9.89303e-06 0)
(-1.57971e-09 9.89371e-06 0)
(-1.36691e-09 9.89442e-06 0)
(-9.23035e-10 9.89509e-06 0)
(-2.19525e-10 9.89567e-06 0)
(7.71591e-10 9.89611e-06 0)
(2.07779e-09 9.89634e-06 0)
(3.72601e-09 9.8963e-06 0)
(5.74242e-09 9.89592e-06 0)
(8.15203e-09 9.89513e-06 0)
(1.09781e-08 9.89385e-06 0)
(1.42409e-08 9.89202e-06 0)
(1.79569e-08 9.88954e-06 0)
(2.21365e-08 9.88634e-06 0)
(2.67815e-08 9.88233e-06 0)
(3.18826e-08 9.87741e-06 0)
(3.74146e-08 9.87151e-06 0)
(4.33324e-08 9.86451e-06 0)
(4.95642e-08 9.85632e-06 0)
(5.60045e-08 9.84685e-06 0)
(6.25064e-08 9.83599e-06 0)
(6.88719e-08 9.82367e-06 0)
(7.4843e-08 9.80982e-06 0)
(8.00929e-08 9.79439e-06 0)
(8.42198e-08 9.77741e-06 0)
(8.6745e-08 9.75894e-06 0)
(8.71198e-08 9.73917e-06 0)
(8.47441e-08 9.71841e-06 0)
(7.90034e-08 9.69717e-06 0)
(6.93284e-08 9.67617e-06 0)
(5.52803e-08 9.6564e-06 0)
(3.66605e-08 9.63909e-06 0)
(1.36342e-08 9.62573e-06 0)
(-1.31593e-08 9.61787e-06 0)
(-4.2554e-08 9.61697e-06 0)
(-7.29231e-08 9.624e-06 0)
(-1.31764e-10 9.8919e-06 0)
(-3.8018e-10 9.89204e-06 0)
(-5.86758e-10 9.89231e-06 0)
(-7.29162e-10 9.89267e-06 0)
(-7.86636e-10 9.8931e-06 0)
(-7.39637e-10 9.89355e-06 0)
(-5.69555e-10 9.89397e-06 0)
(-2.58488e-10 9.89431e-06 0)
(2.10898e-10 9.89451e-06 0)
(8.5544e-10 9.89452e-06 0)
(1.69147e-09 9.89427e-06 0)
(2.73467e-09 9.89369e-06 0)
(3.99987e-09 9.89271e-06 0)
(5.50061e-09 9.89128e-06 0)
(7.24857e-09 9.8893e-06 0)
(9.25273e-09 9.88672e-06 0)
(1.15183e-08 9.88345e-06 0)
(1.40452e-08 9.87943e-06 0)
(1.68264e-08 9.87459e-06 0)
(1.98456e-08 9.86885e-06 0)
(2.30743e-08 9.86217e-06 0)
(2.64693e-08 9.85448e-06 0)
(2.99683e-08 9.84575e-06 0)
(3.34871e-08 9.83596e-06 0)
(3.69153e-08 9.82511e-06 0)
(4.01131e-08 9.81322e-06 0)
(4.29096e-08 9.80036e-06 0)
(4.51019e-08 9.78665e-06 0)
(4.64584e-08 9.77226e-06 0)
(4.67248e-08 9.75743e-06 0)
(4.56367e-08 9.74246e-06 0)
(4.29376e-08 9.72777e-06 0)
(3.84043e-08 9.71385e-06 0)
(3.18771e-08 9.70126e-06 0)
(2.32954e-08 9.69066e-06 0)
(1.27302e-08 9.68272e-06 0)
(4.10125e-10 9.6781e-06 0)
(-1.32706e-08 9.67738e-06 0)
(-2.777e-08 9.68095e-06 0)
(-4.24472e-08 9.68898e-06 0)
(-4.08419e-11 9.89215e-06 0)
(-1.17493e-10 9.89226e-06 0)
(-1.80163e-10 9.89248e-06 0)
(-2.21318e-10 9.89278e-06 0)
(-2.33961e-10 9.89311e-06 0)
(-2.11507e-10 9.89343e-06 0)
(-1.47693e-10 9.89371e-06 0)
(-3.65085e-11 9.89388e-06 0)
(1.27851e-10 9.89389e-06 0)
(3.50992e-10 9.89368e-06 0)
(6.38311e-10 9.89318e-06 0)
(9.94935e-10 9.89233e-06 0)
(1.42562e-09 9.89106e-06 0)
(1.93458e-09 9.8893e-06 0)
(2.52527e-09 9.88698e-06 0)
(3.20007e-09 9.88403e-06 0)
(3.95984e-09 9.88038e-06 0)
(4.80342e-09 9.87597e-06 0)
(5.72698e-09 9.87074e-06 0)
(6.72317e-09 9.86464e-06 0)
(7.78027e-09 9.85762e-06 0)
(8.88112e-09 9.84967e-06 0)
(1.0002e-08 9.84078e-06 0)
(1.11117e-08 9.83096e-06 0)
(1.21703e-08 9.82027e-06 0)
(1.31289e-08 9.80878e-06 0)
(1.39292e-08 9.79663e-06 0)
(1.45046e-08 9.78399e-06 0)
(1.47815e-08 9.77109e-06 0)
(1.4683e-08 9.75821e-06 0)
(1.41334e-08 9.74569e-06 0)
(1.30648e-08 9.73392e-06 0)
(1.14245e-08 9.72333e-06 0)
(9.18393e-09 9.71437e-06 0)
(6.34678e-09 9.7075e-06 0)
(2.95534e-09 9.70313e-06 0)
(-9.06382e-10 9.70164e-06 0)
(-5.11485e-09 9.70328e-06 0)
(-9.51514e-09 9.70821e-06 0)
(-1.39349e-08 9.7164e-06 0)
(6.50563e-10 4.74136e-08 0)
(2.40603e-09 5.34522e-08 0)
(3.9375e-09 5.93687e-08 0)
(5.16026e-09 6.49514e-08 0)
(6.1633e-09 7.03195e-08 0)
(7.02427e-09 7.57117e-08 0)
(7.81917e-09 8.14483e-08 0)
(8.62021e-09 8.78543e-08 0)
(9.49554e-09 9.52478e-08 0)
(1.05167e-08 1.03975e-07 0)
(1.1772e-08 1.14452e-07 0)
(1.33855e-08 1.27228e-07 0)
(1.55155e-08 1.43068e-07 0)
(1.79477e-08 1.62901e-07 0)
(2.06725e-08 1.83491e-07 0)
(2.40602e-08 2.08476e-07 0)
(2.83152e-08 2.39252e-07 0)
(3.37428e-08 2.77742e-07 0)
(4.07926e-08 3.26744e-07 0)
(5.01468e-08 3.9046e-07 0)
(6.2851e-08 4.75084e-07 0)
(8.05889e-08 5.90685e-07 0)
(1.06236e-07 7.54268e-07 0)
(1.44942e-07 9.95752e-07 0)
(2.06697e-07 1.37323e-06 0)
(3.133e-07 2.01415e-06 0)
(5.19568e-07 3.23752e-06 0)
(1.00573e-06 6.11558e-06 0)
(2.9224e-06 1.77385e-05 0)
(3.89936e-05 0.000101099 0)
(6.01177e-05 2.45631e-05 0)
(3.87681e-05 1.32701e-05 0)
(2.60959e-05 7.68889e-06 0)
(1.83989e-05 4.81317e-06 0)
(1.33388e-05 3.25825e-06 0)
(9.74083e-06 2.3781e-06 0)
(6.98479e-06 1.86196e-06 0)
(4.72275e-06 1.5558e-06 0)
(2.7431e-06 1.38183e-06 0)
(9.01562e-07 1.302e-06 0)
(8.54813e-09 7.0106e-08 0)
(3.28414e-08 1.10314e-07 0)
(5.84936e-08 1.57178e-07 0)
(8.15658e-08 1.99352e-07 0)
(1.07087e-07 2.40584e-07 0)
(1.39161e-07 2.84025e-07 0)
(1.82808e-07 3.32918e-07 0)
(2.45881e-07 3.91081e-07 0)
(3.42612e-07 4.63578e-07 0)
(5.0265e-07 5.58882e-07 0)
(8.00696e-07 6.95402e-07 0)
(1.50532e-06 9.38422e-07 0)
(5.6681e-06 2.17772e-06 0)
(3.28544e-05 2.24055e-05 0)
(4.72212e-05 2.08483e-05 0)
(3.22555e-05 1.30304e-05 0)
(2.2623e-05 8.5426e-06 0)
(1.61327e-05 5.91963e-06 0)
(1.15232e-05 4.36316e-06 0)
(8.05631e-06 3.43513e-06 0)
(5.28625e-06 2.89405e-06 0)
(2.92997e-06 2.60836e-06 0)
(7.92979e-07 2.51102e-06 0)
(-1.27702e-06 2.57749e-06 0)
(-3.42437e-06 2.81914e-06 0)
(-5.81962e-06 3.29085e-06 0)
(-8.70819e-06 4.11778e-06 0)
(-1.24926e-05 5.57231e-06 0)
(-1.78025e-05 8.39652e-06 0)
(-1.34703e-05 3.50952e-05 0)
(1.32947e-06 3.66917e-05 0)
(1.05228e-05 2.34505e-05 0)
(1.22252e-05 1.56288e-05 0)
(1.12614e-05 1.09283e-05 0)
(9.48592e-06 8.03986e-06 0)
(7.57077e-06 6.22925e-06 0)
(5.72937e-06 5.08173e-06 0)
(4.00251e-06 4.36181e-06 0)
(2.36878e-06 3.93714e-06 0)
(7.85264e-07 3.73806e-06 0)
(1.75875e-07 1.07017e-07 0)
(2.39052e-06 9.48012e-07 0)
(4.04688e-06 3.43476e-06 0)
(2.65969e-06 3.01605e-06 0)
(8.33859e-07 2.68916e-06 0)
(-7.93849e-07 2.55686e-06 0)
(-2.34208e-06 2.57648e-06 0)
(-3.9093e-06 2.73496e-06 0)
(-5.5927e-06 3.04547e-06 0)
(-7.50743e-06 3.55257e-06 0)
(-9.80999e-06 4.35056e-06 0)
(-1.27213e-05 5.6461e-06 0)
(-1.62334e-05 8.58184e-06 0)
(-1.23527e-05 3.14618e-05 0)
(-1.7428e-06 3.05811e-05 0)
(4.92014e-06 2.18707e-05 0)
(7.08132e-06 1.60966e-05 0)
(7.12876e-06 1.22551e-05 0)
(6.22846e-06 9.69641e-06 0)
(4.9353e-06 8.00424e-06 0)
(3.50162e-06 6.91504e-06 0)
(2.03185e-06 6.2668e-06 0)
(5.598e-07 5.96762e-06 0)
(-9.11802e-07 5.97876e-06 0)
(-2.38788e-06 6.30929e-06 0)
(-3.85855e-06 7.0225e-06 0)
(-5.25986e-06 8.25745e-06 0)
(-6.38159e-06 1.02753e-05 0)
(-6.63512e-06 1.35456e-05 0)
(-4.48281e-06 1.88507e-05 0)
(-2.03117e-07 2.03166e-05 0)
(3.55378e-06 1.79774e-05 0)
(5.57058e-06 1.49228e-05 0)
(6.17993e-06 1.21915e-05 0)
(5.90687e-06 1.00323e-05 0)
(5.14491e-06 8.42298e-06 0)
(4.13441e-06 7.2708e-06 0)
(3.00604e-06 6.48392e-06 0)
(1.8232e-06 5.99293e-06 0)
(6.11508e-07 5.75523e-06 0)
(1.63053e-07 9.9175e-08 0)
(2.17321e-07 2.2187e-06 0)
(1.20155e-07 6.72261e-06 0)
(-1.10611e-07 6.22179e-06 0)
(-6.18562e-07 5.81804e-06 0)
(-1.32393e-06 5.64879e-06 0)
(-2.14462e-06 5.68916e-06 0)
(-3.03183e-06 5.93699e-06 0)
(-3.9483e-06 6.41387e-06 0)
(-4.84771e-06 7.17014e-06 0)
(-5.64622e-06 8.29517e-06 0)
(-6.17175e-06 9.93496e-06 0)
(-6.06515e-06 1.23155e-05 0)
(-4.64167e-06 1.56341e-05 0)
(-2.15988e-06 1.66464e-05 0)
(1.51009e-07 1.57061e-05 0)
(1.68661e-06 1.41179e-05 0)
(2.44297e-06 1.24827e-05 0)
(2.59074e-06 1.10513e-05 0)
(2.31401e-06 9.90814e-06 0)
(1.76124e-06 9.06582e-06 0)
(1.03973e-06 8.51155e-06 0)
(2.24868e-07 8.23012e-06 0)
(-6.26731e-07 8.21476e-06 0)
(-1.46293e-06 8.47218e-06 0)
(-2.21992e-06 9.02372e-06 0)
(-2.80232e-06 9.9009e-06 0)
(-3.06002e-06 1.11265e-05 0)
(-2.77583e-06 1.26556e-05 0)
(-1.73117e-06 1.42101e-05 0)
(-9.32451e-08 1.4847e-05 0)
(1.55371e-06 1.43541e-05 0)
(2.75777e-06 1.32145e-05 0)
(3.39576e-06 1.18656e-05 0)
(3.53011e-06 1.05714e-05 0)
(3.28259e-06 9.45863e-06 0)
(2.77075e-06 8.57231e-06 0)
(2.08635e-06 7.91801e-06 0)
(1.29425e-06 7.48738e-06 0)
(4.38927e-07 7.27223e-06 0)
(7.81336e-08 5.87148e-08 0)
(1.3937e-07 2.92049e-06 0)
(-1.01697e-08 7.25494e-06 0)
(-3.36409e-07 7.22445e-06 0)
(-7.13183e-07 7.21306e-06 0)
(-1.13936e-06 7.26871e-06 0)
(-1.59865e-06 7.42084e-06 0)
(-2.06617e-06 7.69097e-06 0)
(-2.50924e-06 8.09715e-06 0)
(-2.8849e-06 8.65491e-06 0)
(-3.13567e-06 9.37374e-06 0)
(-3.18691e-06 1.02455e-05 0)
(-2.95344e-06 1.12169e-05 0)
(-2.37726e-06 1.21293e-05 0)
(-1.54156e-06 1.26183e-05 0)
(-6.61297e-07 1.26032e-05 0)
(7.62863e-08 1.22256e-05 0)
(5.77188e-07 1.16572e-05 0)
(8.22858e-07 1.10369e-05 0)
(8.38637e-07 1.04599e-05 0)
(6.69346e-07 9.98542e-06 0)
(3.65119e-07 9.64796e-06 0)
(-2.46314e-08 9.46706e-06 0)
(-4.51901e-07 9.45399e-06 0)
(-8.67616e-07 9.6151e-06 0)
(-1.21768e-06 9.95136e-06 0)
(-1.43946e-06 1.04528e-05 0)
(-1.46247e-06 1.1086e-05 0)
(-1.22068e-06 1.17717e-05 0)
(-6.88375e-07 1.23581e-05 0)
(5.79907e-08 1.26259e-05 0)
(8.45524e-07 1.24832e-05 0)
(1.50355e-06 1.20071e-05 0)
(1.9325e-06 1.13375e-05 0)
(2.10531e-06 1.06054e-05 0)
(2.04204e-06 9.90713e-06 0)
(1.78451e-06 9.30367e-06 0)
(1.37955e-06 8.82967e-06 0)
(8.7105e-07 8.50373e-06 0)
(2.98041e-07 8.33653e-06 0)
(6.97135e-08 3.6477e-08 0)
(1.40118e-07 3.29198e-06 0)
(2.96141e-08 8.0347e-06 0)
(-2.31158e-07 8.06618e-06 0)
(-5.01093e-07 8.12588e-06 0)
(-7.77092e-07 8.22763e-06 0)
(-1.05106e-06 8.38248e-06 0)
(-1.31003e-06 8.59912e-06 0)
(-1.53652e-06 8.88261e-06 0)
(-1.70907e-06 9.23264e-06 0)
(-1.80346e-06 9.64079e-06 0)
(-1.79562e-06 1.00863e-05 0)
(-1.66799e-06 1.05306e-05 0)
(-1.42035e-06 1.09148e-05 0)
(-1.08251e-06 1.11684e-05 0)
(-7.10718e-07 1.12574e-05 0)
(-3.65657e-07 1.11945e-05 0)
(-9.39629e-08 1.10205e-05 0)
(7.85205e-08 1.07854e-05 0)
(1.45411e-07 1.05367e-05 0)
(1.1515e-07 1.03139e-05 0)
(6.13396e-09 1.0147e-05 0)
(-1.56991e-07 1.00569e-05 0)
(-3.45581e-07 1.00565e-05 0)
(-5.28131e-07 1.01512e-05 0)
(-6.7101e-07 1.03377e-05 0)
(-7.39894e-07 1.06021e-05 0)
(-7.034e-07 1.09153e-05 0)
(-5.40595e-07 1.1229e-05 0)
(-2.52819e-07 1.14765e-05 0)
(1.25001e-07 1.15867e-05 0)
(5.28516e-07 1.15211e-05 0)
(8.8675e-07 1.12901e-05 0)
(1.14456e-06 1.09384e-05 0)
(1.27203e-06 1.05235e-05 0)
(1.26287e-06 1.00999e-05 0)
(1.12775e-06 9.7124e-06 0)
(8.87329e-07 9.3939e-06 0)
(5.67232e-07 9.16753e-06 0)
(1.95327e-07 9.04904e-06 0)
(6.96426e-08 3.59894e-08 0)
(1.5498e-07 3.57831e-06 0)
(9.39655e-08 8.65179e-06 0)
(-9.31165e-08 8.68668e-06 0)
(-2.79858e-07 8.74483e-06 0)
(-4.62484e-07 8.83161e-06 0)
(-6.35619e-07 8.9499e-06 0)
(-7.92147e-07 9.10139e-06 0)
(-9.23449e-07 9.28564e-06 0)
(-1.02e-06 9.49907e-06 0)
(-1.0724e-06 9.73399e-06 0)
(-1.0731e-06 9.97774e-06 0)
(-1.01868e-06 1.02124e-05 0)
(-9.12535e-07 1.04164e-05 0)
(-7.66674e-07 1.05687e-05 0)
(-6.00516e-07 1.06564e-05 0)
(-4.36555e-07 1.06787e-05 0)
(-2.953e-07 1.06456e-05 0)
(-1.91646e-07 1.05745e-05 0)
(-1.33245e-07 1.04857e-05 0)
(-1.20486e-07 1.03995e-05 0)
(-1.47418e-07 1.03334e-05 0)
(-2.03036e-07 1.03012e-05 0)
(-2.72595e-07 1.0312e-05 0)
(-3.38896e-07 1.03694e-05 0)
(-3.83677e-07 1.04709e-05 0)
(-3.89429e-07 1.06071e-05 0)
(-3.41993e-07 1.07604e-05 0)
(-2.34072e-07 1.09058e-05 0)
(-6.91264e-08 1.10131e-05 0)
(1.3623e-07 1.10537e-05 0)
(3.54157e-07 1.10102e-05 0)
(5.52282e-07 1.08822e-05 0)
(7.01608e-07 1.06851e-05 0)
(7.81967e-07 1.04443e-05 0)
(7.83947e-07 1.01888e-05 0)
(7.08122e-07 9.94641e-06 0)
(5.62971e-07 9.74099e-06 0)
(3.62671e-07 9.59157e-06 0)
(1.25399e-07 9.51222e-06 0)
(7.05432e-08 3.7324e-08 0)
(1.69105e-07 3.79787e-06 0)
(1.4804e-07 9.09499e-06 0)
(1.70918e-08 9.12254e-06 0)
(-1.11881e-07 9.16596e-06 0)
(-2.35881e-07 9.22823e-06 0)
(-3.51422e-07 9.30973e-06 0)
(-4.54506e-07 9.41004e-06 0)
(-5.40797e-07 9.52761e-06 0)
(-6.05965e-07 9.65939e-06 0)
(-6.4621e-07 9.80052e-06 0)
(-6.58962e-07 9.94433e-06 0)
(-6.43674e-07 1.00826e-05 0)
(-6.02529e-07 1.02063e-05 0)
(-5.4075e-07 1.03075e-05 0)
(-4.66184e-07 1.03805e-05 0)
(-3.88119e-07 1.04237e-05 0)
(-3.15705e-07 1.04398e-05 0)
(-2.56469e-07 1.04349e-05 0)
(-2.15239e-07 1.04175e-05 0)
(-1.93619e-07 1.03969e-05 0)
(-1.89933e-07 1.03821e-05 0)
(-1.99549e-07 1.03807e-05 0)
(-2.15468e-07 1.03979e-05 0)
(-2.2911e-07 1.04357e-05 0)
(-2.31309e-07 1.04928e-05 0)
(-2.13541e-07 1.05638e-05 0)
(-1.69403e-07 1.06393e-05 0)
(-9.6235e-08 1.07068e-05 0)
(3.44719e-09 1.07521e-05 0)
(1.2133e-07 1.07623e-05 0)
(2.44143e-07 1.07292e-05 0)
(3.56039e-07 1.06512e-05 0)
(4.4168e-07 1.05344e-05 0)
(4.88959e-07 1.03908e-05 0)
(4.90678e-07 1.02356e-05 0)
(4.45091e-07 1.00854e-05 0)
(3.55599e-07 9.9556e-06 0)
(2.30014e-07 9.8598e-06 0)
(7.97114e-08 9.80843e-06 0)
(7.16893e-08 3.83722e-08 0)
(1.80202e-07 3.96735e-06 0)
(1.87374e-07 9.40776e-06 0)
(9.48428e-08 9.42765e-06 0)
(4.02585e-09 9.45748e-06 0)
(-8.30021e-08 9.49953e-06 0)
(-1.64054e-07 9.5536e-06 0)
(-2.36826e-07 9.61898e-06 0)
(-2.99009e-07 9.69436e-06 0)
(-3.48468e-07 9.77772e-06 0)
(-3.83476e-07 9.86624e-06 0)
(-4.03e-07 9.95643e-06 0)
(-4.06971e-07 1.00443e-05 0)
(-3.96506e-07 1.01256e-05 0)
(-3.73959e-07 1.01968e-05 0)
(-3.42762e-07 1.02552e-05 0)
(-3.07021e-07 1.02994e-05 0)
(-2.70945e-07 1.03302e-05 0)
(-2.38239e-07 1.03497e-05 0)
(-2.11571e-07 1.03613e-05 0)
(-1.92202e-07 1.03691e-05 0)
(-1.79822e-07 1.03774e-05 0)
(-1.72595e-07 1.039e-05 0)
(-1.67398e-07 1.04093e-05 0)
(-1.60222e-07 1.04366e-05 0)
(-1.46745e-07 1.0471e-05 0)
(-1.23018e-07 1.05097e-05 0)
(-8.62539e-08 1.05478e-05 0)
(-3.55915e-08 1.05792e-05 0)
(2.73003e-08 1.0597e-05 0)
(9.80153e-08 1.05951e-05 0)
(1.69778e-07 1.05695e-05 0)
(2.34404e-07 1.05193e-05 0)
(2.83633e-07 1.04473e-05 0)
(3.10474e-07 1.03594e-05 0)
(3.10267e-07 1.02641e-05 0)
(2.81299e-07 1.0171e-05 0)
(2.24989e-07 1.00897e-05 0)
(1.45738e-07 1.00292e-05 0)
(5.05516e-08 9.99655e-06 0)
(7.30326e-08 3.90856e-08 0)
(1.88378e-07 4.10304e-06 0)
(2.14339e-07 9.63165e-06 0)
(1.47154e-07 9.64549e-06 0)
(8.12013e-08 9.66522e-06 0)
(1.78366e-08 9.69291e-06 0)
(-4.15901e-08 9.72834e-06 0)
(-9.57182e-08 9.77096e-06 0)
(-1.43244e-07 9.81992e-06 0)
(-1.83009e-07 9.87398e-06 0)
(-2.14112e-07 9.93154e-06 0)
(-2.36021e-07 9.99071e-06 0)
(-2.48682e-07 1.00494e-05 0)
(-2.52592e-07 1.01056e-05 0)
(-2.48805e-07 1.01573e-05 0)
(-2.38869e-07 1.0203e-05 0)
(-2.24661e-07 1.02421e-05 0)
(-2.08162e-07 1.02743e-05 0)
(-1.91197e-07 1.03005e-05 0)
(-1.75185e-07 1.03217e-05 0)
(-1.60937e-07 1.03399e-05 0)
(-1.48542e-07 1.03569e-05 0)
(-1.37351e-07 1.03742e-05 0)
(-1.26069e-07 1.03932e-05 0)
(-1.12954e-07 1.04142e-05 0)
(-9.61067e-08 1.04368e-05 0)
(-7.3835e-08 1.04595e-05 0)
(-4.50498e-08 1.04799e-05 0)
(-9.64108e-09 1.04948e-05 0)
(3.12473e-08 1.05009e-05 0)
(7.51298e-08 1.04953e-05 0)
(1.18345e-07 1.04761e-05 0)
(1.56483e-07 1.0443e-05 0)
(1.85001e-07 1.03974e-05 0)
(1.99913e-07 1.03426e-05 0)
(1.98402e-07 1.02833e-05 0)
(1.79271e-07 1.02253e-05 0)
(1.43187e-07 1.01745e-05 0)
(9.27143e-08 1.01366e-05 0)
(3.21585e-08 1.0116e-05 0)
(7.46109e-08 3.96219e-08 0)
(1.93764e-07 4.21749e-06 0)
(2.31429e-07 9.79676e-06 0)
(1.80958e-07 9.80588e-06 0)
(1.31408e-07 9.81836e-06 0)
(8.3626e-08 9.83619e-06 0)
(3.84279e-08 9.8592e-06 0)
(-3.37606e-09 9.88707e-06 0)
(-4.10188e-08 9.91925e-06 0)
(-7.38239e-08 9.95502e-06 0)
(-1.01258e-07 9.99346e-06 0)
(-1.22984e-07 1.00335e-05 0)
(-1.38907e-07 1.00741e-05 0)
(-1.49202e-07 1.01139e-05 0)
(-1.54314e-07 1.0152e-05 0)
(-1.54932e-07 1.01875e-05 0)
(-1.51918e-07 1.02199e-05 0)
(-1.46213e-07 1.02488e-05 0)
(-1.38718e-07 1.02743e-05 0)
(-1.30181e-07 1.02969e-05 0)
(-1.21096e-07 1.03171e-05 0)
(-1.11636e-07 1.03358e-05 0)
(-1.01637e-07 1.03535e-05 0)
(-9.0633e-08 1.03708e-05 0)
(-7.79491e-08 1.03876e-05 0)
(-6.28457e-08 1.04038e-05 0)
(-4.47002e-08 1.04185e-05 0)
(-2.32051e-08 1.04303e-05 0)
(1.44848e-09 1.04379e-05 0)
(2.84398e-08 1.04396e-05 0)
(5.62778e-08 1.0434e-05 0)
(8.28805e-08 1.04202e-05 0)
(1.05779e-07 1.03982e-05 0)
(1.22421e-07 1.03689e-05 0)
(1.30532e-07 1.03342e-05 0)
(1.28464e-07 1.02971e-05 0)
(1.15484e-07 1.02608e-05 0)
(9.19656e-08 1.02289e-05 0)
(5.94535e-08 1.02051e-05 0)
(2.06078e-08 1.01922e-05 0)
(7.64117e-08 4.01866e-08 0)
(1.95899e-07 4.31929e-06 0)
(2.39727e-07 9.92245e-06 0)
(2.00793e-07 9.92764e-06 0)
(1.62601e-07 9.93479e-06 0)
(1.25646e-07 9.94575e-06 0)
(9.03985e-08 9.96042e-06 0)
(5.73392e-08 9.97857e-06 0)
(2.69311e-08 9.99987e-06 0)
(-4.07155e-10 1.00239e-05 0)
(-2.43303e-08 1.005e-05 0)
(-4.45942e-08 1.00777e-05 0)
(-6.10784e-08 1.01063e-05 0)
(-7.38004e-08 1.0135e-05 0)
(-8.29171e-08 1.01633e-05 0)
(-8.87127e-08 1.01906e-05 0)
(-9.15694e-08 1.02165e-05 0)
(-9.19256e-08 1.02406e-05 0)
(-9.02235e-08 1.0263e-05 0)
(-8.68555e-08 1.02835e-05 0)
(-8.21159e-08 1.03023e-05 0)
(-7.61671e-08 1.03197e-05 0)
(-6.90275e-08 1.03358e-05 0)
(-6.05862e-08 1.03508e-05 0)
(-5.06463e-08 1.03646e-05 0)
(-3.89944e-08 1.03769e-05 0)
(-2.54892e-08 1.03873e-05 0)
(-1.01587e-08 1.03951e-05 0)
(6.71114e-09 1.03996e-05 0)
(2.45136e-08 1.04e-05 0)
(4.23043e-08 1.03956e-05 0)
(5.88422e-08 1.03861e-05 0)
(7.26935e-08 1.03715e-05 0)
(8.23905e-08 1.03527e-05 0)
(8.66238e-08 1.03307e-05 0)
(8.44416e-08 1.03072e-05 0)
(7.54256e-08 1.02843e-05 0)
(5.98169e-08 1.02643e-05 0)
(3.85749e-08 1.02494e-05 0)
(1.33555e-08 1.02413e-05 0)
(7.80407e-08 4.09496e-08 0)
(1.93848e-07 4.4132e-06 0)
(2.39462e-07 1.00194e-05 0)
(2.09525e-07 1.00214e-05 0)
(1.80033e-07 1.00247e-05 0)
(1.51281e-07 1.0031e-05 0)
(1.23555e-07 1.00401e-05 0)
(9.71604e-08 1.00519e-05 0)
(7.2403e-08 1.00661e-05 0)
(4.95692e-08 1.00823e-05 0)
(2.89096e-08 1.01004e-05 0)
(1.06218e-08 1.01198e-05 0)
(-5.16172e-09 1.01402e-05 0)
(-1.83824e-08 1.01612e-05 0)
(-2.90579e-08 1.01822e-05 0)
(-3.72776e-08 1.02031e-05 0)
(-4.31905e-08 1.02233e-05 0)
(-4.69871e-08 1.02428e-05 0)
(-4.88757e-08 1.02612e-05 0)
(-4.90581e-08 1.02786e-05 0)
(-4.77065e-08 1.02948e-05 0)
(-4.4947e-08 1.03098e-05 0)
(-4.0853e-08 1.03236e-05 0)
(-3.54516e-08 1.03362e-05 0)
(-2.87428e-08 1.03475e-05 0)
(-2.07335e-08 1.03572e-05 0)
(-1.14789e-08 1.03652e-05 0)
(-1.12982e-09 1.0371e-05 0)
(1.00259e-08 1.03742e-05 0)
(2.15345e-08 1.03744e-05 0)
(3.27713e-08 1.03715e-05 0)
(4.2964e-08 1.03652e-05 0)
(5.12498e-08 1.03558e-05 0)
(5.67613e-08 1.03437e-05 0)
(5.87326e-08 1.03297e-05 0)
(5.66136e-08 1.03148e-05 0)
(5.01733e-08 1.03004e-05 0)
(3.95797e-08 1.02878e-05 0)
(2.54405e-08 1.02783e-05 0)
(8.79419e-09 1.02732e-05 0)
(7.84457e-08 4.16875e-08 0)
(1.87756e-07 4.5006e-06 0)
(2.32617e-07 1.00921e-05 0)
(2.10592e-07 1.00926e-05 0)
(1.88374e-07 1.00939e-05 0)
(1.6626e-07 1.00975e-05 0)
(1.44511e-07 1.01033e-05 0)
(1.23391e-07 1.01111e-05 0)
(1.03155e-07 1.01207e-05 0)
(8.40405e-08 1.01319e-05 0)
(6.62619e-08 1.01446e-05 0)
(4.99988e-08 1.01584e-05 0)
(3.53916e-08 1.01732e-05 0)
(2.25367e-08 1.01885e-05 0)
(1.14844e-08 1.02043e-05 0)
(2.24063e-09 1.02201e-05 0)
(-5.22842e-09 1.02357e-05 0)
(-1.09882e-08 1.0251e-05 0)
(-1.51257e-08 1.02658e-05 0)
(-1.7738e-08 1.02799e-05 0)
(-1.8922e-08 1.02932e-05 0)
(-1.87664e-08 1.03056e-05 0)
(-1.73485e-08 1.0317e-05 0)
(-1.47367e-08 1.03274e-05 0)
(-1.09998e-08 1.03365e-05 0)
(-6.22191e-09 1.03443e-05 0)
(-5.2271e-10 1.03506e-05 0)
(5.92135e-09 1.03552e-05 0)
(1.28581e-08 1.03578e-05 0)
(1.99477e-08 1.03584e-05 0)
(2.67633e-08 1.03567e-05 0)
(3.28059e-08 1.03528e-05 0)
(3.75373e-08 1.03468e-05 0)
(4.04292e-08 1.03391e-05 0)
(4.10227e-08 1.03302e-05 0)
(3.89944e-08 1.03208e-05 0)
(3.42174e-08 1.03116e-05 0)
(2.68093e-08 1.03037e-05 0)
(1.71583e-08 1.02977e-05 0)
(5.91888e-09 1.02945e-05 0)
(7.71517e-08 4.17963e-08 0)
(1.81447e-07 4.58232e-06 0)
(2.2573e-07 1.01443e-05 0)
(2.09839e-07 1.01455e-05 0)
(1.93131e-07 1.01467e-05 0)
(1.75978e-07 1.01494e-05 0)
(1.58676e-07 1.01536e-05 0)
(1.41494e-07 1.01593e-05 0)
(1.24676e-07 1.01662e-05 0)
(1.08443e-07 1.01742e-05 0)
(9.299e-08 1.01834e-05 0)
(7.84868e-08 1.01934e-05 0)
(6.50744e-08 1.02042e-05 0)
(5.28639e-08 1.02155e-05 0)
(4.19357e-08 1.02273e-05 0)
(3.23398e-08 1.02392e-05 0)
(2.40981e-08 1.02511e-05 0)
(1.72075e-08 1.02629e-05 0)
(1.16441e-08 1.02744e-05 0)
(7.36877e-09 1.02856e-05 0)
(4.33114e-09 1.02961e-05 0)
(2.47358e-09 1.0306e-05 0)
(1.73262e-09 1.03152e-05 0)
(2.03784e-09 1.03235e-05 0)
(3.30782e-09 1.03309e-05 0)
(5.44319e-09 1.03371e-05 0)
(8.31784e-09 1.03422e-05 0)
(1.17696e-08 1.03459e-05 0)
(1.55923e-08 1.03481e-05 0)
(1.95323e-08 1.03489e-05 0)
(2.32908e-08 1.03481e-05 0)
(2.65346e-08 1.03457e-05 0)
(2.89163e-08 1.0342e-05 0)
(3.01025e-08 1.03372e-05 0)
(2.98093e-08 1.03316e-05 0)
(2.78401e-08 1.03256e-05 0)
(2.4122e-08 1.03198e-05 0)
(1.87342e-08 1.03148e-05 0)
(1.19234e-08 1.0311e-05 0)
(4.1019e-09 1.0309e-05 0)
(7.5615e-08 4.12476e-08 0)
(1.80117e-07 4.66215e-06 0)
(2.25773e-07 1.01835e-05 0)
(2.12775e-07 1.01864e-05 0)
(1.98957e-07 1.01886e-05 0)
(1.84613e-07 1.01915e-05 0)
(1.69981e-07 1.01952e-05 0)
(1.55275e-07 1.01997e-05 0)
(1.40695e-07 1.02051e-05 0)
(1.2642e-07 1.02111e-05 0)
(1.12615e-07 1.02179e-05 0)
(9.94243e-08 1.02253e-05 0)
(8.69746e-08 1.02332e-05 0)
(7.53725e-08 1.02416e-05 0)
(6.47037e-08 1.02503e-05 0)
(5.50329e-08 1.02592e-05 0)
(4.64047e-08 1.02681e-05 0)
(3.88442e-08 1.02771e-05 0)
(3.23589e-08 1.02858e-05 0)
(2.69404e-08 1.02943e-05 0)
(2.25666e-08 1.03025e-05 0)
(1.92027e-08 1.03102e-05 0)
(1.68023e-08 1.03173e-05 0)
(1.53065e-08 1.03238e-05 0)
(1.46424e-08 1.03295e-05 0)
(1.47198e-08 1.03344e-05 0)
(1.54281e-08 1.03383e-05 0)
(1.66321e-08 1.03413e-05 0)
(1.81698e-08 1.03432e-05 0)
(1.98523e-08 1.0344e-05 0)
(2.14666e-08 1.03437e-05 0)
(2.27837e-08 1.03424e-05 0)
(2.35712e-08 1.03401e-05 0)
(2.36108e-08 1.03371e-05 0)
(2.27191e-08 1.03335e-05 0)
(2.07705e-08 1.03297e-05 0)
(1.77179e-08 1.03261e-05 0)
(1.36104e-08 1.03228e-05 0)
(8.60175e-09 1.03204e-05 0)
(2.94903e-09 1.03191e-05 0)
(7.51104e-08 4.06969e-08 0)
(1.83871e-07 4.74471e-06 0)
(2.32482e-07 1.02185e-05 0)
(2.19836e-07 1.02225e-05 0)
(2.0679e-07 1.02254e-05 0)
(1.93483e-07 1.02284e-05 0)
(1.80032e-07 1.02318e-05 0)
(1.66561e-07 1.02356e-05 0)
(1.53193e-07 1.02398e-05 0)
(1.4005e-07 1.02445e-05 0)
(1.27249e-07 1.02495e-05 0)
(1.14899e-07 1.02549e-05 0)
(1.03099e-07 1.02607e-05 0)
(9.19383e-08 1.02668e-05 0)
(8.14934e-08 1.02731e-05 0)
(7.18267e-08 1.02795e-05 0)
(6.2987e-08 1.02861e-05 0)
(5.50087e-08 1.02926e-05 0)
(4.79123e-08 1.0299e-05 0)
(4.17045e-08 1.03053e-05 0)
(3.63789e-08 1.03113e-05 0)
(3.19161e-08 1.0317e-05 0)
(2.82841e-08 1.03223e-05 0)
(2.54378e-08 1.03271e-05 0)
(2.33184e-08 1.03314e-05 0)
(2.18519e-08 1.0335e-05 0)
(2.09484e-08 1.0338e-05 0)
(2.05006e-08 1.03403e-05 0)
(2.03837e-08 1.03417e-05 0)
(2.04566e-08 1.03424e-05 0)
(2.0565e-08 1.03424e-05 0)
(2.05472e-08 1.03416e-05 0)
(2.02421e-08 1.03401e-05 0)
(1.95006e-08 1.03382e-05 0)
(1.81983e-08 1.03359e-05 0)
(1.62487e-08 1.03334e-05 0)
(1.36167e-08 1.03311e-05 0)
(1.03278e-08 1.0329e-05 0)
(6.47357e-09 1.03274e-05 0)
(2.2104e-09 1.03266e-05 0)
(7.55019e-08 4.04841e-08 0)
(1.89244e-07 4.83161e-06 0)
(2.41002e-07 1.02542e-05 0)
(2.27942e-07 1.02581e-05 0)
(2.14823e-07 1.02608e-05 0)
(2.017e-07 1.02635e-05 0)
(1.88617e-07 1.02663e-05 0)
(1.7563e-07 1.02693e-05 0)
(1.62806e-07 1.02724e-05 0)
(1.50219e-07 1.02758e-05 0)
(1.37945e-07 1.02794e-05 0)
(1.26059e-07 1.02832e-05 0)
(1.14633e-07 1.02872e-05 0)
(1.03737e-07 1.02914e-05 0)
(9.34305e-08 1.02957e-05 0)
(8.37682e-08 1.03001e-05 0)
(7.47937e-08 1.03046e-05 0)
(6.65414e-08 1.03091e-05 0)
(5.90347e-08 1.03135e-05 0)
(5.22861e-08 1.03178e-05 0)
(4.62969e-08 1.0322e-05 0)
(4.1057e-08 1.03259e-05 0)
(3.65447e-08 1.03295e-05 0)
(3.27265e-08 1.03329e-05 0)
(2.95566e-08 1.03358e-05 0)
(2.6977e-08 1.03383e-05 0)
(2.49166e-08 1.03403e-05 0)
(2.32918e-08 1.03418e-05 0)
(2.20069e-08 1.03427e-05 0)
(2.09558e-08 1.03432e-05 0)
(2.00244e-08 1.03431e-05 0)
(1.90951e-08 1.03425e-05 0)
(1.80523e-08 1.03415e-05 0)
(1.67893e-08 1.03401e-05 0)
(1.52167e-08 1.03385e-05 0)
(1.32704e-08 1.03369e-05 0)
(1.09194e-08 1.03353e-05 0)
(8.17174e-09 1.03339e-05 0)
(5.07712e-09 1.03328e-05 0)
(1.72598e-09 1.03323e-05 0)
(7.63185e-08 4.04882e-08 0)
(1.93825e-07 4.92261e-06 0)
(2.47883e-07 1.02913e-05 0)
(2.34497e-07 1.02944e-05 0)
(2.21197e-07 1.02963e-05 0)
(2.08022e-07 1.02981e-05 0)
(1.94995e-07 1.03e-05 0)
(1.82147e-07 1.0302e-05 0)
(1.6952e-07 1.0304e-05 0)
(1.5716e-07 1.03061e-05 0)
(1.4512e-07 1.03083e-05 0)
(1.33452e-07 1.03107e-05 0)
(1.22209e-07 1.03131e-05 0)
(1.11444e-07 1.03156e-05 0)
(1.01204e-07 1.03182e-05 0)
(9.15322e-08 1.03208e-05 0)
(8.24664e-08 1.03235e-05 0)
(7.40361e-08 1.03261e-05 0)
(6.62633e-08 1.03288e-05 0)
(5.91612e-08 1.03314e-05 0)
(5.27339e-08 1.03338e-05 0)
(4.69759e-08 1.03361e-05 0)
(4.18716e-08 1.03383e-05 0)
(3.73958e-08 1.03402e-05 0)
(3.35126e-08 1.03419e-05 0)
(3.01763e-08 1.03432e-05 0)
(2.73309e-08 1.03443e-05 0)
(2.49109e-08 1.0345e-05 0)
(2.28421e-08 1.03454e-05 0)
(2.1043e-08 1.03454e-05 0)
(1.94273e-08 1.03451e-05 0)
(1.79065e-08 1.03445e-05 0)
(1.63943e-08 1.03436e-05 0)
(1.48107e-08 1.03426e-05 0)
(1.30875e-08 1.03414e-05 0)
(1.11733e-08 1.03401e-05 0)
(9.03839e-09 1.03389e-05 0)
(6.6779e-09 1.03379e-05 0)
(4.11353e-09 1.03372e-05 0)
(1.39238e-09 1.03368e-05 0)
(7.73038e-08 4.05602e-08 0)
(1.96875e-07 5.01787e-06 0)
(2.51963e-07 1.03292e-05 0)
(2.384e-07 1.03312e-05 0)
(2.24961e-07 1.0332e-05 0)
(2.1169e-07 1.03329e-05 0)
(1.98613e-07 1.03337e-05 0)
(1.85759e-07 1.03345e-05 0)
(1.7316e-07 1.03353e-05 0)
(1.60857e-07 1.03361e-05 0)
(1.48888e-07 1.03369e-05 0)
(1.37296e-07 1.03378e-05 0)
(1.26123e-07 1.03387e-05 0)
(1.1541e-07 1.03396e-05 0)
(1.05197e-07 1.03406e-05 0)
(9.55171e-08 1.03416e-05 0)
(8.64022e-08 1.03426e-05 0)
(7.78767e-08 1.03436e-05 0)
(6.99588e-08 1.03446e-05 0)
(6.26599e-08 1.03455e-05 0)
(5.59836e-08 1.03464e-05 0)
(4.99257e-08 1.03472e-05 0)
(4.44736e-08 1.0348e-05 0)
(3.96063e-08 1.03486e-05 0)
(3.52946e-08 1.03491e-05 0)
(3.15008e-08 1.03494e-05 0)
(2.81795e-08 1.03495e-05 0)
(2.52779e-08 1.03494e-05 0)
(2.27368e-08 1.03492e-05 0)
(2.04918e-08 1.03487e-05 0)
(1.8475e-08 1.03481e-05 0)
(1.66176e-08 1.03473e-05 0)
(1.48519e-08 1.03463e-05 0)
(1.31153e-08 1.03453e-05 0)
(1.13526e-08 1.03442e-05 0)
(9.52023e-09 1.03431e-05 0)
(7.58838e-09 1.03422e-05 0)
(5.54341e-09 1.03413e-05 0)
(3.38847e-09 1.03408e-05 0)
(1.14248e-09 1.03404e-05 0)
(7.83641e-08 4.06467e-08 0)
(1.98342e-07 5.11838e-06 0)
(2.53086e-07 1.03676e-05 0)
(2.39369e-07 1.03684e-05 0)
(2.25781e-07 1.03682e-05 0)
(2.12374e-07 1.03679e-05 0)
(1.9918e-07 1.03675e-05 0)
(1.86232e-07 1.03671e-05 0)
(1.73566e-07 1.03666e-05 0)
(1.61219e-07 1.0366e-05 0)
(1.49229e-07 1.03655e-05 0)
(1.37634e-07 1.03649e-05 0)
(1.26472e-07 1.03642e-05 0)
(1.15778e-07 1.03636e-05 0)
(1.05584e-07 1.0363e-05 0)
(9.59216e-08 1.03624e-05 0)
(8.68137e-08 1.03618e-05 0)
(7.82803e-08 1.03612e-05 0)
(7.03354e-08 1.03606e-05 0)
(6.29865e-08 1.036e-05 0)
(5.62346e-08 1.03594e-05 0)
(5.0074e-08 1.03588e-05 0)
(4.44918e-08 1.03582e-05 0)
(3.94685e-08 1.03575e-05 0)
(3.49774e-08 1.03569e-05 0)
(3.09854e-08 1.03561e-05 0)
(2.74534e-08 1.03553e-05 0)
(2.43365e-08 1.03545e-05 0)
(2.15853e-08 1.03535e-05 0)
(1.91464e-08 1.03525e-05 0)
(1.69644e-08 1.03514e-05 0)
(1.49831e-08 1.03503e-05 0)
(1.31474e-08 1.03492e-05 0)
(1.14056e-08 1.0348e-05 0)
(9.71117e-09 1.03469e-05 0)
(8.02544e-09 1.03459e-05 0)
(6.31876e-09 1.0345e-05 0)
(4.5719e-09 1.03442e-05 0)
(2.77625e-09 1.03437e-05 0)
(9.32902e-10 1.03434e-05 0)
(7.94709e-08 4.07398e-08 0)
(1.98297e-07 5.22563e-06 0)
(2.5131e-07 1.04065e-05 0)
(2.37365e-07 1.04062e-05 0)
(2.23549e-07 1.04048e-05 0)
(2.09922e-07 1.04033e-05 0)
(1.96523e-07 1.04017e-05 0)
(1.83394e-07 1.04e-05 0)
(1.70576e-07 1.03981e-05 0)
(1.58109e-07 1.03961e-05 0)
(1.46035e-07 1.03941e-05 0)
(1.34391e-07 1.0392e-05 0)
(1.23214e-07 1.03898e-05 0)
(1.12537e-07 1.03875e-05 0)
(1.02388e-07 1.03853e-05 0)
(9.27931e-08 1.03831e-05 0)
(8.37702e-08 1.03808e-05 0)
(7.53335e-08 1.03786e-05 0)
(6.7491e-08 1.03765e-05 0)
(6.0245e-08 1.03744e-05 0)
(5.35915e-08 1.03724e-05 0)
(4.75205e-08 1.03704e-05 0)
(4.20163e-08 1.03685e-05 0)
(3.70571e-08 1.03666e-05 0)
(3.26161e-08 1.03648e-05 0)
(2.86611e-08 1.0363e-05 0)
(2.51554e-08 1.03613e-05 0)
(2.20585e-08 1.03597e-05 0)
(1.93264e-08 1.0358e-05 0)
(1.69127e-08 1.03565e-05 0)
(1.47698e-08 1.03549e-05 0)
(1.28497e-08 1.03534e-05 0)
(1.11056e-08 1.0352e-05 0)
(9.49335e-09 1.03507e-05 0)
(7.97253e-09 1.03494e-05 0)
(6.50802e-09 1.03483e-05 0)
(5.07091e-09 1.03474e-05 0)
(3.63912e-09 1.03466e-05 0)
(2.19734e-09 1.03461e-05 0)
(7.36229e-10 1.03458e-05 0)
(8.06246e-08 4.08413e-08 0)
(1.9682e-07 5.34144e-06 0)
(2.46697e-07 1.04462e-05 0)
(2.32374e-07 1.04447e-05 0)
(2.18185e-07 1.04423e-05 0)
(2.04197e-07 1.04395e-05 0)
(1.90464e-07 1.04366e-05 0)
(1.77037e-07 1.04334e-05 0)
(1.63968e-07 1.04301e-05 0)
(1.51304e-07 1.04266e-05 0)
(1.39091e-07 1.04229e-05 0)
(1.2737e-07 1.04191e-05 0)
(1.16178e-07 1.04153e-05 0)
(1.05545e-07 1.04113e-05 0)
(9.54975e-08 1.04074e-05 0)
(8.60528e-08 1.04035e-05 0)
(7.7224e-08 1.03996e-05 0)
(6.9017e-08 1.03958e-05 0)
(6.14318e-08 1.0392e-05 0)
(5.44622e-08 1.03884e-05 0)
(4.80966e-08 1.03849e-05 0)
(4.23178e-08 1.03816e-05 0)
(3.71038e-08 1.03784e-05 0)
(3.24282e-08 1.03753e-05 0)
(2.82602e-08 1.03724e-05 0)
(2.4566e-08 1.03697e-05 0)
(2.13083e-08 1.03671e-05 0)
(1.84478e-08 1.03646e-05 0)
(1.59429e-08 1.03623e-05 0)
(1.37512e-08 1.03602e-05 0)
(1.183e-08 1.03581e-05 0)
(1.01367e-08 1.03563e-05 0)
(8.63037e-09 1.03545e-05 0)
(7.27227e-09 1.0353e-05 0)
(6.02677e-09 1.03515e-05 0)
(4.86216e-09 1.03503e-05 0)
(3.75117e-09 1.03493e-05 0)
(2.67126e-09 1.03485e-05 0)
(1.60435e-09 1.0348e-05 0)
(5.36077e-10 1.03477e-05 0)
(8.18458e-08 4.09548e-08 0)
(1.94003e-07 5.46814e-06 0)
(2.393e-07 1.04873e-05 0)
(2.24349e-07 1.04847e-05 0)
(2.09546e-07 1.0481e-05 0)
(1.94978e-07 1.04769e-05 0)
(1.80716e-07 1.04725e-05 0)
(1.66828e-07 1.04678e-05 0)
(1.53379e-07 1.04628e-05 0)
(1.40428e-07 1.04575e-05 0)
(1.28026e-07 1.0452e-05 0)
(1.16218e-07 1.04464e-05 0)
(1.05039e-07 1.04407e-05 0)
(9.4516e-08 1.04349e-05 0)
(8.46675e-08 1.04291e-05 0)
(7.5503e-08 1.04233e-05 0)
(6.70241e-08 1.04177e-05 0)
(5.92251e-08 1.04122e-05 0)
(5.20933e-08 1.04068e-05 0)
(4.56106e-08 1.04016e-05 0)
(3.97533e-08 1.03967e-05 0)
(3.44936e-08 1.0392e-05 0)
(2.97999e-08 1.03875e-05 0)
(2.56378e-08 1.03833e-05 0)
(2.19706e-08 1.03794e-05 0)
(1.87596e-08 1.03757e-05 0)
(1.59651e-08 1.03722e-05 0)
(1.35466e-08 1.0369e-05 0)
(1.14634e-08 1.03661e-05 0)
(9.67503e-09 1.03634e-05 0)
(8.14184e-09 1.03609e-05 0)
(6.82551e-09 1.03586e-05 0)
(5.68957e-09 1.03566e-05 0)
(4.69994e-09 1.03547e-05 0)
(3.82543e-09 1.03531e-05 0)
(3.03815e-09 1.03518e-05 0)
(2.3137e-09 1.03507e-05 0)
(1.63122e-09 1.03498e-05 0)
(9.73056e-10 1.03492e-05 0)
(3.24013e-10 1.03489e-05 0)
(8.31711e-08 4.1088e-08 0)
(1.89934e-07 5.60881e-06 0)
(2.2911e-07 1.05307e-05 0)
(2.13118e-07 1.05269e-05 0)
(1.97323e-07 1.05218e-05 0)
(1.81838e-07 1.05162e-05 0)
(1.66762e-07 1.05101e-05 0)
(1.52188e-07 1.05035e-05 0)
(1.38197e-07 1.04965e-05 0)
(1.2486e-07 1.04891e-05 0)
(1.12234e-07 1.04815e-05 0)
(1.00363e-07 1.04737e-05 0)
(8.92761e-08 1.04658e-05 0)
(7.89907e-08 1.04579e-05 0)
(6.95105e-08 1.045e-05 0)
(6.08286e-08 1.04423e-05 0)
(5.2928e-08 1.04347e-05 0)
(4.57842e-08 1.04274e-05 0)
(3.93656e-08 1.04203e-05 0)
(3.36358e-08 1.04136e-05 0)
(2.85546e-08 1.04071e-05 0)
(2.4079e-08 1.04011e-05 0)
(2.01648e-08 1.03954e-05 0)
(1.67668e-08 1.03901e-05 0)
(1.384e-08 1.03852e-05 0)
(1.13396e-08 1.03806e-05 0)
(9.22202e-09 1.03764e-05 0)
(7.44485e-09 1.03725e-05 0)
(5.96727e-09 1.03689e-05 0)
(4.7503e-09 1.03657e-05 0)
(3.75706e-09 1.03628e-05 0)
(2.95295e-09 1.03602e-05 0)
(2.30597e-09 1.03579e-05 0)
(1.78687e-09 1.03558e-05 0)
(1.36936e-09 1.03541e-05 0)
(1.03023e-09 1.03526e-05 0)
(7.49407e-10 1.03514e-05 0)
(5.09733e-10 1.03505e-05 0)
(2.96655e-10 1.03499e-05 0)
(9.75457e-11 1.03495e-05 0)
(8.46501e-08 4.12568e-08 0)
(1.84631e-07 5.76769e-06 0)
(2.15916e-07 1.05781e-05 0)
(1.98226e-07 1.05728e-05 0)
(1.8085e-07 1.0566e-05 0)
(1.63947e-07 1.05584e-05 0)
(1.47658e-07 1.05501e-05 0)
(1.32104e-07 1.05411e-05 0)
(1.17387e-07 1.05315e-05 0)
(1.03586e-07 1.05215e-05 0)
(9.07554e-08 1.05112e-05 0)
(7.89284e-08 1.05008e-05 0)
(6.81156e-08 1.04903e-05 0)
(5.83091e-08 1.04799e-05 0)
(4.94848e-08 1.04696e-05 0)
(4.16054e-08 1.04596e-05 0)
(3.46237e-08 1.045e-05 0)
(2.8485e-08 1.04407e-05 0)
(2.313e-08 1.04319e-05 0)
(1.8497e-08 1.04235e-05 0)
(1.45233e-08 1.04157e-05 0)
(1.11474e-08 1.04083e-05 0)
(8.30926e-09 1.04015e-05 0)
(5.95155e-09 1.03952e-05 0)
(4.02004e-09 1.03893e-05 0)
(2.46389e-09 1.0384e-05 0)
(1.2358e-09 1.03791e-05 0)
(2.9203e-10 1.03747e-05 0)
(-4.07594e-10 1.03706e-05 0)
(-8.99781e-10 1.0367e-05 0)
(-1.21783e-09 1.03638e-05 0)
(-1.39173e-09 1.03609e-05 0)
(-1.44815e-09 1.03584e-05 0)
(-1.41058e-09 1.03562e-05 0)
(-1.29931e-09 1.03543e-05 0)
(-1.13153e-09 1.03527e-05 0)
(-9.21461e-10 1.03514e-05 0)
(-6.80607e-10 1.03505e-05 0)
(-4.18087e-10 1.03498e-05 0)
(-1.41208e-10 1.03495e-05 0)
(8.63408e-08 4.14964e-08 0)
(1.77913e-07 5.95094e-06 0)
(1.99037e-07 1.06318e-05 0)
(1.78603e-07 1.06245e-05 0)
(1.58755e-07 1.06153e-05 0)
(1.3972e-07 1.06049e-05 0)
(1.21693e-07 1.05935e-05 0)
(1.04828e-07 1.05811e-05 0)
(8.92392e-08 1.05681e-05 0)
(7.49961e-08 1.05546e-05 0)
(6.21295e-08 1.05409e-05 0)
(5.06341e-08 1.05271e-05 0)
(4.04748e-08 1.05134e-05 0)
(3.15923e-08 1.05e-05 0)
(2.39099e-08 1.0487e-05 0)
(1.73385e-08 1.04745e-05 0)
(1.17825e-08 1.04626e-05 0)
(7.14356e-09 1.04513e-05 0)
(3.32414e-09 1.04407e-05 0)
(2.30055e-10 1.04308e-05 0)
(-2.22775e-09 1.04216e-05 0)
(-4.13203e-09 1.0413e-05 0)
(-5.55861e-09 1.04052e-05 0)
(-6.57616e-09 1.0398e-05 0)
(-7.24631e-09 1.03914e-05 0)
(-7.62384e-09 1.03855e-05 0)
(-7.75719e-09 1.03801e-05 0)
(-7.68886e-09 1.03752e-05 0)
(-7.45592e-09 1.03709e-05 0)
(-7.09049e-09 1.0367e-05 0)
(-6.62016e-09 1.03635e-05 0)
(-6.06837e-09 1.03605e-05 0)
(-5.45475e-09 1.03578e-05 0)
(-4.79537e-09 1.03555e-05 0)
(-4.10297e-09 1.03536e-05 0)
(-3.38717e-09 1.0352e-05 0)
(-2.6547e-09 1.03507e-05 0)
(-1.90962e-09 1.03497e-05 0)
(-1.15363e-09 1.0349e-05 0)
(-3.86494e-10 1.03487e-05 0)
(8.82837e-08 4.18976e-08 0)
(1.69096e-07 6.1679e-06 0)
(1.76718e-07 1.0696e-05 0)
(1.51909e-07 1.06854e-05 0)
(1.28282e-07 1.06724e-05 0)
(1.06164e-07 1.06576e-05 0)
(8.58073e-08 1.06414e-05 0)
(6.73829e-08 1.06241e-05 0)
(5.09781e-08 1.06061e-05 0)
(3.66058e-08 1.05877e-05 0)
(2.42163e-08 1.05694e-05 0)
(1.37102e-08 1.05513e-05 0)
(4.9535e-09 1.05337e-05 0)
(-2.21041e-09 1.05168e-05 0)
(-7.94898e-09 1.05007e-05 0)
(-1.24319e-08 1.04855e-05 0)
(-1.58242e-08 1.04713e-05 0)
(-1.82817e-08 1.0458e-05 0)
(-1.99479e-08 1.04457e-05 0)
(-2.09521e-08 1.04343e-05 0)
(-2.14095e-08 1.0424e-05 0)
(-2.14208e-08 1.04145e-05 0)
(-2.10731e-08 1.04059e-05 0)
(-2.04411e-08 1.03981e-05 0)
(-1.95878e-08 1.0391e-05 0)
(-1.85665e-08 1.03847e-05 0)
(-1.74212e-08 1.0379e-05 0)
(-1.61883e-08 1.0374e-05 0)
(-1.48973e-08 1.03695e-05 0)
(-1.3572e-08 1.03655e-05 0)
(-1.22309e-08 1.0362e-05 0)
(-1.08882e-08 1.03589e-05 0)
(-9.55389e-09 1.03562e-05 0)
(-8.23467e-09 1.03539e-05 0)
(-6.93393e-09 1.0352e-05 0)
(-5.65208e-09 1.03504e-05 0)
(-4.38681e-09 1.03492e-05 0)
(-3.13321e-09 1.03482e-05 0)
(-1.88401e-09 1.03476e-05 0)
(-6.29725e-10 1.03472e-05 0)
(9.04017e-08 4.26683e-08 0)
(1.56266e-07 6.43353e-06 0)
(1.44825e-07 1.07769e-05 0)
(1.1317e-07 1.07606e-05 0)
(8.39651e-08 1.07407e-05 0)
(5.76744e-08 1.07184e-05 0)
(3.45807e-08 1.06944e-05 0)
(1.47854e-08 1.06694e-05 0)
(-1.76537e-09 1.06441e-05 0)
(-1.5245e-08 1.06189e-05 0)
(-2.59091e-08 1.05945e-05 0)
(-3.40608e-08 1.0571e-05 0)
(-4.0023e-08 1.05488e-05 0)
(-4.41168e-08 1.05279e-05 0)
(-4.66468e-08 1.05085e-05 0)
(-4.78918e-08 1.04906e-05 0)
(-4.81002e-08 1.04741e-05 0)
(-4.74886e-08 1.04591e-05 0)
(-4.6242e-08 1.04454e-05 0)
(-4.45162e-08 1.04331e-05 0)
(-4.24404e-08 1.04219e-05 0)
(-4.01207e-08 1.04119e-05 0)
(-3.76425e-08 1.04029e-05 0)
(-3.50741e-08 1.03949e-05 0)
(-3.24693e-08 1.03877e-05 0)
(-2.98696e-08 1.03813e-05 0)
(-2.73063e-08 1.03756e-05 0)
(-2.48023e-08 1.03706e-05 0)
(-2.23736e-08 1.03662e-05 0)
(-2.00304e-08 1.03623e-05 0)
(-1.77783e-08 1.0359e-05 0)
(-1.56188e-08 1.0356e-05 0)
(-1.35497e-08 1.03535e-05 0)
(-1.15662e-08 1.03513e-05 0)
(-9.66058e-09 1.03495e-05 0)
(-7.82261e-09 1.0348e-05 0)
(-6.03974e-09 1.03469e-05 0)
(-4.297e-09 1.0346e-05 0)
(-2.57708e-09 1.03454e-05 0)
(-8.60257e-10 1.03451e-05 0)
(9.23108e-08 4.41745e-08 0)
(1.34954e-07 6.77322e-06 0)
(9.43781e-08 1.08849e-05 0)
(5.20742e-08 1.08571e-05 0)
(1.50076e-08 1.08242e-05 0)
(-1.62028e-08 1.07884e-05 0)
(-4.14531e-08 1.07512e-05 0)
(-6.10323e-08 1.0714e-05 0)
(-7.5482e-08 1.06779e-05 0)
(-8.54747e-08 1.06435e-05 0)
(-9.17225e-08 1.06113e-05 0)
(-9.49144e-08 1.05815e-05 0)
(-9.56793e-08 1.05542e-05 0)
(-9.45675e-08 1.05294e-05 0)
(-9.20458e-08 1.0507e-05 0)
(-8.85001e-08 1.04869e-05 0)
(-8.42429e-08 1.04689e-05 0)
(-7.95228e-08 1.04528e-05 0)
(-7.45344e-08 1.04385e-05 0)
(-6.94274e-08 1.04258e-05 0)
(-6.43151e-08 1.04145e-05 0)
(-5.92813e-08 1.04045e-05 0)
(-5.43868e-08 1.03957e-05 0)
(-4.96736e-08 1.03879e-05 0)
(-4.51696e-08 1.03811e-05 0)
(-4.08913e-08 1.0375e-05 0)
(-3.68464e-08 1.03697e-05 0)
(-3.30358e-08 1.03651e-05 0)
(-2.94553e-08 1.03611e-05 0)
(-2.60964e-08 1.03576e-05 0)
(-2.29474e-08 1.03545e-05 0)
(-1.99941e-08 1.03519e-05 0)
(-1.72202e-08 1.03496e-05 0)
(-1.46073e-08 1.03477e-05 0)
(-1.21354e-08 1.03462e-05 0)
(-9.78301e-09 1.03449e-05 0)
(-7.52646e-09 1.03438e-05 0)
(-5.34037e-09 1.03431e-05 0)
(-3.19705e-09 1.03426e-05 0)
(-1.06624e-09 1.03423e-05 0)
(9.30759e-08 4.77679e-08 0)
(9.63777e-08 7.23545e-06 0)
(6.84734e-09 1.10402e-05 0)
(-5.34598e-08 1.09855e-05 0)
(-1.00714e-07 1.09249e-05 0)
(-1.35231e-07 1.08632e-05 0)
(-1.58435e-07 1.08035e-05 0)
(-1.72231e-07 1.07478e-05 0)
(-1.7859e-07 1.06969e-05 0)
(-1.79313e-07 1.06512e-05 0)
(-1.75934e-07 1.06106e-05 0)
(-1.69695e-07 1.05749e-05 0)
(-1.61566e-07 1.05435e-05 0)
(-1.52281e-07 1.05161e-05 0)
(-1.42382e-07 1.04921e-05 0)
(-1.32265e-07 1.04713e-05 0)
(-1.22205e-07 1.04531e-05 0)
(-1.12394e-07 1.04373e-05 0)
(-1.02959e-07 1.04235e-05 0)
(-9.39794e-08 1.04115e-05 0)
(-8.55006e-08 1.04011e-05 0)
(-7.75441e-08 1.0392e-05 0)
(-7.01137e-08 1.0384e-05 0)
(-6.32014e-08 1.03771e-05 0)
(-5.67904e-08 1.03711e-05 0)
(-5.08584e-08 1.03659e-05 0)
(-4.53792e-08 1.03614e-05 0)
(-4.03242e-08 1.03575e-05 0)
(-3.56631e-08 1.03541e-05 0)
(-3.13649e-08 1.03512e-05 0)
(-2.7398e-08 1.03487e-05 0)
(-2.37308e-08 1.03466e-05 0)
(-2.03311e-08 1.03448e-05 0)
(-1.71669e-08 1.03432e-05 0)
(-1.42055e-08 1.0342e-05 0)
(-1.14138e-08 1.0341e-05 0)
(-8.75752e-09 1.03402e-05 0)
(-6.2012e-09 1.03396e-05 0)
(-3.70727e-09 1.03392e-05 0)
(-1.23553e-09 1.0339e-05 0)
(8.77211e-08 6.64428e-08 0)
(7.96595e-09 7.96091e-06 0)
(-1.78331e-07 1.12803e-05 0)
(-2.6395e-07 1.11493e-05 0)
(-3.13964e-07 1.10257e-05 0)
(-3.36988e-07 1.09163e-05 0)
(-3.41184e-07 1.08225e-05 0)
(-3.33106e-07 1.07437e-05 0)
(-3.17574e-07 1.06779e-05 0)
(-2.97938e-07 1.06233e-05 0)
(-2.76429e-07 1.05779e-05 0)
(-2.54471e-07 1.05401e-05 0)
(-2.32938e-07 1.05085e-05 0)
(-2.1234e-07 1.0482e-05 0)
(-1.92946e-07 1.04597e-05 0)
(-1.74877e-07 1.04408e-05 0)
(-1.58163e-07 1.04249e-05 0)
(-1.42777e-07 1.04113e-05 0)
(-1.28662e-07 1.03997e-05 0)
(-1.15746e-07 1.03898e-05 0)
(-1.03947e-07 1.03813e-05 0)
(-9.31843e-08 1.03741e-05 0)
(-8.33762e-08 1.03679e-05 0)
(-7.44451e-08 1.03626e-05 0)
(-6.63173e-08 1.0358e-05 0)
(-5.8923e-08 1.03541e-05 0)
(-5.21966e-08 1.03508e-05 0)
(-4.60766e-08 1.03479e-05 0)
(-4.05051e-08 1.03455e-05 0)
(-3.54275e-08 1.03435e-05 0)
(-3.07924e-08 1.03417e-05 0)
(-2.65506e-08 1.03403e-05 0)
(-2.26554e-08 1.0339e-05 0)
(-1.90614e-08 1.0338e-05 0)
(-1.57246e-08 1.03372e-05 0)
(-1.26015e-08 1.03365e-05 0)
(-9.6484e-09 1.0336e-05 0)
(-6.82102e-09 1.03356e-05 0)
(-4.07335e-09 1.03354e-05 0)
(-1.35678e-09 1.03352e-05 0)
(2.25246e-08 7.81502e-08 0)
(-3.00141e-07 9.44613e-06 0)
(-6.97616e-07 1.15757e-05 0)
(-7.51036e-07 1.12398e-05 0)
(-7.27863e-07 1.10089e-05 0)
(-6.72433e-07 1.0847e-05 0)
(-6.06798e-07 1.0731e-05 0)
(-5.41345e-07 1.06461e-05 0)
(-4.80513e-07 1.05825e-05 0)
(-4.25803e-07 1.0534e-05 0)
(-3.77346e-07 1.04964e-05 0)
(-3.34694e-07 1.04666e-05 0)
(-2.97202e-07 1.04428e-05 0)
(-2.64207e-07 1.04236e-05 0)
(-2.35099e-07 1.04078e-05 0)
(-2.09345e-07 1.03948e-05 0)
(-1.86494e-07 1.03841e-05 0)
(-1.66164e-07 1.03751e-05 0)
(-1.48032e-07 1.03676e-05 0)
(-1.31829e-07 1.03613e-05 0)
(-1.17324e-07 1.03561e-05 0)
(-1.04321e-07 1.03517e-05 0)
(-9.26519e-08 1.0348e-05 0)
(-8.21687e-08 1.03449e-05 0)
(-7.27436e-08 1.03423e-05 0)
(-6.4263e-08 1.03401e-05 0)
(-5.6626e-08 1.03384e-05 0)
(-4.97423e-08 1.03369e-05 0)
(-4.35301e-08 1.03357e-05 0)
(-3.7915e-08 1.03347e-05 0)
(-3.28288e-08 1.03339e-05 0)
(-2.82082e-08 1.03332e-05 0)
(-2.39945e-08 1.03327e-05 0)
(-2.01319e-08 1.03323e-05 0)
(-1.65673e-08 1.03319e-05 0)
(-1.32494e-08 1.03317e-05 0)
(-1.01274e-08 1.03315e-05 0)
(-7.15039e-09 1.03314e-05 0)
(-4.26628e-09 1.03313e-05 0)
(-1.42041e-09 1.03312e-05 0)
(-2.22737e-06 3.90889e-06 0)
(-3.2417e-06 9.58628e-06 0)
(-2.50778e-06 1.05521e-05 0)
(-1.81856e-06 1.05043e-05 0)
(-1.37212e-06 1.04681e-05 0)
(-1.07255e-06 1.04402e-05 0)
(-8.63707e-07 1.04181e-05 0)
(-7.12366e-07 1.04005e-05 0)
(-5.98594e-07 1.03862e-05 0)
(-5.10197e-07 1.03746e-05 0)
(-4.39546e-07 1.0365e-05 0)
(-3.81737e-07 1.03571e-05 0)
(-3.33529e-07 1.03505e-05 0)
(-2.92713e-07 1.03451e-05 0)
(-2.57734e-07 1.03406e-05 0)
(-2.27471e-07 1.03369e-05 0)
(-2.01089e-07 1.03339e-05 0)
(-1.77951e-07 1.03315e-05 0)
(-1.57564e-07 1.03296e-05 0)
(-1.39531e-07 1.03281e-05 0)
(-1.23535e-07 1.0327e-05 0)
(-1.09312e-07 1.03261e-05 0)
(-9.6642e-08 1.03255e-05 0)
(-8.53387e-08 1.03251e-05 0)
(-7.52421e-08 1.03249e-05 0)
(-6.62135e-08 1.03248e-05 0)
(-5.81313e-08 1.03248e-05 0)
(-5.08879e-08 1.03249e-05 0)
(-4.43874e-08 1.03251e-05 0)
(-3.85435e-08 1.03253e-05 0)
(-3.32779e-08 1.03255e-05 0)
(-2.8519e-08 1.03258e-05 0)
(-2.42006e-08 1.0326e-05 0)
(-2.02611e-08 1.03263e-05 0)
(-1.6642e-08 1.03265e-05 0)
(-1.32875e-08 1.03267e-05 0)
(-1.01429e-08 1.03269e-05 0)
(-7.15399e-09 1.0327e-05 0)
(-4.26542e-09 1.03271e-05 0)
(-1.41961e-09 1.03271e-05 0)
(-6.03398e-07 8.39153e-06 0)
(-9.17169e-07 8.95101e-06 0)
(-1.01072e-06 9.39115e-06 0)
(-9.81162e-07 9.6765e-06 0)
(-9.00658e-07 9.86385e-06 0)
(-8.04737e-07 9.98864e-06 0)
(-7.09837e-07 1.00731e-05 0)
(-6.22738e-07 1.01313e-05 0)
(-5.45528e-07 1.01722e-05 0)
(-4.78167e-07 1.02015e-05 0)
(-4.19755e-07 1.0223e-05 0)
(-3.69142e-07 1.0239e-05 0)
(-3.252e-07 1.02514e-05 0)
(-2.86925e-07 1.02611e-05 0)
(-2.53462e-07 1.02689e-05 0)
(-2.24099e-07 1.02754e-05 0)
(-1.98247e-07 1.02809e-05 0)
(-1.75419e-07 1.02855e-05 0)
(-1.55213e-07 1.02896e-05 0)
(-1.37291e-07 1.02933e-05 0)
(-1.21369e-07 1.02966e-05 0)
(-1.07206e-07 1.02995e-05 0)
(-9.45955e-08 1.03022e-05 0)
(-8.3357e-08 1.03047e-05 0)
(-7.33348e-08 1.0307e-05 0)
(-6.43912e-08 1.03091e-05 0)
(-5.64045e-08 1.0311e-05 0)
(-4.92662e-08 1.03128e-05 0)
(-4.28789e-08 1.03144e-05 0)
(-3.71547e-08 1.03159e-05 0)
(-3.20138e-08 1.03172e-05 0)
(-2.73831e-08 1.03184e-05 0)
(-2.31954e-08 1.03194e-05 0)
(-1.9388e-08 1.03203e-05 0)
(-1.59018e-08 1.03211e-05 0)
(-1.26806e-08 1.03218e-05 0)
(-9.66961e-09 1.03223e-05 0)
(-6.81467e-09 1.03227e-05 0)
(-4.06087e-09 1.0323e-05 0)
(-1.35115e-09 1.03231e-05 0)
(-2.83183e-07 9.23779e-06 0)
(-4.02323e-07 9.34802e-06 0)
(-4.81663e-07 9.48308e-06 0)
(-5.21755e-07 9.61503e-06 0)
(-5.30919e-07 9.73233e-06 0)
(-5.18563e-07 9.83171e-06 0)
(-4.92688e-07 9.91374e-06 0)
(-4.59289e-07 9.98057e-06 0)
(-4.22516e-07 1.00347e-05 0)
(-3.85074e-07 1.00786e-05 0)
(-3.48619e-07 1.01143e-05 0)
(-3.14095e-07 1.01436e-05 0)
(-2.81979e-07 1.01677e-05 0)
(-2.52454e-07 1.01879e-05 0)
(-2.2553e-07 1.02049e-05 0)
(-2.0111e-07 1.02193e-05 0)
(-1.79049e-07 1.02318e-05 0)
(-1.59174e-07 1.02426e-05 0)
(-1.41306e-07 1.0252e-05 0)
(-1.25268e-07 1.02603e-05 0)
(-1.1089e-07 1.02676e-05 0)
(-9.80144e-08 1.02742e-05 0)
(-8.64941e-08 1.028e-05 0)
(-7.61936e-08 1.02852e-05 0)
(-6.69887e-08 1.02899e-05 0)
(-5.87655e-08 1.02941e-05 0)
(-5.14202e-08 1.02979e-05 0)
(-4.48577e-08 1.03012e-05 0)
(-3.89909e-08 1.03042e-05 0)
(-3.37402e-08 1.03069e-05 0)
(-2.90326e-08 1.03093e-05 0)
(-2.48004e-08 1.03114e-05 0)
(-2.09812e-08 1.03132e-05 0)
(-1.75166e-08 1.03148e-05 0)
(-1.43517e-08 1.03161e-05 0)
(-1.14338e-08 1.03172e-05 0)
(-8.71203e-09 1.03181e-05 0)
(-6.13606e-09 1.03187e-05 0)
(-3.65494e-09 1.03192e-05 0)
(-1.21583e-09 1.03194e-05 0)
(-1.67015e-07 9.52167e-06 0)
(-2.21807e-07 9.56267e-06 0)
(-2.66377e-07 9.6176e-06 0)
(-2.98272e-07 9.67999e-06 0)
(-3.17335e-07 9.74444e-06 0)
(-3.24899e-07 9.80715e-06 0)
(-3.23019e-07 9.86581e-06 0)
(-3.13922e-07 9.91927e-06 0)
(-2.99687e-07 9.96713e-06 0)
(-2.82085e-07 1.00095e-05 0)
(-2.62537e-07 1.00468e-05 0)
(-2.4213e-07 1.00794e-05 0)
(-2.21658e-07 1.0108e-05 0)
(-2.01678e-07 1.01331e-05 0)
(-1.82564e-07 1.01551e-05 0)
(-1.64546e-07 1.01744e-05 0)
(-1.47754e-07 1.01915e-05 0)
(-1.32242e-07 1.02066e-05 0)
(-1.18014e-07 1.022e-05 0)
(-1.05037e-07 1.02319e-05 0)
(-9.32547e-08 1.02425e-05 0)
(-8.25987e-08 1.0252e-05 0)
(-7.29913e-08 1.02605e-05 0)
(-6.43514e-08 1.0268e-05 0)
(-5.65975e-08 1.02748e-05 0)
(-4.96499e-08 1.02808e-05 0)
(-4.34317e-08 1.02862e-05 0)
(-3.78699e-08 1.0291e-05 0)
(-3.28956e-08 1.02952e-05 0)
(-2.84443e-08 1.0299e-05 0)
(-2.44555e-08 1.03023e-05 0)
(-2.08728e-08 1.03052e-05 0)
(-1.76436e-08 1.03077e-05 0)
(-1.47183e-08 1.03099e-05 0)
(-1.20499e-08 1.03117e-05 0)
(-9.59363e-09 1.03132e-05 0)
(-7.30579e-09 1.03144e-05 0)
(-5.14333e-09 1.03153e-05 0)
(-3.06268e-09 1.03159e-05 0)
(-1.01865e-09 1.03162e-05 0)
(-1.02678e-07 9.64885e-06 0)
(-1.30458e-07 9.67203e-06 0)
(-1.54813e-07 9.7023e-06 0)
(-1.74489e-07 9.73801e-06 0)
(-1.88823e-07 9.77728e-06 0)
(-1.97709e-07 9.81835e-06 0)
(-2.0148e-07 9.85971e-06 0)
(-2.00757e-07 9.90021e-06 0)
(-1.96311e-07 9.93904e-06 0)
(-1.88952e-07 9.97566e-06 0)
(-1.79455e-07 1.00098e-05 0)
(-1.68514e-07 1.00413e-05 0)
(-1.56717e-07 1.00702e-05 0)
(-1.44544e-07 1.00965e-05 0)
(-1.32368e-07 1.01205e-05 0)
(-1.2047e-07 1.01422e-05 0)
(-1.09053e-07 1.01618e-05 0)
(-9.82525e-08 1.01796e-05 0)
(-8.81507e-08 1.01955e-05 0)
(-7.87906e-08 1.02099e-05 0)
(-7.0184e-08 1.02229e-05 0)
(-6.23204e-08 1.02345e-05 0)
(-5.51732e-08 1.0245e-05 0)
(-4.87052e-08 1.02543e-05 0)
(-4.28724e-08 1.02627e-05 0)
(-3.76273e-08 1.02702e-05 0)
(-3.29207e-08 1.02768e-05 0)
(-2.87034e-08 1.02827e-05 0)
(-2.49275e-08 1.0288e-05 0)
(-2.15467e-08 1.02926e-05 0)
(-1.85169e-08 1.02967e-05 0)
(-1.57964e-08 1.03002e-05 0)
(-1.33456e-08 1.03033e-05 0)
(-1.11271e-08 1.03059e-05 0)
(-9.1053e-09 1.03081e-05 0)
(-7.24599e-09 1.031e-05 0)
(-5.51589e-09 1.03114e-05 0)
(-3.88204e-09 1.03125e-05 0)
(-2.31113e-09 1.03132e-05 0)
(-7.68595e-10 1.03136e-05 0)
(-5.67668e-08 9.71116e-06 0)
(-7.03181e-08 9.72808e-06 0)
(-8.25837e-08 9.74931e-06 0)
(-9.30221e-08 9.7743e-06 0)
(-1.01251e-07 9.80234e-06 0)
(-1.07073e-07 9.83261e-06 0)
(-1.10468e-07 9.86431e-06 0)
(-1.11567e-07 9.89666e-06 0)
(-1.1061e-07 9.92899e-06 0)
(-1.07906e-07 9.96076e-06 0)
(-1.03794e-07 9.99152e-06 0)
(-9.86162e-08 1.00209e-05 0)
(-9.26899e-08 1.00488e-05 0)
(-8.62983e-08 1.0075e-05 0)
(-7.96817e-08 1.00993e-05 0)
(-7.3036e-08 1.01219e-05 0)
(-6.6514e-08 1.01427e-05 0)
(-6.02296e-08 1.01618e-05 0)
(-5.42629e-08 1.01793e-05 0)
(-4.86659e-08 1.01951e-05 0)
(-4.34676e-08 1.02095e-05 0)
(-3.86793e-08 1.02225e-05 0)
(-3.42989e-08 1.02342e-05 0)
(-3.03142e-08 1.02448e-05 0)
(-2.67064e-08 1.02542e-05 0)
(-2.3452e-08 1.02627e-05 0)
(-2.0525e-08 1.02703e-05 0)
(-1.78979e-08 1.0277e-05 0)
(-1.55432e-08 1.02829e-05 0)
(-1.34334e-08 1.02881e-05 0)
(-1.15421e-08 1.02927e-05 0)
(-9.84373e-09 1.02968e-05 0)
(-8.31406e-09 1.03002e-05 0)
(-6.9299e-09 1.03032e-05 0)
(-5.66907e-09 1.03057e-05 0)
(-4.51022e-09 1.03077e-05 0)
(-3.43252e-09 1.03094e-05 0)
(-2.41532e-09 1.03106e-05 0)
(-1.43774e-09 1.03114e-05 0)
(-4.78106e-10 1.03118e-05 0)
(-1.82407e-08 9.73755e-06 0)
(-2.23371e-08 9.75224e-06 0)
(-2.60911e-08 9.77023e-06 0)
(-2.93516e-08 9.79126e-06 0)
(-3.20016e-08 9.81494e-06 0)
(-3.39674e-08 9.84081e-06 0)
(-3.52216e-08 9.86832e-06 0)
(-3.57798e-08 9.89694e-06 0)
(-3.56929e-08 9.9261e-06 0)
(-3.5038e-08 9.95533e-06 0)
(-3.39074e-08 9.98417e-06 0)
(-3.24e-08 1.00123e-05 0)
(-3.06133e-08 1.00393e-05 0)
(-2.86379e-08 1.00651e-05 0)
(-2.65539e-08 1.00894e-05 0)
(-2.4429e-08 1.01123e-05 0)
(-2.23183e-08 1.01335e-05 0)
(-2.02641e-08 1.01531e-05 0)
(-1.82978e-08 1.01712e-05 0)
(-1.64409e-08 1.01877e-05 0)
(-1.47068e-08 1.02028e-05 0)
(-1.31024e-08 1.02164e-05 0)
(-1.16293e-08 1.02288e-05 0)
(-1.02855e-08 1.02399e-05 0)
(-9.06596e-09 1.02499e-05 0)
(-7.96398e-09 1.02589e-05 0)
(-6.97154e-09 1.02669e-05 0)
(-6.07994e-09 1.0274e-05 0)
(-5.28021e-09 1.02803e-05 0)
(-4.56336e-09 1.02858e-05 0)
(-3.92057e-09 1.02907e-05 0)
(-3.34332e-09 1.0295e-05 0)
(-2.82343e-09 1.02986e-05 0)
(-2.35305e-09 1.03018e-05 0)
(-1.92467e-09 1.03044e-05 0)
(-1.53104e-09 1.03066e-05 0)
(-1.16507e-09 1.03083e-05 0)
(-8.19741e-10 1.03096e-05 0)
(-4.87927e-10 1.03104e-05 0)
(-1.6225e-10 1.03109e-05 0)
)
;

boundaryField
{
    top
    {
        type            zeroGradient;
    }
    inlet
    {
        type            fixedValue;
        value           uniform (0 0 0);
    }
    axis
    {
        type            fixedValue;
        value           uniform (0 0 0);
    }
    frontAndBack
    {
        type            empty;
    }
}


// ************************************************************************* //
