/*--------------------------------*- C++ -*----------------------------------*\
  =========                 |
  \\      /  F ield         | OpenFOAM: The Open Source CFD Toolbox
   \\    /   O peration     | Website:  https://openfoam.org
    \\  /    A nd           | Version:  7
     \\/     M anipulation  |
\*---------------------------------------------------------------------------*/
FoamFile
{
    version     2.0;
    format      ascii;
    class       volVectorField;
    location    "20000";
    object      Ub;
}
// * * * * * * * * * * * * * * * * * * * * * * * * * * * * * * * * * * * * * //

dimensions      [0 1 -1 0 0 0 0];

internalField   nonuniform List<vector> 
3200
(
(-1.0439e-20 -9.87884e-16 0)
(-3.1519e-20 -9.87883e-16 0)
(-5.34128e-20 -9.87882e-16 0)
(-7.70263e-20 -9.8788e-16 0)
(-1.03532e-19 -9.87877e-16 0)
(-1.34616e-19 -9.87872e-16 0)
(-1.729e-19 -9.87865e-16 0)
(-2.2275e-19 -9.87852e-16 0)
(-2.91841e-19 -9.87831e-16 0)
(-3.94353e-19 -9.87794e-16 0)
(-5.57871e-19 -9.87724e-16 0)
(-5.13516e-10 -9.87934e-16 0)
(-3.56342e-05 -2.60057e-07 0)
(-7.88732e-05 -3.30071e-05 0)
(-8.79429e-05 -7.8877e-06 0)
(-9.02058e-05 -3.98312e-06 0)
(-9.15488e-05 -2.43282e-06 0)
(-9.24991e-05 -1.63857e-06 0)
(-9.32257e-05 -1.17498e-06 0)
(-9.38065e-05 -8.80684e-07 0)
(-9.42844e-05 -6.82504e-07 0)
(-9.46862e-05 -5.43406e-07 0)
(-9.50296e-05 -4.42178e-07 0)
(-9.5327e-05 -3.66373e-07 0)
(-9.55875e-05 -3.08411e-07 0)
(-9.58178e-05 -2.63142e-07 0)
(-9.60231e-05 -2.27152e-07 0)
(-9.62072e-05 -1.98301e-07 0)
(-9.57333e-05 -1.68679e-06 0)
(-9.43191e-05 -2.37953e-06 0)
(-9.25996e-05 -2.41901e-06 0)
(-9.08367e-05 -2.50812e-06 0)
(-8.89176e-05 -2.84964e-06 0)
(-8.65863e-05 -3.62151e-06 0)
(-8.34376e-05 -5.07224e-06 0)
(-7.88469e-05 -7.59529e-06 0)
(-7.18442e-05 -1.1827e-05 0)
(-6.0908e-05 -1.88031e-05 0)
(-4.36187e-05 -3.02507e-05 0)
(-1.88798e-05 -4.09693e-05 0)
(-9.61209e-21 -9.87854e-16 0)
(-2.89188e-20 -9.87853e-16 0)
(-4.86354e-20 -9.8785e-16 0)
(-6.92511e-20 -9.87845e-16 0)
(-9.12497e-20 -9.87837e-16 0)
(-1.15062e-19 -9.87825e-16 0)
(-1.40888e-19 -9.87808e-16 0)
(-1.68207e-19 -9.87783e-16 0)
(-1.94496e-19 -9.87743e-16 0)
(-2.12051e-19 -9.8768e-16 0)
(-2.00202e-19 -9.87578e-16 0)
(-1.06495e-19 -9.8741e-16 0)
(1.16924e-19 -9.86863e-16 0)
(2.33526e-19 -9.397e-16 0)
(1.71028e-19 -8.98108e-16 0)
(1.13855e-19 -8.59704e-16 0)
(6.87666e-20 -8.23446e-16 0)
(3.05435e-20 -7.88834e-16 0)
(-4.4916e-21 -7.55574e-16 0)
(-3.91068e-20 -7.23474e-16 0)
(-7.58421e-20 -6.92397e-16 0)
(-1.17594e-19 -6.62243e-16 0)
(-1.68289e-19 -6.32932e-16 0)
(-2.33862e-19 -6.04401e-16 0)
(-3.23882e-19 -5.76595e-16 0)
(-4.54395e-19 -5.49469e-16 0)
(-2.96012e-11 -5.22977e-16 0)
(-2.19317e-05 -1.95874e-10 0)
(-5.32327e-05 -1.51208e-06 0)
(-6.46165e-05 -2.22316e-06 0)
(-6.81322e-05 -2.27736e-06 0)
(-7.09787e-05 -2.3785e-06 0)
(-7.36943e-05 -2.73002e-06 0)
(-7.66541e-05 -3.51035e-06 0)
(-8.03158e-05 -4.96839e-06 0)
(-8.5332e-05 -7.49799e-06 0)
(-9.26894e-05 -1.17358e-05 0)
(-0.00010392 -1.87188e-05 0)
(-9.8837e-05 -9.43341e-05 0)
(-4.7433e-05 -0.000196033 0)
(-8.24573e-21 -9.87829e-16 0)
(-2.46738e-20 -9.87827e-16 0)
(-4.10314e-20 -9.87823e-16 0)
(-5.73774e-20 -9.87816e-16 0)
(-7.36189e-20 -9.87807e-16 0)
(-8.93883e-20 -9.87794e-16 0)
(-1.03829e-19 -9.87776e-16 0)
(-1.1524e-19 -9.87752e-16 0)
(-1.20567e-19 -9.87721e-16 0)
(-1.14839e-19 -9.87682e-16 0)
(-9.12116e-20 -9.87637e-16 0)
(-4.38623e-20 -9.87598e-16 0)
(1.94223e-20 -9.87595e-16 0)
(6.06659e-20 -9.87667e-16 0)
(6.48104e-20 -9.87719e-16 0)
(5.22627e-20 -9.87751e-16 0)
(3.3259e-20 -9.87772e-16 0)
(1.18774e-20 -9.87783e-16 0)
(-1.03691e-20 -9.87788e-16 0)
(-3.29605e-20 -9.87788e-16 0)
(-5.56239e-20 -9.87781e-16 0)
(-7.78373e-20 -9.87768e-16 0)
(-9.8247e-20 -9.87747e-16 0)
(-1.13672e-19 -9.87713e-16 0)
(-1.17198e-19 -9.87662e-16 0)
(-9.44488e-20 -9.87585e-16 0)
(-1.63199e-20 -9.8747e-16 0)
(1.3808e-19 -9.87226e-16 0)
(2.17287e-19 -9.61348e-16 0)
(1.75001e-19 -9.3694e-16 0)
(1.30506e-19 -9.13753e-16 0)
(9.46782e-20 -8.91273e-16 0)
(6.42728e-20 -8.6927e-16 0)
(3.67561e-20 -8.47566e-16 0)
(1.01153e-20 -8.25955e-16 0)
(-1.75433e-20 -8.04153e-16 0)
(-1.34705e-13 -7.81752e-16 0)
(-1.224e-06 -9.22671e-10 0)
(-2.54109e-05 -6.75396e-05 0)
(-2.23908e-05 -0.000385794 0)
(-6.70399e-21 -9.87807e-16 0)
(-1.99493e-20 -9.87805e-16 0)
(-3.28026e-20 -9.87801e-16 0)
(-4.50781e-20 -9.87795e-16 0)
(-5.64509e-20 -9.87786e-16 0)
(-6.63843e-20 -9.87774e-16 0)
(-7.40474e-20 -9.8776e-16 0)
(-7.82483e-20 -9.87743e-16 0)
(-7.74471e-20 -9.87723e-16 0)
(-6.99922e-20 -9.87702e-16 0)
(-5.48196e-20 -9.87684e-16 0)
(-3.28762e-20 -9.87672e-16 0)
(-9.0024e-21 -9.87675e-16 0)
(8.56091e-21 -9.87693e-16 0)
(1.56853e-20 -9.87714e-16 0)
(1.4437e-20 -9.87731e-16 0)
(7.76031e-21 -9.87743e-16 0)
(-2.0326e-21 -9.87751e-16 0)
(-1.33157e-20 -9.87754e-16 0)
(-2.48811e-20 -9.87753e-16 0)
(-3.56522e-20 -9.87748e-16 0)
(-4.4428e-20 -9.87738e-16 0)
(-4.96635e-20 -9.87723e-16 0)
(-4.9311e-20 -9.87704e-16 0)
(-4.08422e-20 -9.87682e-16 0)
(-2.17783e-20 -9.87659e-16 0)
(8.50031e-21 -9.87643e-16 0)
(4.39548e-20 -9.8765e-16 0)
(6.70932e-20 -9.87696e-16 0)
(7.09619e-20 -9.87732e-16 0)
(6.43925e-20 -9.87757e-16 0)
(5.31246e-20 -9.87774e-16 0)
(4.00206e-20 -9.87785e-16 0)
(2.65934e-20 -9.87791e-16 0)
(1.38453e-20 -9.87794e-16 0)
(2.79589e-21 -9.87793e-16 0)
(-5.27385e-21 -9.87787e-16 0)
(-1.61581e-10 -1.03753e-15 0)
(-6.99801e-07 -5.86397e-06 0)
(-4.1243e-07 -0.000464366 0)
(-5.25776e-21 -9.8779e-16 0)
(-1.55734e-20 -9.87788e-16 0)
(-2.53729e-20 -9.87784e-16 0)
(-3.43945e-20 -9.87779e-16 0)
(-4.23037e-20 -9.87772e-16 0)
(-4.86705e-20 -9.87763e-16 0)
(-5.29663e-20 -9.87753e-16 0)
(-5.45995e-20 -9.87741e-16 0)
(-5.30176e-20 -9.87729e-16 0)
(-4.79075e-20 -9.87718e-16 0)
(-3.95006e-20 -9.87709e-16 0)
(-2.8901e-20 -9.87704e-16 0)
(-1.81731e-20 -9.87705e-16 0)
(-9.72763e-21 -9.8771e-16 0)
(-4.9839e-21 -9.87718e-16 0)
(-3.92225e-21 -9.87726e-16 0)
(-5.78022e-21 -9.87732e-16 0)
(-9.5842e-21 -9.87736e-16 0)
(-1.43797e-20 -9.87738e-16 0)
(-1.92841e-20 -9.87737e-16 0)
(-2.34671e-20 -9.87734e-16 0)
(-2.61207e-20 -9.87728e-16 0)
(-2.64598e-20 -9.87721e-16 0)
(-2.37866e-20 -9.87713e-16 0)
(-1.76579e-20 -9.87705e-16 0)
(-8.1854e-21 -9.877e-16 0)
(3.55824e-21 -9.87699e-16 0)
(1.52405e-20 -9.87704e-16 0)
(2.38095e-20 -9.87716e-16 0)
(2.77137e-20 -9.8773e-16 0)
(2.75096e-20 -9.87742e-16 0)
(2.43528e-20 -9.87752e-16 0)
(1.93418e-20 -9.8776e-16 0)
(1.33659e-20 -9.87766e-16 0)
(7.11398e-21 -9.8777e-16 0)
(1.10454e-21 -9.87771e-16 0)
(-4.48723e-21 -9.87772e-16 0)
(-9.8987e-11 -1.03919e-15 0)
(-3.32843e-07 -5.02426e-06 0)
(-2.34705e-07 -0.000468772 0)
(-4.04131e-21 -9.87776e-16 0)
(-1.19313e-20 -9.87775e-16 0)
(-1.93167e-20 -9.87772e-16 0)
(-2.59515e-20 -9.87768e-16 0)
(-3.15714e-20 -9.87762e-16 0)
(-3.58943e-20 -9.87756e-16 0)
(-3.86387e-20 -9.87749e-16 0)
(-3.9564e-20 -9.87741e-16 0)
(-3.85378e-20 -9.87733e-16 0)
(-3.56239e-20 -9.87727e-16 0)
(-3.11688e-20 -9.87722e-16 0)
(-2.58373e-20 -9.87719e-16 0)
(-2.05279e-20 -9.87718e-16 0)
(-1.61294e-20 -9.8772e-16 0)
(-1.32121e-20 -9.87723e-16 0)
(-1.1905e-20 -9.87726e-16 0)
(-1.19979e-20 -9.87728e-16 0)
(-1.30898e-20 -9.8773e-16 0)
(-1.47018e-20 -9.87731e-16 0)
(-1.63431e-20 -9.8773e-16 0)
(-1.75498e-20 -9.87729e-16 0)
(-1.79129e-20 -9.87726e-16 0)
(-1.71134e-20 -9.87724e-16 0)
(-1.49705e-20 -9.87721e-16 0)
(-1.15041e-20 -9.87718e-16 0)
(-6.99625e-21 -9.87718e-16 0)
(-2.01512e-21 -9.87719e-16 0)
(2.65465e-21 -9.87722e-16 0)
(6.2308e-21 -9.87727e-16 0)
(8.24352e-21 -9.87733e-16 0)
(8.63752e-21 -9.87739e-16 0)
(7.62487e-21 -9.87745e-16 0)
(5.53096e-21 -9.8775e-16 0)
(2.69611e-21 -9.87754e-16 0)
(-5.77314e-22 -9.87757e-16 0)
(-4.05221e-21 -9.87759e-16 0)
(-7.83994e-21 -9.8776e-16 0)
(-1.14211e-10 -1.04853e-15 0)
(-3.08011e-07 -5.2117e-06 0)
(-2.18161e-07 -0.000471382 0)
(-3.08504e-21 -9.87766e-16 0)
(-9.09114e-21 -9.87765e-16 0)
(-1.46679e-20 -9.87763e-16 0)
(-1.96173e-20 -9.8776e-16 0)
(-2.37518e-20 -9.87756e-16 0)
(-2.69014e-20 -9.87751e-16 0)
(-2.89288e-20 -9.87746e-16 0)
(-2.9754e-20 -9.87741e-16 0)
(-2.93843e-20 -9.87736e-16 0)
(-2.7943e-20 -9.87732e-16 0)
(-2.56829e-20 -9.87728e-16 0)
(-2.29699e-20 -9.87726e-16 0)
(-2.02246e-20 -9.87725e-16 0)
(-1.78309e-20 -9.87725e-16 0)
(-1.60458e-20 -9.87726e-16 0)
(-1.49593e-20 -9.87727e-16 0)
(-1.45109e-20 -9.87728e-16 0)
(-1.45353e-20 -9.87729e-16 0)
(-1.48101e-20 -9.87729e-16 0)
(-1.50964e-20 -9.87729e-16 0)
(-1.51702e-20 -9.87728e-16 0)
(-1.48495e-20 -9.87727e-16 0)
(-1.40164e-20 -9.87726e-16 0)
(-1.26376e-20 -9.87726e-16 0)
(-1.07782e-20 -9.87725e-16 0)
(-8.60391e-21 -9.87726e-16 0)
(-6.36234e-21 -9.87727e-16 0)
(-4.33886e-21 -9.87729e-16 0)
(-2.79184e-21 -9.87732e-16 0)
(-1.89086e-21 -9.87735e-16 0)
(-1.69272e-21 -9.87739e-16 0)
(-2.15947e-21 -9.87742e-16 0)
(-3.19282e-21 -9.87745e-16 0)
(-4.66715e-21 -9.87748e-16 0)
(-6.45463e-21 -9.8775e-16 0)
(-8.44146e-21 -9.87751e-16 0)
(-1.09178e-20 -9.87753e-16 0)
(-1.31794e-10 -1.05666e-15 0)
(-3.05706e-07 -5.52347e-06 0)
(-2.14536e-07 -0.000473887 0)
(-2.36354e-21 -9.87758e-16 0)
(-6.96056e-21 -9.87757e-16 0)
(-1.12188e-20 -9.87756e-16 0)
(-1.49906e-20 -9.87753e-16 0)
(-1.81489e-20 -9.8775e-16 0)
(-2.05932e-20 -9.87747e-16 0)
(-2.2259e-20 -9.87744e-16 0)
(-2.31286e-20 -9.8774e-16 0)
(-2.32418e-20 -9.87737e-16 0)
(-2.27007e-20 -9.87734e-16 0)
(-2.16661e-20 -9.87731e-16 0)
(-2.03398e-20 -9.8773e-16 0)
(-1.89339e-20 -9.87729e-16 0)
(-1.76345e-20 -9.87728e-16 0)
(-1.657e-20 -9.87728e-16 0)
(-1.57967e-20 -9.87728e-16 0)
(-1.53025e-20 -9.87728e-16 0)
(-1.50229e-20 -9.87729e-16 0)
(-1.48622e-20 -9.87729e-16 0)
(-1.47144e-20 -9.87729e-16 0)
(-1.44817e-20 -9.87728e-16 0)
(-1.40895e-20 -9.87728e-16 0)
(-1.34974e-20 -9.87728e-16 0)
(-1.27065e-20 -9.87728e-16 0)
(-1.17603e-20 -9.87729e-16 0)
(-1.07394e-20 -9.87729e-16 0)
(-9.74869e-21 -9.87731e-16 0)
(-8.89877e-21 -9.87732e-16 0)
(-8.28513e-21 -9.87734e-16 0)
(-7.97161e-21 -9.87736e-16 0)
(-7.98322e-21 -9.87738e-16 0)
(-8.30879e-21 -9.8774e-16 0)
(-8.9098e-21 -9.87742e-16 0)
(-9.7312e-21 -9.87744e-16 0)
(-1.07113e-20 -9.87746e-16 0)
(-1.17897e-20 -9.87747e-16 0)
(-1.34108e-20 -9.87748e-16 0)
(-1.52606e-10 -1.06565e-15 0)
(-3.04384e-07 -5.91354e-06 0)
(-2.10245e-07 -0.000476388 0)
(-1.83147e-21 -9.87752e-16 0)
(-5.39518e-21 -9.87752e-16 0)
(-8.70253e-21 -9.8775e-16 0)
(-1.16475e-20 -9.87749e-16 0)
(-1.4145e-20 -9.87747e-16 0)
(-1.6135e-20 -9.87744e-16 0)
(-1.75867e-20 -9.87742e-16 0)
(-1.85025e-20 -9.87739e-16 0)
(-1.89202e-20 -9.87737e-16 0)
(-1.89113e-20 -9.87735e-16 0)
(-1.85746e-20 -9.87733e-16 0)
(-1.80243e-20 -9.87732e-16 0)
(-1.73753e-20 -9.8773e-16 0)
(-1.67269e-20 -9.8773e-16 0)
(-1.61502e-20 -9.87729e-16 0)
(-1.56833e-20 -9.87729e-16 0)
(-1.53315e-20 -9.87729e-16 0)
(-1.50749e-20 -9.87729e-16 0)
(-1.48775e-20 -9.87729e-16 0)
(-1.46976e-20 -9.87729e-16 0)
(-1.44969e-20 -9.87729e-16 0)
(-1.42483e-20 -9.87729e-16 0)
(-1.39402e-20 -9.87729e-16 0)
(-1.35793e-20 -9.8773e-16 0)
(-1.31894e-20 -9.8773e-16 0)
(-1.28071e-20 -9.87731e-16 0)
(-1.2476e-20 -9.87732e-16 0)
(-1.22385e-20 -9.87733e-16 0)
(-1.21286e-20 -9.87734e-16 0)
(-1.21663e-20 -9.87736e-16 0)
(-1.23544e-20 -9.87738e-16 0)
(-1.26794e-20 -9.87739e-16 0)
(-1.31141e-20 -9.87741e-16 0)
(-1.3621e-20 -9.87742e-16 0)
(-1.41571e-20 -9.87744e-16 0)
(-1.46784e-20 -9.87745e-16 0)
(-1.57879e-20 -9.87746e-16 0)
(-1.81433e-10 -1.07719e-15 0)
(-3.02106e-07 -6.41123e-06 0)
(-2.03406e-07 -0.000478894 0)
(-1.44284e-21 -9.87747e-16 0)
(-4.25421e-21 -9.87747e-16 0)
(-6.87552e-21 -9.87746e-16 0)
(-9.23206e-21 -9.87745e-16 0)
(-1.12668e-20 -9.87743e-16 0)
(-1.29424e-20 -9.87742e-16 0)
(-1.42433e-20 -9.8774e-16 0)
(-1.51761e-20 -9.87738e-16 0)
(-1.57693e-20 -9.87736e-16 0)
(-1.60699e-20 -9.87735e-16 0)
(-1.61387e-20 -9.87733e-16 0)
(-1.60432e-20 -9.87732e-16 0)
(-1.58496e-20 -9.87731e-16 0)
(-1.56157e-20 -9.87731e-16 0)
(-1.53854e-20 -9.8773e-16 0)
(-1.51864e-20 -9.8773e-16 0)
(-1.50307e-20 -9.87729e-16 0)
(-1.49177e-20 -9.87729e-16 0)
(-1.48386e-20 -9.87729e-16 0)
(-1.4781e-20 -9.87729e-16 0)
(-1.47338e-20 -9.87729e-16 0)
(-1.46903e-20 -9.87729e-16 0)
(-1.465e-20 -9.8773e-16 0)
(-1.46199e-20 -9.8773e-16 0)
(-1.46127e-20 -9.87731e-16 0)
(-1.46454e-20 -9.87731e-16 0)
(-1.47356e-20 -9.87732e-16 0)
(-1.48983e-20 -9.87733e-16 0)
(-1.51427e-20 -9.87734e-16 0)
(-1.54694e-20 -9.87735e-16 0)
(-1.5869e-20 -9.87737e-16 0)
(-1.63215e-20 -9.87738e-16 0)
(-1.67963e-20 -9.8774e-16 0)
(-1.72535e-20 -9.87741e-16 0)
(-1.76445e-20 -9.87743e-16 0)
(-1.79145e-20 -9.87744e-16 0)
(-1.88801e-20 -9.87745e-16 0)
(-2.31775e-10 -1.09415e-15 0)
(-2.98335e-07 -7.11225e-06 0)
(-1.92823e-07 -0.000481411 0)
(-1.15891e-21 -9.87744e-16 0)
(-3.42138e-21 -9.87743e-16 0)
(-5.54383e-21 -9.87743e-16 0)
(-7.4741e-21 -9.87742e-16 0)
(-9.17346e-21 -9.87741e-16 0)
(-1.06179e-20 -9.87739e-16 0)
(-1.17985e-20 -9.87738e-16 0)
(-1.27215e-20 -9.87737e-16 0)
(-1.34062e-20 -9.87736e-16 0)
(-1.38834e-20 -9.87734e-16 0)
(-1.4191e-20 -9.87733e-16 0)
(-1.43707e-20 -9.87732e-16 0)
(-1.44632e-20 -9.87731e-16 0)
(-1.4505e-20 -9.87731e-16 0)
(-1.45257e-20 -9.8773e-16 0)
(-1.45466e-20 -9.8773e-16 0)
(-1.45817e-20 -9.8773e-16 0)
(-1.46383e-20 -9.87729e-16 0)
(-1.47194e-20 -9.87729e-16 0)
(-1.4826e-20 -9.87729e-16 0)
(-1.4959e-20 -9.87729e-16 0)
(-1.51208e-20 -9.87729e-16 0)
(-1.53163e-20 -9.8773e-16 0)
(-1.55527e-20 -9.8773e-16 0)
(-1.58392e-20 -9.8773e-16 0)
(-1.61857e-20 -9.87731e-16 0)
(-1.66016e-20 -9.87731e-16 0)
(-1.70934e-20 -9.87732e-16 0)
(-1.76637e-20 -9.87733e-16 0)
(-1.8309e-20 -9.87734e-16 0)
(-1.90187e-20 -9.87735e-16 0)
(-1.97732e-20 -9.87737e-16 0)
(-2.05424e-20 -9.87738e-16 0)
(-2.1284e-20 -9.8774e-16 0)
(-2.19403e-20 -9.87741e-16 0)
(-2.24358e-20 -9.87743e-16 0)
(-2.4016e-20 -9.87745e-16 0)
(-3.45243e-10 -1.12513e-15 0)
(-2.92014e-07 -8.291e-06 0)
(-1.76065e-07 -0.000483942 0)
(-9.49853e-22 -9.87741e-16 0)
(-2.8081e-21 -9.8774e-16 0)
(-4.5629e-21 -9.8774e-16 0)
(-6.17787e-21 -9.87739e-16 0)
(-7.62645e-21 -9.87738e-16 0)
(-8.89257e-21 -9.87738e-16 0)
(-9.9707e-21 -9.87737e-16 0)
(-1.08652e-20 -9.87735e-16 0)
(-1.15893e-20 -9.87734e-16 0)
(-1.21627e-20 -9.87734e-16 0)
(-1.26102e-20 -9.87733e-16 0)
(-1.29584e-20 -9.87732e-16 0)
(-1.32341e-20 -9.87731e-16 0)
(-1.34619e-20 -9.87731e-16 0)
(-1.3663e-20 -9.8773e-16 0)
(-1.38546e-20 -9.8773e-16 0)
(-1.40504e-20 -9.87729e-16 0)
(-1.42604e-20 -9.87729e-16 0)
(-1.44927e-20 -9.87729e-16 0)
(-1.47538e-20 -9.87729e-16 0)
(-1.50504e-20 -9.87729e-16 0)
(-1.53892e-20 -9.87729e-16 0)
(-1.57782e-20 -9.87729e-16 0)
(-1.62264e-20 -9.87729e-16 0)
(-1.67436e-20 -9.87729e-16 0)
(-1.73399e-20 -9.8773e-16 0)
(-1.80254e-20 -9.8773e-16 0)
(-1.88096e-20 -9.87731e-16 0)
(-1.97002e-20 -9.87731e-16 0)
(-2.07027e-20 -9.87732e-16 0)
(-2.18196e-20 -9.87733e-16 0)
(-2.30493e-20 -9.87734e-16 0)
(-2.43843e-20 -9.87735e-16 0)
(-2.58087e-20 -9.87737e-16 0)
(-2.72944e-20 -9.87738e-16 0)
(-2.87939e-20 -9.87741e-16 0)
(-3.27066e-20 -9.87743e-16 0)
(-6.44599e-10 -1.19464e-15 0)
(-2.81247e-07 -1.06057e-05 0)
(-1.49148e-07 -0.000486494 0)
(-7.93748e-22 -9.87738e-16 0)
(-2.34985e-21 -9.87738e-16 0)
(-3.82877e-21 -9.87738e-16 0)
(-5.20511e-21 -9.87737e-16 0)
(-6.46049e-21 -9.87736e-16 0)
(-7.58386e-21 -9.87736e-16 0)
(-8.5715e-21 -9.87735e-16 0)
(-9.42636e-21 -9.87734e-16 0)
(-1.01572e-20 -9.87733e-16 0)
(-1.07772e-20 -9.87733e-16 0)
(-1.13029e-20 -9.87732e-16 0)
(-1.17522e-20 -9.87731e-16 0)
(-1.21434e-20 -9.87731e-16 0)
(-1.2494e-20 -9.8773e-16 0)
(-1.282e-20 -9.8773e-16 0)
(-1.31356e-20 -9.87729e-16 0)
(-1.34529e-20 -9.87729e-16 0)
(-1.37825e-20 -9.87729e-16 0)
(-1.4134e-20 -9.87728e-16 0)
(-1.45162e-20 -9.87728e-16 0)
(-1.49377e-20 -9.87728e-16 0)
(-1.54078e-20 -9.87728e-16 0)
(-1.59362e-20 -9.87728e-16 0)
(-1.65334e-20 -9.87728e-16 0)
(-1.72113e-20 -9.87728e-16 0)
(-1.79828e-20 -9.87728e-16 0)
(-1.8862e-20 -9.87728e-16 0)
(-1.9865e-20 -9.87728e-16 0)
(-2.10097e-20 -9.87729e-16 0)
(-2.23168e-20 -9.87729e-16 0)
(-2.3811e-20 -9.8773e-16 0)
(-2.55217e-20 -9.8773e-16 0)
(-2.74857e-20 -9.87731e-16 0)
(-2.97488e-20 -9.87732e-16 0)
(-3.23693e-20 -9.87733e-16 0)
(-3.54219e-20 -9.87734e-16 0)
(-4.43097e-20 -9.87736e-16 0)
(-1.41514e-09 -1.36303e-15 0)
(-2.6594e-07 -1.49542e-05 0)
(-1.11668e-07 -0.000489072 0)
(-6.74947e-22 -9.87736e-16 0)
(-2.00068e-21 -9.87736e-16 0)
(-3.26802e-21 -9.87736e-16 0)
(-4.45917e-21 -9.87735e-16 0)
(-5.56129e-21 -9.87735e-16 0)
(-6.5667e-21 -9.87734e-16 0)
(-7.47274e-21 -9.87734e-16 0)
(-8.28139e-21 -9.87733e-16 0)
(-8.99856e-21 -9.87732e-16 0)
(-9.63327e-21 -9.87732e-16 0)
(-1.01968e-20 -9.87731e-16 0)
(-1.07016e-20 -9.8773e-16 0)
(-1.11608e-20 -9.8773e-16 0)
(-1.15872e-20 -9.87729e-16 0)
(-1.19931e-20 -9.87729e-16 0)
(-1.239e-20 -9.87729e-16 0)
(-1.27883e-20 -9.87728e-16 0)
(-1.31978e-20 -9.87728e-16 0)
(-1.36279e-20 -9.87727e-16 0)
(-1.40873e-20 -9.87727e-16 0)
(-1.45851e-20 -9.87727e-16 0)
(-1.51307e-20 -9.87727e-16 0)
(-1.57338e-20 -9.87727e-16 0)
(-1.64054e-20 -9.87726e-16 0)
(-1.71574e-20 -9.87726e-16 0)
(-1.80035e-20 -9.87726e-16 0)
(-1.89594e-20 -9.87726e-16 0)
(-2.00435e-20 -9.87726e-16 0)
(-2.12781e-20 -9.87726e-16 0)
(-2.26905e-20 -9.87726e-16 0)
(-2.43153e-20 -9.87725e-16 0)
(-2.61969e-20 -9.87725e-16 0)
(-2.83934e-20 -9.87725e-16 0)
(-3.09823e-20 -9.87725e-16 0)
(-3.40681e-20 -9.87725e-16 0)
(-3.77941e-20 -9.87724e-16 0)
(-5.36144e-20 -9.87724e-16 0)
(-2.84453e-09 -1.71328e-15 0)
(-2.55068e-07 -2.1137e-05 0)
(-8.01582e-08 -0.000491683 0)
(-5.82424e-22 -9.87734e-16 0)
(-1.72834e-21 -9.87734e-16 0)
(-2.8293e-21 -9.87734e-16 0)
(-3.87279e-21 -9.87734e-16 0)
(-4.84977e-21 -9.87733e-16 0)
(-5.75483e-21 -9.87733e-16 0)
(-6.58605e-21 -9.87732e-16 0)
(-7.34474e-21 -9.87732e-16 0)
(-8.03496e-21 -9.87731e-16 0)
(-8.66298e-21 -9.87731e-16 0)
(-9.23669e-21 -9.8773e-16 0)
(-9.76501e-21 -9.8773e-16 0)
(-1.02574e-20 -9.87729e-16 0)
(-1.07234e-20 -9.87729e-16 0)
(-1.11725e-20 -9.87728e-16 0)
(-1.16137e-20 -9.87728e-16 0)
(-1.20555e-20 -9.87727e-16 0)
(-1.25063e-20 -9.87727e-16 0)
(-1.29738e-20 -9.87727e-16 0)
(-1.34659e-20 -9.87726e-16 0)
(-1.39902e-20 -9.87726e-16 0)
(-1.45546e-20 -9.87726e-16 0)
(-1.51672e-20 -9.87725e-16 0)
(-1.58369e-20 -9.87725e-16 0)
(-1.65728e-20 -9.87724e-16 0)
(-1.73855e-20 -9.87724e-16 0)
(-1.82865e-20 -9.87724e-16 0)
(-1.92889e-20 -9.87723e-16 0)
(-2.04082e-20 -9.87723e-16 0)
(-2.16621e-20 -9.87722e-16 0)
(-2.3072e-20 -9.87721e-16 0)
(-2.46634e-20 -9.87721e-16 0)
(-2.64665e-20 -9.8772e-16 0)
(-2.85179e-20 -9.87718e-16 0)
(-3.08607e-20 -9.87717e-16 0)
(-3.35449e-20 -9.87715e-16 0)
(-5.5184e-20 -9.87713e-16 0)
(-3.93837e-09 -2.22672e-15 0)
(-2.61862e-07 -2.70812e-05 0)
(-8.05899e-08 -0.000494342 0)
(-5.08476e-22 -9.87733e-16 0)
(-1.5103e-21 -9.87733e-16 0)
(-2.47685e-21 -9.87732e-16 0)
(-3.39925e-21 -9.87732e-16 0)
(-4.2711e-21 -9.87732e-16 0)
(-5.08852e-21 -9.87731e-16 0)
(-5.85011e-21 -9.87731e-16 0)
(-6.55672e-21 -9.87731e-16 0)
(-7.21117e-21 -9.8773e-16 0)
(-7.81783e-21 -9.8773e-16 0)
(-8.38231e-21 -9.87729e-16 0)
(-8.91099e-21 -9.87729e-16 0)
(-9.41075e-21 -9.87728e-16 0)
(-9.88865e-21 -9.87728e-16 0)
(-1.03517e-20 -9.87727e-16 0)
(-1.08068e-20 -9.87727e-16 0)
(-1.12605e-20 -9.87726e-16 0)
(-1.17191e-20 -9.87726e-16 0)
(-1.21887e-20 -9.87726e-16 0)
(-1.2675e-20 -9.87725e-16 0)
(-1.31836e-20 -9.87725e-16 0)
(-1.37197e-20 -9.87724e-16 0)
(-1.42886e-20 -9.87724e-16 0)
(-1.48954e-20 -9.87723e-16 0)
(-1.55449e-20 -9.87723e-16 0)
(-1.62417e-20 -9.87722e-16 0)
(-1.69904e-20 -9.87722e-16 0)
(-1.77948e-20 -9.87721e-16 0)
(-1.8658e-20 -9.8772e-16 0)
(-1.95819e-20 -9.87719e-16 0)
(-2.05664e-20 -9.87718e-16 0)
(-2.16082e-20 -9.87717e-16 0)
(-2.26991e-20 -9.87716e-16 0)
(-2.38232e-20 -9.87714e-16 0)
(-2.49527e-20 -9.87712e-16 0)
(-2.60421e-20 -9.8771e-16 0)
(-4.82151e-20 -9.87707e-16 0)
(-3.61272e-09 -2.71751e-15 0)
(-2.83046e-07 -3.09296e-05 0)
(-1.09183e-07 -0.000497074 0)
(-4.47745e-22 -9.87731e-16 0)
(-1.33091e-21 -9.87731e-16 0)
(-2.18583e-21 -9.87731e-16 0)
(-3.00617e-21 -9.87731e-16 0)
(-3.78729e-21 -9.87731e-16 0)
(-4.5264e-21 -9.8773e-16 0)
(-5.2224e-21 -9.8773e-16 0)
(-5.87585e-21 -9.87729e-16 0)
(-6.48864e-21 -9.87729e-16 0)
(-7.06385e-21 -9.87729e-16 0)
(-7.60539e-21 -9.87728e-16 0)
(-8.11781e-21 -9.87728e-16 0)
(-8.60602e-21 -9.87727e-16 0)
(-9.07509e-21 -9.87727e-16 0)
(-9.53007e-21 -9.87726e-16 0)
(-9.9759e-21 -9.87726e-16 0)
(-1.04173e-20 -9.87726e-16 0)
(-1.08585e-20 -9.87725e-16 0)
(-1.13038e-20 -9.87725e-16 0)
(-1.17566e-20 -9.87724e-16 0)
(-1.22201e-20 -9.87724e-16 0)
(-1.26971e-20 -9.87723e-16 0)
(-1.31896e-20 -9.87723e-16 0)
(-1.3699e-20 -9.87722e-16 0)
(-1.4226e-20 -9.87722e-16 0)
(-1.47699e-20 -9.87721e-16 0)
(-1.53289e-20 -9.8772e-16 0)
(-1.58994e-20 -9.87719e-16 0)
(-1.64754e-20 -9.87719e-16 0)
(-1.70481e-20 -9.87718e-16 0)
(-1.76045e-20 -9.87716e-16 0)
(-1.81265e-20 -9.87715e-16 0)
(-1.85892e-20 -9.87714e-16 0)
(-1.8959e-20 -9.87712e-16 0)
(-1.91908e-20 -9.8771e-16 0)
(-1.92259e-20 -9.87708e-16 0)
(-3.74571e-20 -9.87706e-16 0)
(-2.67104e-09 -3.01875e-15 0)
(-3.06406e-07 -3.26547e-05 0)
(-1.41526e-07 -0.000499894 0)
(-3.96519e-22 -9.8773e-16 0)
(-1.17933e-21 -9.8773e-16 0)
(-1.93907e-21 -9.8773e-16 0)
(-2.67113e-21 -9.8773e-16 0)
(-3.37211e-21 -9.87729e-16 0)
(-4.03989e-21 -9.87729e-16 0)
(-4.67362e-21 -9.87729e-16 0)
(-5.27357e-21 -9.87728e-16 0)
(-5.84098e-21 -9.87728e-16 0)
(-6.37795e-21 -9.87728e-16 0)
(-6.88716e-21 -9.87727e-16 0)
(-7.37176e-21 -9.87727e-16 0)
(-7.83515e-21 -9.87727e-16 0)
(-8.28082e-21 -9.87726e-16 0)
(-8.71224e-21 -9.87726e-16 0)
(-9.13271e-21 -9.87725e-16 0)
(-9.54528e-21 -9.87725e-16 0)
(-9.95266e-21 -9.87724e-16 0)
(-1.03571e-20 -9.87724e-16 0)
(-1.07605e-20 -9.87723e-16 0)
(-1.1164e-20 -9.87723e-16 0)
(-1.15682e-20 -9.87722e-16 0)
(-1.19727e-20 -9.87722e-16 0)
(-1.23766e-20 -9.87721e-16 0)
(-1.27774e-20 -9.87721e-16 0)
(-1.31717e-20 -9.8772e-16 0)
(-1.35544e-20 -9.87719e-16 0)
(-1.39185e-20 -9.87718e-16 0)
(-1.42549e-20 -9.87717e-16 0)
(-1.45517e-20 -9.87717e-16 0)
(-1.47941e-20 -9.87716e-16 0)
(-1.49638e-20 -9.87714e-16 0)
(-1.50384e-20 -9.87713e-16 0)
(-1.49912e-20 -9.87712e-16 0)
(-1.47912e-20 -9.87711e-16 0)
(-1.44033e-20 -9.87709e-16 0)
(-2.82488e-20 -9.87708e-16 0)
(-1.92981e-09 -3.12159e-15 0)
(-3.27239e-07 -3.30478e-05 0)
(-1.66042e-07 -0.000502815 0)
(-3.52236e-22 -9.87729e-16 0)
(-1.04808e-21 -9.87729e-16 0)
(-1.72473e-21 -9.87729e-16 0)
(-2.37873e-21 -9.87729e-16 0)
(-3.00752e-21 -9.87728e-16 0)
(-3.60945e-21 -9.87728e-16 0)
(-4.18377e-21 -9.87728e-16 0)
(-4.73053e-21 -9.87728e-16 0)
(-5.25049e-21 -9.87727e-16 0)
(-5.74499e-21 -9.87727e-16 0)
(-6.21583e-21 -9.87727e-16 0)
(-6.66507e-21 -9.87726e-16 0)
(-7.09498e-21 -9.87726e-16 0)
(-7.50785e-21 -9.87725e-16 0)
(-7.90591e-21 -9.87725e-16 0)
(-8.29119e-21 -9.87724e-16 0)
(-8.66549e-21 -9.87724e-16 0)
(-9.03024e-21 -9.87724e-16 0)
(-9.38645e-21 -9.87723e-16 0)
(-9.73462e-21 -9.87723e-16 0)
(-1.00747e-20 -9.87722e-16 0)
(-1.04058e-20 -9.87722e-16 0)
(-1.07266e-20 -9.87721e-16 0)
(-1.10346e-20 -9.8772e-16 0)
(-1.13265e-20 -9.8772e-16 0)
(-1.15979e-20 -9.87719e-16 0)
(-1.18431e-20 -9.87718e-16 0)
(-1.20554e-20 -9.87718e-16 0)
(-1.22263e-20 -9.87717e-16 0)
(-1.23461e-20 -9.87716e-16 0)
(-1.24036e-20 -9.87715e-16 0)
(-1.23861e-20 -9.87714e-16 0)
(-1.22798e-20 -9.87713e-16 0)
(-1.20704e-20 -9.87712e-16 0)
(-1.17432e-20 -9.87711e-16 0)
(-1.12846e-20 -9.8771e-16 0)
(-2.19321e-20 -9.8771e-16 0)
(-1.47619e-09 -3.09207e-15 0)
(-3.46169e-07 -3.27126e-05 0)
(-1.82877e-07 -0.000505854 0)
(-3.13141e-22 -9.87728e-16 0)
(-9.32044e-22 -9.87728e-16 0)
(-1.5347e-21 -9.87728e-16 0)
(-2.11844e-21 -9.87728e-16 0)
(-2.68125e-21 -9.87727e-16 0)
(-3.22179e-21 -9.87727e-16 0)
(-3.73935e-21 -9.87727e-16 0)
(-4.2338e-21 -9.87727e-16 0)
(-4.70554e-21 -9.87726e-16 0)
(-5.15535e-21 -9.87726e-16 0)
(-5.58436e-21 -9.87726e-16 0)
(-5.99386e-21 -9.87725e-16 0)
(-6.38528e-21 -9.87725e-16 0)
(-6.76003e-21 -9.87725e-16 0)
(-7.11945e-21 -9.87724e-16 0)
(-7.46468e-21 -9.87724e-16 0)
(-7.79666e-21 -9.87723e-16 0)
(-8.11596e-21 -9.87723e-16 0)
(-8.42281e-21 -9.87722e-16 0)
(-8.71697e-21 -9.87722e-16 0)
(-8.99772e-21 -9.87721e-16 0)
(-9.26377e-21 -9.87721e-16 0)
(-9.51324e-21 -9.8772e-16 0)
(-9.74361e-21 -9.8772e-16 0)
(-9.95166e-21 -9.87719e-16 0)
(-1.01335e-20 -9.87719e-16 0)
(-1.02845e-20 -9.87718e-16 0)
(-1.03994e-20 -9.87717e-16 0)
(-1.04722e-20 -9.87717e-16 0)
(-1.04966e-20 -9.87716e-16 0)
(-1.04659e-20 -9.87715e-16 0)
(-1.03732e-20 -9.87715e-16 0)
(-1.0212e-20 -9.87714e-16 0)
(-9.97667e-21 -9.87713e-16 0)
(-9.6626e-21 -9.87712e-16 0)
(-9.26735e-21 -9.87712e-16 0)
(-1.7729e-20 -9.87711e-16 0)
(-1.19388e-09 -2.98509e-15 0)
(-3.6464e-07 -3.19545e-05 0)
(-1.94601e-07 -0.000509032 0)
(-2.78038e-22 -9.87727e-16 0)
(-8.2773e-22 -9.87727e-16 0)
(-1.36347e-21 -9.87727e-16 0)
(-1.88311e-21 -9.87727e-16 0)
(-2.385e-21 -9.87727e-16 0)
(-2.86798e-21 -9.87726e-16 0)
(-3.33136e-21 -9.87726e-16 0)
(-3.77488e-21 -9.87726e-16 0)
(-4.19863e-21 -9.87726e-16 0)
(-4.60304e-21 -9.87725e-16 0)
(-4.98872e-21 -9.87725e-16 0)
(-5.35645e-21 -9.87725e-16 0)
(-5.70705e-21 -9.87724e-16 0)
(-6.04136e-21 -9.87724e-16 0)
(-6.36012e-21 -9.87724e-16 0)
(-6.66392e-21 -9.87723e-16 0)
(-6.95317e-21 -9.87723e-16 0)
(-7.22799e-21 -9.87722e-16 0)
(-7.48824e-21 -9.87722e-16 0)
(-7.73341e-21 -9.87721e-16 0)
(-7.96263e-21 -9.87721e-16 0)
(-8.17462e-21 -9.8772e-16 0)
(-8.36772e-21 -9.8772e-16 0)
(-8.53983e-21 -9.87719e-16 0)
(-8.68847e-21 -9.87719e-16 0)
(-8.81077e-21 -9.87718e-16 0)
(-8.90357e-21 -9.87718e-16 0)
(-8.96346e-21 -9.87717e-16 0)
(-8.98691e-21 -9.87717e-16 0)
(-8.97041e-21 -9.87716e-16 0)
(-8.91064e-21 -9.87715e-16 0)
(-8.80473e-21 -9.87715e-16 0)
(-8.65047e-21 -9.87714e-16 0)
(-8.44663e-21 -9.87714e-16 0)
(-8.19324e-21 -9.87713e-16 0)
(-7.89192e-21 -9.87713e-16 0)
(-1.47516e-20 -9.87712e-16 0)
(-9.95473e-10 -2.83287e-15 0)
(-3.83738e-07 -3.09079e-05 0)
(-2.03119e-07 -0.000512373 0)
(-2.46117e-22 -9.87726e-16 0)
(-7.32782e-22 -9.87726e-16 0)
(-1.20732e-21 -9.87726e-16 0)
(-1.66793e-21 -9.87726e-16 0)
(-2.1132e-21 -9.87726e-16 0)
(-2.54208e-21 -9.87726e-16 0)
(-2.95386e-21 -9.87726e-16 0)
(-3.34819e-21 -9.87725e-16 0)
(-3.72497e-21 -9.87725e-16 0)
(-4.08433e-21 -9.87725e-16 0)
(-4.42658e-21 -9.87724e-16 0)
(-4.75213e-21 -9.87724e-16 0)
(-5.06143e-21 -9.87724e-16 0)
(-5.35496e-21 -9.87723e-16 0)
(-5.63311e-21 -9.87723e-16 0)
(-5.89618e-21 -9.87723e-16 0)
(-6.14434e-21 -9.87722e-16 0)
(-6.37755e-21 -9.87722e-16 0)
(-6.59559e-21 -9.87721e-16 0)
(-6.798e-21 -9.87721e-16 0)
(-6.98408e-21 -9.87721e-16 0)
(-7.15288e-21 -9.8772e-16 0)
(-7.3032e-21 -9.8772e-16 0)
(-7.43362e-21 -9.87719e-16 0)
(-7.54254e-21 -9.87719e-16 0)
(-7.62818e-21 -9.87718e-16 0)
(-7.68869e-21 -9.87718e-16 0)
(-7.72221e-21 -9.87717e-16 0)
(-7.72695e-21 -9.87717e-16 0)
(-7.70134e-21 -9.87716e-16 0)
(-7.64412e-21 -9.87716e-16 0)
(-7.55448e-21 -9.87715e-16 0)
(-7.43226e-21 -9.87715e-16 0)
(-7.27799e-21 -9.87714e-16 0)
(-7.09311e-21 -9.87714e-16 0)
(-6.87999e-21 -9.87714e-16 0)
(-1.24615e-20 -9.87713e-16 0)
(-8.37725e-10 -2.65326e-15 0)
(-4.0421e-07 -2.96277e-05 0)
(-2.09518e-07 -0.000515904 0)
(-2.16838e-22 -9.87726e-16 0)
(-6.45628e-22 -9.87726e-16 0)
(-1.06378e-21 -9.87726e-16 0)
(-1.46972e-21 -9.87725e-16 0)
(-1.86218e-21 -9.87725e-16 0)
(-2.24015e-21 -9.87725e-16 0)
(-2.60296e-21 -9.87725e-16 0)
(-2.95013e-21 -9.87725e-16 0)
(-3.28145e-21 -9.87724e-16 0)
(-3.59688e-21 -9.87724e-16 0)
(-3.89649e-21 -9.87724e-16 0)
(-4.18049e-21 -9.87724e-16 0)
(-4.44912e-21 -9.87723e-16 0)
(-4.70265e-21 -9.87723e-16 0)
(-4.94133e-21 -9.87723e-16 0)
(-5.16534e-21 -9.87722e-16 0)
(-5.3748e-21 -9.87722e-16 0)
(-5.56972e-21 -9.87721e-16 0)
(-5.75001e-21 -9.87721e-16 0)
(-5.91542e-21 -9.87721e-16 0)
(-6.06559e-21 -9.8772e-16 0)
(-6.20002e-21 -9.8772e-16 0)
(-6.31809e-21 -9.87719e-16 0)
(-6.41908e-21 -9.87719e-16 0)
(-6.50219e-21 -9.87718e-16 0)
(-6.56658e-21 -9.87718e-16 0)
(-6.61142e-21 -9.87718e-16 0)
(-6.63594e-21 -9.87717e-16 0)
(-6.63946e-21 -9.87717e-16 0)
(-6.62153e-21 -9.87716e-16 0)
(-6.58192e-21 -9.87716e-16 0)
(-6.52073e-21 -9.87715e-16 0)
(-6.43845e-21 -9.87715e-16 0)
(-6.336e-21 -9.87715e-16 0)
(-6.21478e-21 -9.87714e-16 0)
(-6.07669e-21 -9.87714e-16 0)
(-1.05784e-20 -9.87714e-16 0)
(-7.02288e-10 -2.45727e-15 0)
(-4.26636e-07 -2.81336e-05 0)
(-2.14399e-07 -0.000519656 0)
(-1.89845e-22 -9.87725e-16 0)
(-5.65231e-22 -9.87725e-16 0)
(-9.31224e-22 -9.87725e-16 0)
(-1.28638e-21 -9.87725e-16 0)
(-1.62951e-21 -9.87725e-16 0)
(-1.95967e-21 -9.87725e-16 0)
(-2.27612e-21 -9.87724e-16 0)
(-2.57837e-21 -9.87724e-16 0)
(-2.86609e-21 -9.87724e-16 0)
(-3.13912e-21 -9.87724e-16 0)
(-3.39744e-21 -9.87723e-16 0)
(-3.6411e-21 -9.87723e-16 0)
(-3.87024e-21 -9.87723e-16 0)
(-4.08506e-21 -9.87723e-16 0)
(-4.28575e-21 -9.87722e-16 0)
(-4.47253e-21 -9.87722e-16 0)
(-4.64558e-21 -9.87721e-16 0)
(-4.80507e-21 -9.87721e-16 0)
(-4.95113e-21 -9.87721e-16 0)
(-5.08384e-21 -9.8772e-16 0)
(-5.20324e-21 -9.8772e-16 0)
(-5.30932e-21 -9.8772e-16 0)
(-5.40204e-21 -9.87719e-16 0)
(-5.48133e-21 -9.87719e-16 0)
(-5.54711e-21 -9.87718e-16 0)
(-5.59929e-21 -9.87718e-16 0)
(-5.63781e-21 -9.87717e-16 0)
(-5.66265e-21 -9.87717e-16 0)
(-5.67383e-21 -9.87717e-16 0)
(-5.6715e-21 -9.87716e-16 0)
(-5.65589e-21 -9.87716e-16 0)
(-5.62737e-21 -9.87716e-16 0)
(-5.58646e-21 -9.87715e-16 0)
(-5.53385e-21 -9.87715e-16 0)
(-5.47037e-21 -9.87715e-16 0)
(-5.39704e-21 -9.87714e-16 0)
(-8.97388e-21 -9.87714e-16 0)
(-5.82264e-10 -2.25354e-15 0)
(-4.51567e-07 -2.64293e-05 0)
(-2.18123e-07 -0.000523661 0)
(-1.6491e-22 -9.87725e-16 0)
(-4.90929e-22 -9.87725e-16 0)
(-8.08609e-22 -9.87724e-16 0)
(-1.11658e-21 -9.87724e-16 0)
(-1.41369e-21 -9.87724e-16 0)
(-1.69901e-21 -9.87724e-16 0)
(-1.97178e-21 -9.87724e-16 0)
(-2.23145e-21 -9.87724e-16 0)
(-2.47764e-21 -9.87724e-16 0)
(-2.7101e-21 -9.87723e-16 0)
(-2.92873e-21 -9.87723e-16 0)
(-3.13351e-21 -9.87723e-16 0)
(-3.32455e-21 -9.87723e-16 0)
(-3.502e-21 -9.87722e-16 0)
(-3.66611e-21 -9.87722e-16 0)
(-3.81714e-21 -9.87722e-16 0)
(-3.95543e-21 -9.87721e-16 0)
(-4.08134e-21 -9.87721e-16 0)
(-4.19527e-21 -9.8772e-16 0)
(-4.29764e-21 -9.8772e-16 0)
(-4.38894e-21 -9.8772e-16 0)
(-4.46963e-21 -9.87719e-16 0)
(-4.54025e-21 -9.87719e-16 0)
(-4.60135e-21 -9.87719e-16 0)
(-4.65348e-21 -9.87718e-16 0)
(-4.69723e-21 -9.87718e-16 0)
(-4.73319e-21 -9.87717e-16 0)
(-4.76195e-21 -9.87717e-16 0)
(-4.78406e-21 -9.87717e-16 0)
(-4.80007e-21 -9.87716e-16 0)
(-4.81046e-21 -9.87716e-16 0)
(-4.81566e-21 -9.87716e-16 0)
(-4.81602e-21 -9.87715e-16 0)
(-4.81182e-21 -9.87715e-16 0)
(-4.80323e-21 -9.87715e-16 0)
(-4.79035e-21 -9.87714e-16 0)
(-7.58193e-21 -9.87714e-16 0)
(-4.75208e-10 -2.04858e-15 0)
(-4.79654e-07 -2.45106e-05 0)
(-2.20948e-07 -0.000527958 0)
(-1.41894e-22 -9.87724e-16 0)
(-4.22322e-22 -9.87724e-16 0)
(-6.95312e-22 -9.87724e-16 0)
(-9.59528e-22 -9.87724e-16 0)
(-1.21383e-21 -9.87724e-16 0)
(-1.45726e-21 -9.87724e-16 0)
(-1.68905e-21 -9.87724e-16 0)
(-1.9086e-21 -9.87723e-16 0)
(-2.11546e-21 -9.87723e-16 0)
(-2.30932e-21 -9.87723e-16 0)
(-2.49001e-21 -9.87723e-16 0)
(-2.65748e-21 -9.87722e-16 0)
(-2.8118e-21 -9.87722e-16 0)
(-2.95311e-21 -9.87722e-16 0)
(-3.0817e-21 -9.87722e-16 0)
(-3.19792e-21 -9.87721e-16 0)
(-3.30223e-21 -9.87721e-16 0)
(-3.39519e-21 -9.87721e-16 0)
(-3.47747e-21 -9.8772e-16 0)
(-3.54982e-21 -9.8772e-16 0)
(-3.61313e-21 -9.8772e-16 0)
(-3.66835e-21 -9.87719e-16 0)
(-3.71657e-21 -9.87719e-16 0)
(-3.75893e-21 -9.87718e-16 0)
(-3.79668e-21 -9.87718e-16 0)
(-3.83108e-21 -9.87718e-16 0)
(-3.86341e-21 -9.87717e-16 0)
(-3.89493e-21 -9.87717e-16 0)
(-3.92681e-21 -9.87717e-16 0)
(-3.96009e-21 -9.87716e-16 0)
(-3.99561e-21 -9.87716e-16 0)
(-4.03398e-21 -9.87716e-16 0)
(-4.07548e-21 -9.87715e-16 0)
(-4.1201e-21 -9.87715e-16 0)
(-4.16745e-21 -9.87715e-16 0)
(-4.2168e-21 -9.87714e-16 0)
(-6.35349e-21 -9.87714e-16 0)
(-3.79671e-10 -1.84735e-15 0)
(-5.11802e-07 -2.23673e-05 0)
(-2.23098e-07 -0.000532595 0)
(-1.20721e-22 -9.87724e-16 0)
(-3.5919e-22 -9.87724e-16 0)
(-5.91001e-22 -9.87724e-16 0)
(-8.14817e-22 -9.87724e-16 0)
(-1.02948e-21 -9.87724e-16 0)
(-1.23402e-21 -9.87723e-16 0)
(-1.4276e-21 -9.87723e-16 0)
(-1.60958e-21 -9.87723e-16 0)
(-1.77944e-21 -9.87723e-16 0)
(-1.93681e-21 -9.87723e-16 0)
(-2.08144e-21 -9.87722e-16 0)
(-2.21322e-21 -9.87722e-16 0)
(-2.33217e-21 -9.87722e-16 0)
(-2.43843e-21 -9.87722e-16 0)
(-2.53226e-21 -9.87721e-16 0)
(-2.61405e-21 -9.87721e-16 0)
(-2.68436e-21 -9.87721e-16 0)
(-2.74388e-21 -9.87721e-16 0)
(-2.79346e-21 -9.8772e-16 0)
(-2.83413e-21 -9.8772e-16 0)
(-2.86712e-21 -9.87719e-16 0)
(-2.89382e-21 -9.87719e-16 0)
(-2.91583e-21 -9.87719e-16 0)
(-2.93494e-21 -9.87718e-16 0)
(-2.95308e-21 -9.87718e-16 0)
(-2.97233e-21 -9.87718e-16 0)
(-2.99485e-21 -9.87717e-16 0)
(-3.02282e-21 -9.87717e-16 0)
(-3.05835e-21 -9.87716e-16 0)
(-3.10338e-21 -9.87716e-16 0)
(-3.15955e-21 -9.87716e-16 0)
(-3.2281e-21 -9.87715e-16 0)
(-3.30972e-21 -9.87715e-16 0)
(-3.4045e-21 -9.87715e-16 0)
(-3.51179e-21 -9.87714e-16 0)
(-3.63022e-21 -9.87714e-16 0)
(-5.23174e-21 -9.87714e-16 0)
(-2.93744e-10 -1.65431e-15 0)
(-5.49376e-07 -1.99817e-05 0)
(-2.24787e-07 -0.000537628 0)
(-1.01359e-22 -9.87723e-16 0)
(-3.01448e-22 -9.87723e-16 0)
(-4.95554e-22 -9.87723e-16 0)
(-6.82322e-22 -9.87723e-16 0)
(-8.60565e-22 -9.87723e-16 0)
(-1.02926e-21 -9.87723e-16 0)
(-1.18753e-21 -9.87723e-16 0)
(-1.33464e-21 -9.87723e-16 0)
(-1.47001e-21 -9.87723e-16 0)
(-1.59317e-21 -9.87722e-16 0)
(-1.7038e-21 -9.87722e-16 0)
(-1.80168e-21 -9.87722e-16 0)
(-1.88673e-21 -9.87722e-16 0)
(-1.95901e-21 -9.87722e-16 0)
(-2.01872e-21 -9.87721e-16 0)
(-2.06621e-21 -9.87721e-16 0)
(-2.10199e-21 -9.87721e-16 0)
(-2.12677e-21 -9.8772e-16 0)
(-2.14146e-21 -9.8772e-16 0)
(-2.14723e-21 -9.8772e-16 0)
(-2.1455e-21 -9.87719e-16 0)
(-2.13796e-21 -9.87719e-16 0)
(-2.12663e-21 -9.87719e-16 0)
(-2.11386e-21 -9.87718e-16 0)
(-2.10232e-21 -9.87718e-16 0)
(-2.095e-21 -9.87718e-16 0)
(-2.09519e-21 -9.87717e-16 0)
(-2.10637e-21 -9.87717e-16 0)
(-2.13217e-21 -9.87716e-16 0)
(-2.17617e-21 -9.87716e-16 0)
(-2.2417e-21 -9.87716e-16 0)
(-2.33167e-21 -9.87715e-16 0)
(-2.44822e-21 -9.87715e-16 0)
(-2.5925e-21 -9.87714e-16 0)
(-2.76438e-21 -9.87714e-16 0)
(-2.96227e-21 -9.87714e-16 0)
(-4.14077e-21 -9.87713e-16 0)
(-2.15043e-10 -1.4735e-15 0)
(-5.94372e-07 -1.73231e-05 0)
(-2.2616e-07 -0.000543136 0)
(-8.38068e-23 -9.87723e-16 0)
(-2.49093e-22 -9.87723e-16 0)
(-4.08991e-22 -9.87723e-16 0)
(-5.6211e-22 -9.87723e-16 0)
(-7.07224e-22 -9.87723e-16 0)
(-8.43253e-22 -9.87723e-16 0)
(-9.69255e-22 -9.87723e-16 0)
(-1.08442e-21 -9.87723e-16 0)
(-1.18806e-21 -9.87722e-16 0)
(-1.2796e-21 -9.87722e-16 0)
(-1.35859e-21 -9.87722e-16 0)
(-1.42467e-21 -9.87722e-16 0)
(-1.47763e-21 -9.87722e-16 0)
(-1.51735e-21 -9.87721e-16 0)
(-1.54386e-21 -9.87721e-16 0)
(-1.55734e-21 -9.87721e-16 0)
(-1.55813e-21 -9.87721e-16 0)
(-1.54676e-21 -9.8772e-16 0)
(-1.52401e-21 -9.8772e-16 0)
(-1.49091e-21 -9.8772e-16 0)
(-1.4488e-21 -9.8772e-16 0)
(-1.39941e-21 -9.87719e-16 0)
(-1.34488e-21 -9.87719e-16 0)
(-1.28786e-21 -9.87718e-16 0)
(-1.23155e-21 -9.87718e-16 0)
(-1.17977e-21 -9.87718e-16 0)
(-1.13699e-21 -9.87717e-16 0)
(-1.10836e-21 -9.87717e-16 0)
(-1.09964e-21 -9.87716e-16 0)
(-1.11709e-21 -9.87716e-16 0)
(-1.16728e-21 -9.87715e-16 0)
(-1.25668e-21 -9.87715e-16 0)
(-1.39121e-21 -9.87714e-16 0)
(-1.57555e-21 -9.87714e-16 0)
(-1.81235e-21 -9.87713e-16 0)
(-2.10146e-21 -9.87713e-16 0)
(-2.96882e-21 -9.87713e-16 0)
(-1.4186e-10 -1.30788e-15 0)
(-6.49416e-07 -1.43422e-05 0)
(-2.27034e-07 -0.000549223 0)
(-6.80764e-23 -9.87723e-16 0)
(-2.02172e-22 -9.87723e-16 0)
(-3.31405e-22 -9.87723e-16 0)
(-4.54353e-22 -9.87723e-16 0)
(-5.69748e-22 -9.87723e-16 0)
(-6.76452e-22 -9.87723e-16 0)
(-7.73454e-22 -9.87723e-16 0)
(-8.59854e-22 -9.87722e-16 0)
(-9.34856e-22 -9.87722e-16 0)
(-9.97757e-22 -9.87722e-16 0)
(-1.04795e-21 -9.87722e-16 0)
(-1.08491e-21 -9.87722e-16 0)
(-1.1082e-21 -9.87722e-16 0)
(-1.11748e-21 -9.87721e-16 0)
(-1.1125e-21 -9.87721e-16 0)
(-1.09313e-21 -9.87721e-16 0)
(-1.05937e-21 -9.87721e-16 0)
(-1.01136e-21 -9.87721e-16 0)
(-9.4944e-22 -9.8772e-16 0)
(-8.74175e-22 -9.8772e-16 0)
(-7.86429e-22 -9.8772e-16 0)
(-6.87436e-22 -9.87719e-16 0)
(-5.78901e-22 -9.87719e-16 0)
(-4.63119e-22 -9.87719e-16 0)
(-3.43131e-22 -9.87718e-16 0)
(-2.22899e-22 -9.87718e-16 0)
(-1.07513e-22 -9.87717e-16 0)
(-3.4077e-24 -9.87717e-16 0)
(8.1426e-23 -9.87716e-16 0)
(1.37277e-22 -9.87716e-16 0)
(1.52661e-22 -9.87715e-16 0)
(1.14481e-22 -9.87715e-16 0)
(8.52254e-24 -9.87714e-16 0)
(-1.79524e-22 -9.87713e-16 0)
(-4.62352e-22 -9.87713e-16 0)
(-8.48458e-22 -9.87712e-16 0)
(-1.53565e-21 -9.87711e-16 0)
(-7.502e-11 -1.16215e-15 0)
(-7.17615e-07 -1.09668e-05 0)
(-2.2638e-07 -0.000556028 0)
(-5.41833e-23 -9.87723e-16 0)
(-1.60736e-22 -9.87723e-16 0)
(-2.62902e-22 -9.87723e-16 0)
(-3.59241e-22 -9.87723e-16 0)
(-4.48447e-22 -9.87723e-16 0)
(-5.2934e-22 -9.87723e-16 0)
(-6.00842e-22 -9.87722e-16 0)
(-6.61969e-22 -9.87722e-16 0)
(-7.11818e-22 -9.87722e-16 0)
(-7.49556e-22 -9.87722e-16 0)
(-7.74408e-22 -9.87722e-16 0)
(-7.85656e-22 -9.87722e-16 0)
(-7.82628e-22 -9.87722e-16 0)
(-7.64692e-22 -9.87721e-16 0)
(-7.31262e-22 -9.87721e-16 0)
(-6.81791e-22 -9.87721e-16 0)
(-6.15781e-22 -9.87721e-16 0)
(-5.32789e-22 -9.87721e-16 0)
(-4.32449e-22 -9.8772e-16 0)
(-3.14498e-22 -9.8772e-16 0)
(-1.78817e-22 -9.8772e-16 0)
(-2.55005e-23 -9.8772e-16 0)
(1.45051e-22 -9.87719e-16 0)
(3.31993e-22 -9.87719e-16 0)
(5.3384e-22 -9.87719e-16 0)
(7.48192e-22 -9.87718e-16 0)
(9.7135e-22 -9.87718e-16 0)
(1.1978e-21 -9.87717e-16 0)
(1.41956e-21 -9.87717e-16 0)
(1.62526e-21 -9.87716e-16 0)
(1.79919e-21 -9.87715e-16 0)
(1.92012e-21 -9.87715e-16 0)
(1.9602e-21 -9.87714e-16 0)
(1.88442e-21 -9.87713e-16 0)
(1.65105e-21 -9.87712e-16 0)
(1.21454e-21 -9.87711e-16 0)
(5.32617e-22 -9.8771e-16 0)
(-1.99436e-11 -1.05438e-15 0)
(-8.00944e-07 -7.1045e-06 0)
(-2.21828e-07 -0.000563733 0)
(-4.2131e-23 -9.87723e-16 0)
(-1.24801e-22 -9.87723e-16 0)
(-2.03532e-22 -9.87723e-16 0)
(-2.76881e-22 -9.87723e-16 0)
(-3.43532e-22 -9.87723e-16 0)
(-4.02278e-22 -9.87722e-16 0)
(-4.51997e-22 -9.87722e-16 0)
(-4.91642e-22 -9.87722e-16 0)
(-5.20223e-22 -9.87722e-16 0)
(-5.36791e-22 -9.87722e-16 0)
(-5.4043e-22 -9.87722e-16 0)
(-5.30237e-22 -9.87722e-16 0)
(-5.05314e-22 -9.87722e-16 0)
(-4.64752e-22 -9.87722e-16 0)
(-4.07613e-22 -9.87721e-16 0)
(-3.32923e-22 -9.87721e-16 0)
(-2.39647e-22 -9.87721e-16 0)
(-1.26676e-22 -9.87721e-16 0)
(7.19165e-24 -9.87721e-16 0)
(1.63269e-22 -9.8772e-16 0)
(3.42994e-22 -9.8772e-16 0)
(5.47942e-22 -9.8772e-16 0)
(7.79816e-22 -9.8772e-16 0)
(1.04042e-21 -9.87719e-16 0)
(1.33161e-21 -9.87719e-16 0)
(1.65508e-21 -9.87719e-16 0)
(2.01219e-21 -9.87718e-16 0)
(2.4034e-21 -9.87718e-16 0)
(2.82749e-21 -9.87718e-16 0)
(3.28028e-21 -9.87717e-16 0)
(3.75242e-21 -9.87716e-16 0)
(4.22613e-21 -9.87715e-16 0)
(4.67012e-21 -9.87714e-16 0)
(5.03206e-21 -9.87713e-16 0)
(5.22809e-21 -9.87712e-16 0)
(5.12855e-21 -9.8771e-16 0)
(4.54082e-21 -9.87707e-16 0)
(3.21929e-21 -1.00514e-15 0)
(-8.57943e-07 -2.76165e-06 0)
(-2.03197e-07 -0.000572324 0)
(-3.18989e-23 -9.87723e-16 0)
(-9.43115e-23 -9.87723e-16 0)
(-1.53217e-22 -9.87723e-16 0)
(-2.07204e-22 -9.87722e-16 0)
(-2.54977e-22 -9.87722e-16 0)
(-2.95332e-22 -9.87722e-16 0)
(-3.2714e-22 -9.87722e-16 0)
(-3.49322e-22 -9.87722e-16 0)
(-3.60841e-22 -9.87722e-16 0)
(-3.60679e-22 -9.87722e-16 0)
(-3.47821e-22 -9.87722e-16 0)
(-3.21239e-22 -9.87722e-16 0)
(-2.79874e-22 -9.87722e-16 0)
(-2.22608e-22 -9.87722e-16 0)
(-1.48246e-22 -9.87722e-16 0)
(-5.54821e-23 -9.87721e-16 0)
(5.71336e-23 -9.87721e-16 0)
(1.91243e-22 -9.87721e-16 0)
(3.48735e-22 -9.87721e-16 0)
(5.31816e-22 -9.87721e-16 0)
(7.431e-22 -9.87721e-16 0)
(9.85727e-22 -9.87721e-16 0)
(1.26351e-21 -9.8772e-16 0)
(1.58115e-21 -9.8772e-16 0)
(1.94444e-21 -9.8772e-16 0)
(2.36063e-21 -9.8772e-16 0)
(2.83883e-21 -9.87719e-16 0)
(3.39046e-21 -9.87719e-16 0)
(4.02984e-21 -9.87719e-16 0)
(4.77468e-21 -9.87718e-16 0)
(5.64643e-21 -9.87718e-16 0)
(6.66986e-21 -9.87717e-16 0)
(7.87097e-21 -9.87717e-16 0)
(9.27114e-21 -9.87715e-16 0)
(1.08737e-20 -9.87714e-16 0)
(1.26354e-20 -9.87712e-16 0)
(1.44084e-20 -9.87708e-16 0)
(1.59012e-20 -9.92177e-16 0)
(-1.05536e-07 -2.42087e-07 0)
(-8.48291e-08 -0.000288407 0)
(-2.34305e-23 -9.87722e-16 0)
(-6.91023e-23 -9.87722e-16 0)
(-1.11698e-22 -9.87722e-16 0)
(-1.49877e-22 -9.87722e-16 0)
(-1.82403e-22 -9.87722e-16 0)
(-2.08117e-22 -9.87722e-16 0)
(-2.25921e-22 -9.87722e-16 0)
(-2.34757e-22 -9.87722e-16 0)
(-2.33591e-22 -9.87722e-16 0)
(-2.21396e-22 -9.87722e-16 0)
(-1.97134e-22 -9.87722e-16 0)
(-1.59736e-22 -9.87722e-16 0)
(-1.08086e-22 -9.87722e-16 0)
(-4.0991e-23 -9.87722e-16 0)
(4.28396e-23 -9.87722e-16 0)
(1.44832e-22 -9.87722e-16 0)
(2.66587e-22 -9.87722e-16 0)
(4.09935e-22 -9.87721e-16 0)
(5.77e-22 -9.87721e-16 0)
(7.70291e-22 -9.87721e-16 0)
(9.92819e-22 -9.87721e-16 0)
(1.24826e-21 -9.87721e-16 0)
(1.54116e-21 -9.87721e-16 0)
(1.87727e-21 -9.87721e-16 0)
(2.26395e-21 -9.87721e-16 0)
(2.71083e-21 -9.87721e-16 0)
(3.23074e-21 -9.87721e-16 0)
(3.84116e-21 -9.87721e-16 0)
(4.56648e-21 -9.87721e-16 0)
(5.4416e-21 -9.87721e-16 0)
(6.51777e-21 -9.87721e-16 0)
(7.87233e-21 -9.87721e-16 0)
(9.62509e-21 -9.87721e-16 0)
(1.19662e-20 -9.87721e-16 0)
(1.52039e-20 -9.87721e-16 0)
(1.98477e-20 -9.87722e-16 0)
(2.67508e-20 -9.87722e-16 0)
(3.73587e-20 -9.87723e-16 0)
(3.71827e-20 -9.87725e-16 0)
(-7.9727e-18 -9.87661e-16 0)
(-1.66249e-23 -9.87722e-16 0)
(-4.88751e-23 -9.87722e-16 0)
(-7.84884e-23 -9.87722e-16 0)
(-1.04239e-22 -9.87722e-16 0)
(-1.24991e-22 -9.87722e-16 0)
(-1.39674e-22 -9.87722e-16 0)
(-1.47272e-22 -9.87722e-16 0)
(-1.46795e-22 -9.87722e-16 0)
(-1.37273e-22 -9.87722e-16 0)
(-1.17738e-22 -9.87722e-16 0)
(-8.72069e-23 -9.87722e-16 0)
(-4.46681e-23 -9.87722e-16 0)
(1.09346e-23 -9.87722e-16 0)
(8.07201e-23 -9.87722e-16 0)
(1.6589e-22 -9.87722e-16 0)
(2.67751e-22 -9.87722e-16 0)
(3.87743e-22 -9.87722e-16 0)
(5.27474e-22 -9.87722e-16 0)
(6.88754e-22 -9.87722e-16 0)
(8.73656e-22 -9.87722e-16 0)
(1.08457e-21 -9.87722e-16 0)
(1.32427e-21 -9.87722e-16 0)
(1.59603e-21 -9.87722e-16 0)
(1.90374e-21 -9.87722e-16 0)
(2.25199e-21 -9.87722e-16 0)
(2.64628e-21 -9.87722e-16 0)
(3.09307e-21 -9.87722e-16 0)
(3.59991e-21 -9.87722e-16 0)
(4.17529e-21 -9.87722e-16 0)
(4.82805e-21 -9.87723e-16 0)
(5.56603e-21 -9.87723e-16 0)
(6.39279e-21 -9.87724e-16 0)
(7.30089e-21 -9.87724e-16 0)
(8.25845e-21 -9.87726e-16 0)
(9.18311e-21 -9.87727e-16 0)
(9.89254e-21 -9.8773e-16 0)
(1.00122e-20 -9.87733e-16 0)
(8.80541e-21 -9.87738e-16 0)
(4.86562e-21 -9.87746e-16 0)
(-3.36628e-18 -9.87751e-16 0)
(-1.1333e-23 -9.87722e-16 0)
(-3.31849e-23 -9.87722e-16 0)
(-5.28528e-23 -9.87722e-16 0)
(-6.92676e-23 -9.87722e-16 0)
(-8.1436e-23 -9.87722e-16 0)
(-8.84218e-23 -9.87722e-16 0)
(-8.93303e-23 -9.87722e-16 0)
(-8.32934e-23 -9.87722e-16 0)
(-6.9458e-23 -9.87722e-16 0)
(-4.69737e-23 -9.87722e-16 0)
(-1.49837e-23 -9.87722e-16 0)
(2.73854e-23 -9.87722e-16 0)
(8.10319e-23 -9.87722e-16 0)
(1.46886e-22 -9.87722e-16 0)
(2.25918e-22 -9.87722e-16 0)
(3.19142e-22 -9.87722e-16 0)
(4.27619e-22 -9.87722e-16 0)
(5.52461e-22 -9.87722e-16 0)
(6.94825e-22 -9.87722e-16 0)
(8.55902e-22 -9.87722e-16 0)
(1.0369e-21 -9.87722e-16 0)
(1.23902e-21 -9.87722e-16 0)
(1.46336e-21 -9.87722e-16 0)
(1.71085e-21 -9.87722e-16 0)
(1.9821e-21 -9.87722e-16 0)
(2.27708e-21 -9.87723e-16 0)
(2.59479e-21 -9.87723e-16 0)
(2.93257e-21 -9.87723e-16 0)
(3.28522e-21 -9.87723e-16 0)
(3.64347e-21 -9.87724e-16 0)
(3.99202e-21 -9.87724e-16 0)
(4.30653e-21 -9.87725e-16 0)
(4.54976e-21 -9.87726e-16 0)
(4.66677e-21 -9.87727e-16 0)
(4.57994e-21 -9.87728e-16 0)
(4.18599e-21 -9.8773e-16 0)
(3.35989e-21 -9.87731e-16 0)
(1.9769e-21 -9.87733e-16 0)
(-2.52495e-23 -9.87734e-16 0)
(-1.90419e-18 -9.87735e-16 0)
(-7.35694e-24 -9.87722e-16 0)
(-2.14399e-23 -9.87722e-16 0)
(-3.38065e-23 -9.87722e-16 0)
(-4.35827e-23 -9.87722e-16 0)
(-4.99556e-23 -9.87722e-16 0)
(-5.21591e-23 -9.87722e-16 0)
(-4.94608e-23 -9.87722e-16 0)
(-4.11515e-23 -9.87722e-16 0)
(-2.65368e-23 -9.87722e-16 0)
(-4.93007e-24 -9.87722e-16 0)
(2.43531e-23 -9.87722e-16 0)
(6.19979e-23 -9.87722e-16 0)
(1.08691e-22 -9.87722e-16 0)
(1.65119e-22 -9.87722e-16 0)
(2.31963e-22 -9.87722e-16 0)
(3.09888e-22 -9.87722e-16 0)
(3.99526e-22 -9.87722e-16 0)
(5.01454e-22 -9.87722e-16 0)
(6.16157e-22 -9.87722e-16 0)
(7.4398e-22 -9.87722e-16 0)
(8.85061e-22 -9.87722e-16 0)
(1.03924e-21 -9.87723e-16 0)
(1.20593e-21 -9.87723e-16 0)
(1.38396e-21 -9.87723e-16 0)
(1.57136e-21 -9.87723e-16 0)
(1.76504e-21 -9.87723e-16 0)
(1.96048e-21 -9.87723e-16 0)
(2.15123e-21 -9.87724e-16 0)
(2.32838e-21 -9.87724e-16 0)
(2.47993e-21 -9.87724e-16 0)
(2.5902e-21 -9.87725e-16 0)
(2.63928e-21 -9.87725e-16 0)
(2.60288e-21 -9.87726e-16 0)
(2.45295e-21 -9.87727e-16 0)
(2.15952e-21 -9.87727e-16 0)
(1.69477e-21 -9.87728e-16 0)
(1.03984e-21 -9.87729e-16 0)
(1.95079e-22 -9.87729e-16 0)
(-8.07713e-22 -9.87729e-16 0)
(-1.22195e-18 -9.87729e-16 0)
(-4.45468e-24 -9.87722e-16 0)
(-1.29146e-23 -9.87722e-16 0)
(-2.01388e-23 -9.87722e-16 0)
(-2.54799e-23 -9.87722e-16 0)
(-2.83357e-23 -9.87722e-16 0)
(-2.8139e-23 -9.87722e-16 0)
(-2.43485e-23 -9.87722e-16 0)
(-1.64418e-23 -9.87722e-16 0)
(-3.91036e-24 -9.87722e-16 0)
(1.37442e-23 -9.87722e-16 0)
(3.70113e-23 -9.87722e-16 0)
(6.63706e-23 -9.87722e-16 0)
(1.02288e-22 -9.87722e-16 0)
(1.45211e-22 -9.87722e-16 0)
(1.9555e-22 -9.87722e-16 0)
(2.53671e-22 -9.87722e-16 0)
(3.19863e-22 -9.87722e-16 0)
(3.94312e-22 -9.87722e-16 0)
(4.77053e-22 -9.87722e-16 0)
(5.67917e-22 -9.87723e-16 0)
(6.66459e-22 -9.87723e-16 0)
(7.71872e-22 -9.87723e-16 0)
(8.82876e-22 -9.87723e-16 0)
(9.97597e-22 -9.87723e-16 0)
(1.11341e-21 -9.87723e-16 0)
(1.2268e-21 -9.87724e-16 0)
(1.33316e-21 -9.87724e-16 0)
(1.42668e-21 -9.87724e-16 0)
(1.50019e-21 -9.87724e-16 0)
(1.54517e-21 -9.87725e-16 0)
(1.55185e-21 -9.87725e-16 0)
(1.50953e-21 -9.87725e-16 0)
(1.40727e-21 -9.87726e-16 0)
(1.23493e-21 -9.87726e-16 0)
(9.84696e-22 -9.87727e-16 0)
(6.53025e-22 -9.87727e-16 0)
(2.42863e-22 -9.87727e-16 0)
(-2.34403e-22 -9.87727e-16 0)
(-7.58006e-22 -9.87727e-16 0)
(-7.83023e-19 -9.87727e-16 0)
(-2.34709e-24 -9.87722e-16 0)
(-6.77206e-24 -9.87722e-16 0)
(-1.04518e-23 -9.87722e-16 0)
(-1.29884e-23 -9.87722e-16 0)
(-1.40122e-23 -9.87722e-16 0)
(-1.3175e-23 -9.87722e-16 0)
(-1.01454e-23 -9.87722e-16 0)
(-4.60439e-24 -9.87722e-16 0)
(3.75667e-24 -9.87722e-16 0)
(1.52378e-23 -9.87722e-16 0)
(3.01297e-23 -9.87722e-16 0)
(4.87121e-23 -9.87722e-16 0)
(7.12489e-23 -9.87722e-16 0)
(9.79813e-23 -9.87722e-16 0)
(1.29117e-22 -9.87722e-16 0)
(1.64817e-22 -9.87722e-16 0)
(2.05173e-22 -9.87722e-16 0)
(2.50184e-22 -9.87723e-16 0)
(2.99726e-22 -9.87723e-16 0)
(3.53505e-22 -9.87723e-16 0)
(4.11019e-22 -9.87723e-16 0)
(4.71492e-22 -9.87723e-16 0)
(5.3382e-22 -9.87723e-16 0)
(5.96499e-22 -9.87723e-16 0)
(6.57564e-22 -9.87723e-16 0)
(7.14527e-22 -9.87724e-16 0)
(7.6434e-22 -9.87724e-16 0)
(8.03392e-22 -9.87724e-16 0)
(8.27554e-22 -9.87724e-16 0)
(8.32299e-22 -9.87725e-16 0)
(8.12916e-22 -9.87725e-16 0)
(7.64839e-22 -9.87725e-16 0)
(6.84087e-22 -9.87725e-16 0)
(5.67821e-22 -9.87726e-16 0)
(4.14956e-22 -9.87726e-16 0)
(2.2676e-22 -9.87726e-16 0)
(7.30548e-24 -9.87726e-16 0)
(-2.36387e-22 -9.87726e-16 0)
(-4.94662e-22 -9.87726e-16 0)
(-4.42041e-19 -9.87726e-16 0)
(-7.27509e-25 -9.87722e-16 0)
(-2.09288e-24 -9.87722e-16 0)
(-3.2092e-24 -9.87722e-16 0)
(-3.94229e-24 -9.87722e-16 0)
(-4.16749e-24 -9.87722e-16 0)
(-3.76753e-24 -9.87722e-16 0)
(-2.63083e-24 -9.87722e-16 0)
(-6.50318e-25 -9.87722e-16 0)
(2.27738e-24 -9.87722e-16 0)
(6.25214e-24 -9.87722e-16 0)
(1.13701e-23 -9.87722e-16 0)
(1.77226e-23 -9.87722e-16 0)
(2.53942e-23 -9.87722e-16 0)
(3.44602e-23 -9.87722e-16 0)
(4.49821e-23 -9.87722e-16 0)
(5.70021e-23 -9.87722e-16 0)
(7.05357e-23 -9.87723e-16 0)
(8.55624e-23 -9.87723e-16 0)
(1.02013e-22 -9.87723e-16 0)
(1.19758e-22 -9.87723e-16 0)
(1.38588e-22 -9.87723e-16 0)
(1.58198e-22 -9.87723e-16 0)
(1.78164e-22 -9.87723e-16 0)
(1.9793e-22 -9.87723e-16 0)
(2.16787e-22 -9.87724e-16 0)
(2.33862e-22 -9.87724e-16 0)
(2.48119e-22 -9.87724e-16 0)
(2.58367e-22 -9.87724e-16 0)
(2.633e-22 -9.87724e-16 0)
(2.61546e-22 -9.87725e-16 0)
(2.51756e-22 -9.87725e-16 0)
(2.3272e-22 -9.87725e-16 0)
(2.03502e-22 -9.87725e-16 0)
(1.63591e-22 -9.87725e-16 0)
(1.13054e-22 -9.87726e-16 0)
(5.26429e-23 -9.87726e-16 0)
(-1.61452e-23 -9.87726e-16 0)
(-9.11097e-23 -9.87726e-16 0)
(-1.69491e-22 -9.87726e-16 0)
(-1.43312e-19 -9.87725e-16 0)
(1.23715e-05 -4.9491e-05 0)
(4.25905e-05 -3.72306e-05 0)
(6.38447e-05 -2.27868e-05 0)
(7.70626e-05 -1.39365e-05 0)
(8.52845e-05 -8.56368e-06 0)
(9.04389e-05 -5.3561e-06 0)
(9.37547e-05 -3.5045e-06 0)
(9.60265e-05 -2.52115e-06 0)
(9.77913e-05 -2.12878e-06 0)
(9.9451e-05 -2.194e-06 0)
(0.000101362 -2.68556e-06 0)
(0.000103894 -3.62033e-06 0)
(0.000107281 -4.61872e-06 0)
(0.00010922 -2.17144e-07 0)
(0.000109202 -9.51153e-08 0)
(0.000109115 -1.11054e-07 0)
(0.000109017 -1.31152e-07 0)
(0.000108905 -1.56905e-07 0)
(0.000108777 -1.90534e-07 0)
(0.000108627 -2.3543e-07 0)
(0.000108451 -2.96758e-07 0)
(0.000108241 -3.83038e-07 0)
(0.000107985 -5.08952e-07 0)
(0.000107667 -7.00967e-07 0)
(0.00010726 -1.01149e-06 0)
(0.000106715 -1.55755e-06 0)
(0.000105933 -2.63867e-06 0)
(0.000104649 -5.27741e-06 0)
(0.000101438 -1.62886e-05 0)
(5.06374e-05 -7.71147e-05 0)
(1.11561e-06 -6.23198e-12 0)
(5.12414e-15 -9.8592e-13 0)
(4.63665e-16 -9.86019e-13 0)
(3.26907e-16 -9.86071e-13 0)
(2.37001e-16 -9.86098e-13 0)
(1.73073e-16 -9.86114e-13 0)
(1.24104e-16 -9.86123e-13 0)
(8.39128e-17 -9.86128e-13 0)
(4.87388e-17 -9.86132e-13 0)
(1.60187e-17 -9.86133e-13 0)
(4.46023e-05 -0.000250712 0)
(0.000115704 -0.000127198 0)
(0.000126064 -2.27596e-05 0)
(0.000112716 -1.39035e-05 0)
(0.00010433 -8.52819e-06 0)
(9.89732e-05 -5.31802e-06 0)
(9.54071e-05 -3.46362e-06 0)
(9.28227e-05 -2.47711e-06 0)
(9.0658e-05 -2.08105e-06 0)
(8.84652e-05 -2.14189e-06 0)
(8.57847e-05 -2.62816e-06 0)
(8.19139e-05 -3.55643e-06 0)
(7.30915e-05 -4.5467e-06 0)
(3.33225e-05 -1.34845e-07 0)
(1.4744e-08 -5.29049e-13 0)
(5.86729e-16 -5.53352e-13 0)
(4.01803e-16 -5.79576e-13 0)
(2.86527e-16 -6.06314e-13 0)
(2.04657e-16 -6.33591e-13 0)
(1.43083e-16 -6.61427e-13 0)
(9.38847e-17 -6.89846e-13 0)
(5.20363e-17 -7.18876e-13 0)
(1.40833e-17 -7.48548e-13 0)
(-2.26794e-17 -7.78901e-13 0)
(-6.08153e-17 -8.09988e-13 0)
(-1.03353e-16 -8.41879e-13 0)
(-1.54653e-16 -8.74678e-13 0)
(-2.21862e-16 -9.08555e-13 0)
(-3.16161e-16 -9.43822e-13 0)
(-2.39224e-16 -9.81208e-13 0)
(2.36106e-17 -9.85269e-13 0)
(1.86878e-16 -9.85506e-13 0)
(2.17112e-16 -9.85645e-13 0)
(1.99995e-16 -9.85729e-13 0)
(1.68464e-16 -9.8578e-13 0)
(1.34452e-16 -9.85812e-13 0)
(1.0175e-16 -9.85832e-13 0)
(7.10821e-17 -9.85845e-13 0)
(4.20681e-17 -9.85853e-13 0)
(1.39458e-17 -9.85856e-13 0)
(3.33138e-05 -0.000488784 0)
(3.2251e-05 -9.92774e-05 0)
(7.3335e-07 -3.30776e-09 0)
(4.38345e-13 -7.76724e-13 0)
(1.48094e-17 -7.98179e-13 0)
(-1.40985e-17 -8.18875e-13 0)
(-4.15944e-17 -8.39241e-13 0)
(-6.94272e-17 -8.59548e-13 0)
(-9.93234e-17 -8.7996e-13 0)
(-1.33328e-16 -9.00566e-13 0)
(-1.7422e-16 -9.21398e-13 0)
(-2.25923e-16 -9.42441e-13 0)
(-2.88295e-16 -9.63664e-13 0)
(-2.19376e-16 -9.84872e-13 0)
(-3.0951e-17 -9.8538e-13 0)
(8.73785e-17 -9.85534e-13 0)
(1.2576e-16 -9.85637e-13 0)
(1.26602e-16 -9.85705e-13 0)
(1.10613e-16 -9.85751e-13 0)
(8.76478e-17 -9.85781e-13 0)
(6.21865e-17 -9.858e-13 0)
(3.60843e-17 -9.85811e-13 0)
(9.94169e-18 -9.85817e-13 0)
(-1.6193e-17 -9.85817e-13 0)
(-4.24071e-17 -9.85811e-13 0)
(-6.85254e-17 -9.85798e-13 0)
(-9.34117e-17 -9.85776e-13 0)
(-1.13333e-16 -9.8574e-13 0)
(-1.17835e-16 -9.85682e-13 0)
(-7.96118e-17 -9.85588e-13 0)
(-3.60723e-18 -9.85562e-13 0)
(6.31128e-17 -9.85603e-13 0)
(9.89299e-17 -9.85658e-13 0)
(1.09752e-16 -9.85706e-13 0)
(1.04902e-16 -9.85745e-13 0)
(9.13702e-17 -9.85773e-13 0)
(7.34244e-17 -9.85794e-13 0)
(5.33853e-17 -9.85808e-13 0)
(3.23789e-17 -9.85816e-13 0)
(1.086e-17 -9.85821e-13 0)
(6.77729e-07 -0.000575678 0)
(3.90587e-07 -1.77845e-05 0)
(6.74917e-11 -1.27599e-12 0)
(-1.74505e-18 -9.85812e-13 0)
(-1.09853e-17 -9.85819e-13 0)
(-2.35121e-17 -9.85822e-13 0)
(-3.8087e-17 -9.85822e-13 0)
(-5.38434e-17 -9.85817e-13 0)
(-7.01193e-17 -9.85809e-13 0)
(-8.60922e-17 -9.85795e-13 0)
(-1.00273e-16 -9.85775e-13 0)
(-1.09606e-16 -9.85746e-13 0)
(-1.07713e-16 -9.85704e-13 0)
(-8.2433e-17 -9.85645e-13 0)
(-3.83581e-17 -9.85627e-13 0)
(2.68182e-18 -9.85644e-13 0)
(2.9953e-17 -9.85672e-13 0)
(4.33855e-17 -9.85701e-13 0)
(4.60098e-17 -9.85726e-13 0)
(4.10953e-17 -9.85747e-13 0)
(3.12785e-17 -9.85762e-13 0)
(1.8465e-17 -9.85772e-13 0)
(3.99351e-18 -9.85777e-13 0)
(-1.11303e-17 -9.85777e-13 0)
(-2.59807e-17 -9.85772e-13 0)
(-3.94243e-17 -9.85762e-13 0)
(-4.97674e-17 -9.85747e-13 0)
(-5.43439e-17 -9.85725e-13 0)
(-4.92969e-17 -9.85698e-13 0)
(-3.07445e-17 -9.8567e-13 0)
(-1.65597e-18 -9.85659e-13 0)
(2.7593e-17 -9.85668e-13 0)
(4.89761e-17 -9.85688e-13 0)
(6.03066e-17 -9.85712e-13 0)
(6.26924e-17 -9.85735e-13 0)
(5.82967e-17 -9.85755e-13 0)
(4.92067e-17 -9.8577e-13 0)
(3.70522e-17 -9.85782e-13 0)
(2.29851e-17 -9.8579e-13 0)
(7.79507e-18 -9.85794e-13 0)
(2.64887e-07 -0.00057663 0)
(1.66901e-07 -1.67467e-05 0)
(5.30637e-11 -1.26152e-12 0)
(-5.97441e-18 -9.85794e-13 0)
(-1.26657e-17 -9.85795e-13 0)
(-2.02343e-17 -9.85794e-13 0)
(-2.8391e-17 -9.85791e-13 0)
(-3.66938e-17 -9.85786e-13 0)
(-4.45625e-17 -9.85779e-13 0)
(-5.12339e-17 -9.85769e-13 0)
(-5.56875e-17 -9.85756e-13 0)
(-5.65975e-17 -9.85741e-13 0)
(-5.24512e-17 -9.85724e-13 0)
(-4.22186e-17 -9.85707e-13 0)
(-2.73771e-17 -9.85699e-13 0)
(-1.17442e-17 -9.85699e-13 0)
(1.3548e-18 -9.85706e-13 0)
(1.02505e-17 -9.85716e-13 0)
(1.46134e-17 -9.85727e-13 0)
(1.48937e-17 -9.85737e-13 0)
(1.18872e-17 -9.85745e-13 0)
(6.48428e-18 -9.85751e-13 0)
(-4.37437e-19 -9.85755e-13 0)
(-8.02546e-18 -9.85755e-13 0)
(-1.54083e-17 -9.85752e-13 0)
(-2.16251e-17 -9.85746e-13 0)
(-2.55638e-17 -9.85737e-13 0)
(-2.59726e-17 -9.85726e-13 0)
(-2.16785e-17 -9.85714e-13 0)
(-1.22251e-17 -9.85703e-13 0)
(1.02988e-18 -9.85698e-13 0)
(1.5016e-17 -9.85701e-13 0)
(2.67021e-17 -9.85709e-13 0)
(3.432e-17 -9.85721e-13 0)
(3.73889e-17 -9.85734e-13 0)
(3.62654e-17 -9.85747e-13 0)
(3.16917e-17 -9.85757e-13 0)
(2.44999e-17 -9.85766e-13 0)
(1.54693e-17 -9.85772e-13 0)
(5.29301e-18 -9.85775e-13 0)
(2.39634e-07 -0.000577304 0)
(1.49955e-07 -1.62753e-05 0)
(5.67376e-11 -1.25169e-12 0)
(-4.10521e-18 -9.85779e-13 0)
(-8.89908e-18 -9.85778e-13 0)
(-1.38006e-17 -9.85777e-13 0)
(-1.86662e-17 -9.85774e-13 0)
(-2.32653e-17 -9.8577e-13 0)
(-2.72876e-17 -9.85765e-13 0)
(-3.0352e-17 -9.85759e-13 0)
(-3.20282e-17 -9.85751e-13 0)
(-3.18891e-17 -9.85744e-13 0)
(-2.96225e-17 -9.85736e-13 0)
(-2.52246e-17 -9.85729e-13 0)
(-1.92248e-17 -9.85724e-13 0)
(-1.26219e-17 -9.85723e-13 0)
(-6.49383e-18 -9.85724e-13 0)
(-1.66872e-18 -9.85727e-13 0)
(1.39447e-18 -9.85731e-13 0)
(2.58241e-18 -9.85736e-13 0)
(2.045e-18 -9.8574e-13 0)
(1.08935e-19 -9.85743e-13 0)
(-2.78806e-18 -9.85744e-13 0)
(-6.1373e-18 -9.85744e-13 0)
(-9.37926e-18 -9.85742e-13 0)
(-1.19167e-17 -9.85739e-13 0)
(-1.314e-17 -9.85734e-13 0)
(-1.24919e-17 -9.85729e-13 0)
(-9.60063e-18 -9.85723e-13 0)
(-4.48991e-18 -9.85719e-13 0)
(2.21994e-18 -9.85717e-13 0)
(9.3861e-18 -9.85718e-13 0)
(1.57481e-17 -9.85722e-13 0)
(2.03266e-17 -9.85728e-13 0)
(2.25905e-17 -9.85736e-13 0)
(2.24278e-17 -9.85743e-13 0)
(2.00281e-17 -9.8575e-13 0)
(1.57584e-17 -9.85756e-13 0)
(1.00737e-17 -9.8576e-13 0)
(3.46888e-18 -9.85762e-13 0)
(2.42157e-07 -0.000577957 0)
(1.51184e-07 -1.5849e-05 0)
(6.50507e-11 -1.23849e-12 0)
(-1.65199e-18 -9.85768e-13 0)
(-4.9701e-18 -9.85767e-13 0)
(-8.21343e-18 -9.85766e-13 0)
(-1.12882e-17 -9.85764e-13 0)
(-1.4068e-17 -9.85761e-13 0)
(-1.63999e-17 -9.85758e-13 0)
(-1.81145e-17 -9.85754e-13 0)
(-1.90452e-17 -9.8575e-13 0)
(-1.90575e-17 -9.85746e-13 0)
(-1.8091e-17 -9.85741e-13 0)
(-1.6206e-17 -9.85738e-13 0)
(-1.36156e-17 -9.85735e-13 0)
(-1.06648e-17 -9.85733e-13 0)
(-7.75294e-18 -9.85733e-13 0)
(-5.24434e-18 -9.85734e-13 0)
(-3.40351e-18 -9.85735e-13 0)
(-2.36634e-18 -9.85736e-13 0)
(-2.13975e-18 -9.85738e-13 0)
(-2.61805e-18 -9.85739e-13 0)
(-3.60579e-18 -9.8574e-13 0)
(-4.84111e-18 -9.8574e-13 0)
(-6.01858e-18 -9.85739e-13 0)
(-6.81386e-18 -9.85737e-13 0)
(-6.91601e-18 -9.85734e-13 0)
(-6.07357e-18 -9.85732e-13 0)
(-4.15698e-18 -9.85729e-13 0)
(-1.22764e-18 -9.85727e-13 0)
(2.41936e-18 -9.85726e-13 0)
(6.28959e-18 -9.85727e-13 0)
(9.80818e-18 -9.85729e-13 0)
(1.24601e-17 -9.85733e-13 0)
(1.38872e-17 -9.85737e-13 0)
(1.39224e-17 -9.85742e-13 0)
(1.25758e-17 -9.85746e-13 0)
(9.998e-18 -9.8575e-13 0)
(6.44081e-18 -9.85752e-13 0)
(2.22701e-18 -9.85754e-13 0)
(2.48409e-07 -0.000578616 0)
(1.54494e-07 -1.54199e-05 0)
(7.16235e-11 -1.22386e-12 0)
(4.85849e-19 -9.85761e-13 0)
(-1.98694e-18 -9.8576e-13 0)
(-4.18909e-18 -9.85759e-13 0)
(-6.24102e-18 -9.85757e-13 0)
(-8.07174e-18 -9.85756e-13 0)
(-9.60421e-18 -9.85754e-13 0)
(-1.07615e-17 -9.85751e-13 0)
(-1.14763e-17 -9.85749e-13 0)
(-1.17027e-17 -9.85746e-13 0)
(-1.14312e-17 -9.85744e-13 0)
(-1.07005e-17 -9.85741e-13 0)
(-9.60337e-18 -9.8574e-13 0)
(-8.27912e-18 -9.85738e-13 0)
(-6.89274e-18 -9.85738e-13 0)
(-5.60672e-18 -9.85737e-13 0)
(-4.55472e-18 -9.85737e-13 0)
(-3.82251e-18 -9.85738e-13 0)
(-3.43855e-18 -9.85738e-13 0)
(-3.37309e-18 -9.85738e-13 0)
(-3.54386e-18 -9.85738e-13 0)
(-3.82657e-18 -9.85738e-13 0)
(-4.06885e-18 -9.85737e-13 0)
(-4.1079e-18 -9.85736e-13 0)
(-3.79235e-18 -9.85735e-13 0)
(-3.00849e-18 -9.85734e-13 0)
(-1.70907e-18 -9.85733e-13 0)
(6.12198e-20 -9.85732e-13 0)
(2.15474e-18 -9.85732e-13 0)
(4.33583e-18 -9.85732e-13 0)
(6.32303e-18 -9.85734e-13 0)
(7.84395e-18 -9.85736e-13 0)
(8.6836e-18 -9.85738e-13 0)
(8.71413e-18 -9.85741e-13 0)
(7.90453e-18 -9.85744e-13 0)
(6.31521e-18 -9.85746e-13 0)
(4.08489e-18 -9.85748e-13 0)
(1.41562e-18 -9.85749e-13 0)
(2.56595e-07 -0.000579278 0)
(1.58151e-07 -1.49816e-05 0)
(7.54974e-11 -1.21003e-12 0)
(1.97786e-18 -9.85755e-13 0)
(7.14965e-20 -9.85755e-13 0)
(-1.47406e-18 -9.85754e-13 0)
(-2.9135e-18 -9.85753e-13 0)
(-4.20588e-18 -9.85752e-13 0)
(-5.31021e-18 -9.85751e-13 0)
(-6.18856e-18 -9.85749e-13 0)
(-6.81029e-18 -9.85747e-13 0)
(-7.15701e-18 -9.85746e-13 0)
(-7.22755e-18 -9.85744e-13 0)
(-7.04169e-18 -9.85743e-13 0)
(-6.64127e-18 -9.85742e-13 0)
(-6.08724e-18 -9.85741e-13 0)
(-5.45249e-18 -9.8574e-13 0)
(-4.81181e-18 -9.85739e-13 0)
(-4.23098e-18 -9.85739e-13 0)
(-3.75737e-18 -9.85739e-13 0)
(-3.41338e-18 -9.85739e-13 0)
(-3.19351e-18 -9.85738e-13 0)
(-3.06518e-18 -9.85738e-13 0)
(-2.97288e-18 -9.85738e-13 0)
(-2.84544e-18 -9.85737e-13 0)
(-2.60609e-18 -9.85737e-13 0)
(-2.18473e-18 -9.85736e-13 0)
(-1.53181e-18 -9.85735e-13 0)
(-6.32082e-19 -9.85735e-13 0)
(4.84836e-19 -9.85735e-13 0)
(1.74069e-18 -9.85735e-13 0)
(3.01514e-18 -9.85735e-13 0)
(4.16286e-18 -9.85736e-13 0)
(5.03713e-18 -9.85737e-13 0)
(5.51382e-18 -9.85739e-13 0)
(5.51015e-18 -9.8574e-13 0)
(4.99569e-18 -9.85742e-13 0)
(3.99566e-18 -9.85744e-13 0)
(2.5882e-18 -9.85745e-13 0)
(8.97764e-19 -9.85745e-13 0)
(2.67129e-07 -0.000579933 0)
(1.61925e-07 -1.45314e-05 0)
(7.70075e-11 -1.19653e-12 0)
(2.96782e-18 -9.85751e-13 0)
(1.44208e-18 -9.85751e-13 0)
(3.16766e-19 -9.85751e-13 0)
(-7.38614e-19 -9.8575e-13 0)
(-1.69989e-18 -9.85749e-13 0)
(-2.54391e-18 -9.85748e-13 0)
(-3.25012e-18 -9.85747e-13 0)
(-3.80249e-18 -9.85746e-13 0)
(-4.19158e-18 -9.85745e-13 0)
(-4.41644e-18 -9.85744e-13 0)
(-4.48586e-18 -9.85743e-13 0)
(-4.41862e-18 -9.85742e-13 0)
(-4.24217e-18 -9.85742e-13 0)
(-3.98983e-18 -9.85741e-13 0)
(-3.69682e-18 -9.8574e-13 0)
(-3.39554e-18 -9.8574e-13 0)
(-3.11117e-18 -9.85739e-13 0)
(-2.85814e-18 -9.85739e-13 0)
(-2.63801e-18 -9.85739e-13 0)
(-2.43926e-18 -9.85738e-13 0)
(-2.2389e-18 -9.85738e-13 0)
(-2.00599e-18 -9.85738e-13 0)
(-1.70679e-18 -9.85737e-13 0)
(-1.31126e-18 -9.85737e-13 0)
(-8.00055e-19 -9.85737e-13 0)
(-1.71219e-19 -9.85736e-13 0)
(5.54931e-19 -9.85736e-13 0)
(1.33426e-18 -9.85736e-13 0)
(2.10174e-18 -9.85737e-13 0)
(2.77903e-18 -9.85737e-13 0)
(3.28551e-18 -9.85738e-13 0)
(3.55033e-18 -9.85739e-13 0)
(3.52349e-18 -9.8574e-13 0)
(3.18373e-18 -9.85741e-13 0)
(2.54292e-18 -9.85742e-13 0)
(1.64655e-18 -9.85743e-13 0)
(5.71114e-19 -9.85743e-13 0)
(2.81193e-07 -0.000580564 0)
(1.65666e-07 -1.40654e-05 0)
(7.64592e-11 -1.18328e-12 0)
(3.59271e-18 -9.85749e-13 0)
(2.33371e-18 -9.85748e-13 0)
(1.48514e-18 -9.85748e-13 0)
(6.82456e-19 -9.85748e-13 0)
(-5.99566e-20 -9.85747e-13 0)
(-7.28468e-19 -9.85747e-13 0)
(-1.31106e-18 -9.85746e-13 0)
(-1.79828e-18 -9.85745e-13 0)
(-2.18412e-18 -9.85745e-13 0)
(-2.46691e-18 -9.85744e-13 0)
(-2.64972e-18 -9.85743e-13 0)
(-2.74051e-18 -9.85742e-13 0)
(-2.75149e-18 -9.85742e-13 0)
(-2.69797e-18 -9.85741e-13 0)
(-2.59665e-18 -9.85741e-13 0)
(-2.46355e-18 -9.8574e-13 0)
(-2.31194e-18 -9.8574e-13 0)
(-2.15059e-18 -9.85739e-13 0)
(-1.98259e-18 -9.85739e-13 0)
(-1.80501e-18 -9.85739e-13 0)
(-1.60958e-18 -9.85739e-13 0)
(-1.38433e-18 -9.85738e-13 0)
(-1.1161e-18 -9.85738e-13 0)
(-7.93847e-19 -9.85738e-13 0)
(-4.12108e-19 -9.85737e-13 0)
(2.57241e-20 -9.85737e-13 0)
(5.05072e-19 -9.85737e-13 0)
(9.99457e-19 -9.85737e-13 0)
(1.4719e-18 -9.85738e-13 0)
(1.87856e-18 -9.85738e-13 0)
(2.17411e-18 -9.85739e-13 0)
(2.31816e-18 -9.85739e-13 0)
(2.28143e-18 -9.8574e-13 0)
(2.05092e-18 -9.8574e-13 0)
(1.63325e-18 -9.85741e-13 0)
(1.05586e-18 -9.85741e-13 0)
(3.65981e-19 -9.85742e-13 0)
(3.00361e-07 -0.000581142 0)
(1.68981e-07 -1.35773e-05 0)
(7.38423e-11 -1.17058e-12 0)
(3.9454e-18 -9.85746e-13 0)
(2.88769e-18 -9.85746e-13 0)
(2.23139e-18 -9.85746e-13 0)
(1.60542e-18 -9.85746e-13 0)
(1.01831e-18 -9.85746e-13 0)
(4.78278e-19 -9.85745e-13 0)
(-7.23082e-21 -9.85745e-13 0)
(-4.3209e-19 -9.85744e-13 0)
(-7.91964e-19 -9.85744e-13 0)
(-1.08471e-18 -9.85743e-13 0)
(-1.31065e-18 -9.85743e-13 0)
(-1.47255e-18 -9.85742e-13 0)
(-1.57548e-18 -9.85742e-13 0)
(-1.62621e-18 -9.85741e-13 0)
(-1.63254e-18 -9.85741e-13 0)
(-1.60231e-18 -9.8574e-13 0)
(-1.5425e-18 -9.8574e-13 0)
(-1.45833e-18 -9.8574e-13 0)
(-1.35268e-18 -9.85739e-13 0)
(-1.22588e-18 -9.85739e-13 0)
(-1.07597e-18 -9.85739e-13 0)
(-8.99447e-19 -9.85739e-13 0)
(-6.92516e-19 -9.85738e-13 0)
(-4.52672e-19 -9.85738e-13 0)
(-1.80412e-19 -9.85738e-13 0)
(1.19185e-19 -9.85738e-13 0)
(4.35346e-19 -9.85738e-13 0)
(7.51298e-19 -9.85738e-13 0)
(1.045e-18 -9.85738e-13 0)
(1.29099e-18 -9.85739e-13 0)
(1.4632e-18 -9.85739e-13 0)
(1.53838e-18 -9.85739e-13 0)
(1.49963e-18 -9.8574e-13 0)
(1.33951e-18 -9.8574e-13 0)
(1.06231e-18 -9.8574e-13 0)
(6.85066e-19 -9.85741e-13 0)
(2.37185e-19 -9.85741e-13 0)
(3.23664e-07 -0.000581624 0)
(1.70876e-07 -1.30597e-05 0)
(6.90357e-11 -1.15828e-12 0)
(4.08238e-18 -9.85745e-13 0)
(3.19726e-18 -9.85745e-13 0)
(2.68665e-18 -9.85745e-13 0)
(2.19425e-18 -9.85744e-13 0)
(1.72551e-18 -9.85744e-13 0)
(1.28583e-18 -9.85744e-13 0)
(8.80318e-19 -9.85744e-13 0)
(5.13415e-19 -9.85743e-13 0)
(1.88636e-19 -9.85743e-13 0)
(-9.16688e-20 -9.85743e-13 0)
(-3.26459e-19 -9.85742e-13 0)
(-5.16049e-19 -9.85742e-13 0)
(-6.62026e-19 -9.85742e-13 0)
(-7.67036e-19 -9.85741e-13 0)
(-8.3446e-19 -9.85741e-13 0)
(-8.68001e-19 -9.8574e-13 0)
(-8.71241e-19 -9.8574e-13 0)
(-8.47236e-19 -9.8574e-13 0)
(-7.98229e-19 -9.8574e-13 0)
(-7.25523e-19 -9.85739e-13 0)
(-6.29597e-19 -9.85739e-13 0)
(-5.10454e-19 -9.85739e-13 0)
(-3.68213e-19 -9.85739e-13 0)
(-2.03858e-19 -9.85739e-13 0)
(-2.00649e-20 -9.85739e-13 0)
(1.78053e-19 -9.85738e-13 0)
(3.8244e-19 -9.85738e-13 0)
(5.81997e-19 -9.85739e-13 0)
(7.63013e-19 -9.85739e-13 0)
(9.10164e-19 -9.85739e-13 0)
(1.00804e-18 -9.85739e-13 0)
(1.04305e-18 -9.85739e-13 0)
(1.00542e-18 -9.8574e-13 0)
(8.91045e-19 -9.8574e-13 0)
(7.02911e-19 -9.8574e-13 0)
(4.51807e-19 -9.8574e-13 0)
(1.56179e-19 -9.8574e-13 0)
(3.42083e-07 -0.000581984 0)
(1.70081e-07 -1.25108e-05 0)
(6.26143e-11 -1.1464e-12 0)
(4.0729e-18 -9.85743e-13 0)
(3.3454e-18 -9.85743e-13 0)
(2.95266e-18 -9.85743e-13 0)
(2.56642e-18 -9.85743e-13 0)
(2.19134e-18 -9.85743e-13 0)
(1.83196e-18 -9.85743e-13 0)
(1.49251e-18 -9.85743e-13 0)
(1.17677e-18 -9.85743e-13 0)
(8.87947e-19 -9.85742e-13 0)
(6.28533e-19 -9.85742e-13 0)
(4.00238e-19 -9.85742e-13 0)
(2.03956e-19 -9.85741e-13 0)
(3.97921e-20 -9.85741e-13 0)
(-9.28535e-20 -9.85741e-13 0)
(-1.95144e-19 -9.85741e-13 0)
(-2.68622e-19 -9.8574e-13 0)
(-3.15015e-19 -9.8574e-13 0)
(-3.36042e-19 -9.8574e-13 0)
(-3.33278e-19 -9.8574e-13 0)
(-3.08098e-19 -9.85739e-13 0)
(-2.61715e-19 -9.85739e-13 0)
(-1.95349e-19 -9.85739e-13 0)
(-1.10497e-19 -9.85739e-13 0)
(-9.28299e-21 -9.85739e-13 0)
(1.05159e-19 -9.85739e-13 0)
(2.28351e-19 -9.85739e-13 0)
(3.54259e-19 -9.85739e-13 0)
(4.75299e-19 -9.85739e-13 0)
(5.82611e-19 -9.85739e-13 0)
(6.66639e-19 -9.85739e-13 0)
(7.17996e-19 -9.85739e-13 0)
(7.28536e-19 -9.85739e-13 0)
(6.92515e-19 -9.85739e-13 0)
(6.07678e-19 -9.8574e-13 0)
(4.76116e-19 -9.8574e-13 0)
(3.0472e-19 -9.8574e-13 0)
(1.05115e-19 -9.8574e-13 0)
(3.44678e-07 -0.000582255 0)
(1.67401e-07 -1.19413e-05 0)
(5.65838e-11 -1.1348e-12 0)
(4.03098e-18 -9.85743e-13 0)
(3.42989e-18 -9.85743e-13 0)
(3.12525e-18 -9.85742e-13 0)
(2.81798e-18 -9.85742e-13 0)
(2.51284e-18 -9.85742e-13 0)
(2.21417e-18 -9.85742e-13 0)
(1.92588e-18 -9.85742e-13 0)
(1.65144e-18 -9.85742e-13 0)
(1.39388e-18 -9.85742e-13 0)
(1.15568e-18 -9.85741e-13 0)
(9.3883e-19 -9.85741e-13 0)
(7.44751e-19 -9.85741e-13 0)
(5.74335e-19 -9.85741e-13 0)
(4.27967e-19 -9.85741e-13 0)
(3.05594e-19 -9.8574e-13 0)
(2.06792e-19 -9.8574e-13 0)
(1.30865e-19 -9.8574e-13 0)
(7.69183e-20 -9.8574e-13 0)
(4.39292e-20 -9.8574e-13 0)
(3.07702e-20 -9.8574e-13 0)
(3.61908e-20 -9.85739e-13 0)
(5.87447e-20 -9.85739e-13 0)
(9.66675e-20 -9.85739e-13 0)
(1.47719e-19 -9.85739e-13 0)
(2.0902e-19 -9.85739e-13 0)
(2.76909e-19 -9.85739e-13 0)
(3.46881e-19 -9.85739e-13 0)
(4.13629e-19 -9.85739e-13 0)
(4.71238e-19 -9.85739e-13 0)
(5.13535e-19 -9.85739e-13 0)
(5.34601e-19 -9.85739e-13 0)
(5.29393e-19 -9.85739e-13 0)
(4.94422e-19 -9.85739e-13 0)
(4.28392e-19 -9.85739e-13 0)
(3.32707e-19 -9.8574e-13 0)
(2.11752e-19 -9.8574e-13 0)
(7.28471e-20 -9.8574e-13 0)
(3.36391e-07 -0.000582517 0)
(1.66193e-07 -1.137e-05 0)
(5.28349e-11 -1.12359e-12 0)
(4.06249e-18 -9.85742e-13 0)
(3.53335e-18 -9.85742e-13 0)
(3.27861e-18 -9.85742e-13 0)
(3.01875e-18 -9.85742e-13 0)
(2.75759e-18 -9.85742e-13 0)
(2.49865e-18 -9.85741e-13 0)
(2.24514e-18 -9.85741e-13 0)
(1.99997e-18 -9.85741e-13 0)
(1.76571e-18 -9.85741e-13 0)
(1.54461e-18 -9.85741e-13 0)
(1.33857e-18 -9.85741e-13 0)
(1.1491e-18 -9.85741e-13 0)
(9.77349e-19 -9.85741e-13 0)
(8.24118e-19 -9.8574e-13 0)
(6.89848e-19 -9.8574e-13 0)
(5.74673e-19 -9.8574e-13 0)
(4.78445e-19 -9.8574e-13 0)
(4.00768e-19 -9.8574e-13 0)
(3.41028e-19 -9.8574e-13 0)
(2.98399e-19 -9.85739e-13 0)
(2.71834e-19 -9.85739e-13 0)
(2.60039e-19 -9.85739e-13 0)
(2.61414e-19 -9.85739e-13 0)
(2.73993e-19 -9.85739e-13 0)
(2.95375e-19 -9.85739e-13 0)
(3.22684e-19 -9.85739e-13 0)
(3.52564e-19 -9.85739e-13 0)
(3.81233e-19 -9.85739e-13 0)
(4.04624e-19 -9.85739e-13 0)
(4.18609e-19 -9.85739e-13 0)
(4.19313e-19 -9.85739e-13 0)
(4.03477e-19 -9.85739e-13 0)
(3.6887e-19 -9.85739e-13 0)
(3.14658e-19 -9.85739e-13 0)
(2.41712e-19 -9.85739e-13 0)
(1.52762e-19 -9.85739e-13 0)
(5.23729e-20 -9.85739e-13 0)
(3.29951e-07 -0.000582828 0)
(1.67792e-07 -1.08083e-05 0)
(5.09543e-11 -1.11286e-12 0)
(4.17427e-18 -9.85741e-13 0)
(3.67245e-18 -9.85741e-13 0)
(3.43613e-18 -9.85741e-13 0)
(3.19725e-18 -9.85741e-13 0)
(2.95802e-18 -9.85741e-13 0)
(2.72061e-18 -9.85741e-13 0)
(2.4872e-18 -9.85741e-13 0)
(2.25986e-18 -9.85741e-13 0)
(2.04053e-18 -9.85741e-13 0)
(1.83097e-18 -9.8574e-13 0)
(1.63277e-18 -9.8574e-13 0)
(1.44727e-18 -9.8574e-13 0)
(1.2756e-18 -9.8574e-13 0)
(1.11861e-18 -9.8574e-13 0)
(9.76919e-19 -9.8574e-13 0)
(8.50892e-19 -9.8574e-13 0)
(7.40645e-19 -9.8574e-13 0)
(6.46065e-19 -9.8574e-13 0)
(5.66809e-19 -9.85739e-13 0)
(5.02307e-19 -9.85739e-13 0)
(4.5176e-19 -9.85739e-13 0)
(4.1412e-19 -9.85739e-13 0)
(3.88076e-19 -9.85739e-13 0)
(3.72031e-19 -9.85739e-13 0)
(3.64078e-19 -9.85739e-13 0)
(3.62002e-19 -9.85739e-13 0)
(3.63297e-19 -9.85739e-13 0)
(3.65222e-19 -9.85739e-13 0)
(3.64904e-19 -9.85739e-13 0)
(3.59486e-19 -9.85739e-13 0)
(3.46318e-19 -9.85739e-13 0)
(3.23189e-19 -9.85739e-13 0)
(2.88567e-19 -9.85739e-13 0)
(2.41824e-19 -9.85739e-13 0)
(1.83415e-19 -9.85739e-13 0)
(1.14966e-19 -9.85739e-13 0)
(3.92552e-20 -9.85739e-13 0)
(3.30136e-07 -0.000583194 0)
(1.70919e-07 -1.02555e-05 0)
(4.94555e-11 -1.10245e-12 0)
(4.30579e-18 -9.85741e-13 0)
(3.81512e-18 -9.8574e-13 0)
(3.58207e-18 -9.8574e-13 0)
(3.34972e-18 -9.8574e-13 0)
(3.11907e-18 -9.8574e-13 0)
(2.89134e-18 -9.8574e-13 0)
(2.6678e-18 -9.8574e-13 0)
(2.44981e-18 -9.8574e-13 0)
(2.23872e-18 -9.8574e-13 0)
(2.03581e-18 -9.8574e-13 0)
(1.8423e-18 -9.8574e-13 0)
(1.65927e-18 -9.8574e-13 0)
(1.48767e-18 -9.8574e-13 0)
(1.32829e-18 -9.8574e-13 0)
(1.18173e-18 -9.8574e-13 0)
(1.04842e-18 -9.8574e-13 0)
(9.28567e-19 -9.85739e-13 0)
(8.22203e-19 -9.85739e-13 0)
(7.29146e-19 -9.85739e-13 0)
(6.4901e-19 -9.85739e-13 0)
(5.81201e-19 -9.85739e-13 0)
(5.24907e-19 -9.85739e-13 0)
(4.79094e-19 -9.85739e-13 0)
(4.42502e-19 -9.85739e-13 0)
(4.13647e-19 -9.85739e-13 0)
(3.90829e-19 -9.85739e-13 0)
(3.72161e-19 -9.85739e-13 0)
(3.55621e-19 -9.85739e-13 0)
(3.39117e-19 -9.85739e-13 0)
(3.20597e-19 -9.85739e-13 0)
(2.98168e-19 -9.85739e-13 0)
(2.70239e-19 -9.85739e-13 0)
(2.35674e-19 -9.85739e-13 0)
(1.93922e-19 -9.85739e-13 0)
(1.45125e-19 -9.85739e-13 0)
(9.01664e-20 -9.85739e-13 0)
(3.06523e-20 -9.85739e-13 0)
(3.36126e-07 -0.000583587 0)
(1.74359e-07 -9.70509e-06 0)
(4.74967e-11 -1.09251e-12 0)
(4.40713e-18 -9.8574e-13 0)
(3.92831e-18 -9.8574e-13 0)
(3.69434e-18 -9.8574e-13 0)
(3.46298e-18 -9.8574e-13 0)
(3.23481e-18 -9.8574e-13 0)
(3.01056e-18 -9.8574e-13 0)
(2.79106e-18 -9.8574e-13 0)
(2.57723e-18 -9.8574e-13 0)
(2.37001e-18 -9.8574e-13 0)
(2.17035e-18 -9.8574e-13 0)
(1.97917e-18 -9.8574e-13 0)
(1.79731e-18 -9.85739e-13 0)
(1.62555e-18 -9.85739e-13 0)
(1.46455e-18 -9.85739e-13 0)
(1.31483e-18 -9.85739e-13 0)
(1.17679e-18 -9.85739e-13 0)
(1.05067e-18 -9.85739e-13 0)
(9.36521e-19 -9.85739e-13 0)
(8.34261e-19 -9.85739e-13 0)
(7.43613e-19 -9.85739e-13 0)
(6.64125e-19 -9.85739e-13 0)
(5.95163e-19 -9.85739e-13 0)
(5.35912e-19 -9.85739e-13 0)
(4.8538e-19 -9.85739e-13 0)
(4.42401e-19 -9.85739e-13 0)
(4.0566e-19 -9.85739e-13 0)
(3.7371e-19 -9.85739e-13 0)
(3.45016e-19 -9.85739e-13 0)
(3.18009e-19 -9.85739e-13 0)
(2.91152e-19 -9.85739e-13 0)
(2.63028e-19 -9.85739e-13 0)
(2.32425e-19 -9.85739e-13 0)
(1.98431e-19 -9.85739e-13 0)
(1.60516e-19 -9.85739e-13 0)
(1.18595e-19 -9.85739e-13 0)
(7.30536e-20 -9.85739e-13 0)
(2.47277e-20 -9.85739e-13 0)
(3.46446e-07 -0.000583979 0)
(1.77645e-07 -9.15011e-06 0)
(4.49069e-11 -1.08307e-12 0)
(4.4593e-18 -9.85739e-13 0)
(3.99515e-18 -9.85739e-13 0)
(3.75948e-18 -9.85739e-13 0)
(3.52724e-18 -9.85739e-13 0)
(3.29895e-18 -9.85739e-13 0)
(3.07522e-18 -9.85739e-13 0)
(2.85671e-18 -9.85739e-13 0)
(2.64415e-18 -9.85739e-13 0)
(2.43828e-18 -9.85739e-13 0)
(2.23986e-18 -9.85739e-13 0)
(2.04961e-18 -9.85739e-13 0)
(1.86822e-18 -9.85739e-13 0)
(1.69632e-18 -9.85739e-13 0)
(1.53445e-18 -9.85739e-13 0)
(1.38304e-18 -9.85739e-13 0)
(1.24242e-18 -9.85739e-13 0)
(1.1128e-18 -9.85739e-13 0)
(9.94233e-19 -9.85739e-13 0)
(8.86648e-19 -9.85739e-13 0)
(7.89822e-19 -9.85739e-13 0)
(7.03383e-19 -9.85739e-13 0)
(6.26809e-19 -9.85739e-13 0)
(5.59434e-19 -9.85739e-13 0)
(5.0045e-19 -9.85739e-13 0)
(4.4892e-19 -9.85739e-13 0)
(4.03791e-19 -9.85739e-13 0)
(3.6392e-19 -9.85739e-13 0)
(3.28104e-19 -9.85739e-13 0)
(2.95117e-19 -9.85739e-13 0)
(2.63761e-19 -9.85739e-13 0)
(2.32919e-19 -9.85739e-13 0)
(2.01615e-19 -9.85739e-13 0)
(1.69073e-19 -9.85739e-13 0)
(1.34765e-19 -9.85739e-13 0)
(9.84474e-20 -9.85739e-13 0)
(6.01771e-20 -9.85739e-13 0)
(2.02896e-20 -9.85739e-13 0)
(3.60252e-07 -0.000584343 0)
(1.8067e-07 -8.58489e-06 0)
(4.17558e-11 -1.07388e-12 0)
(4.45681e-18 -9.85739e-13 0)
(4.00972e-18 -9.85739e-13 0)
(3.77162e-18 -9.85739e-13 0)
(3.53731e-18 -9.85739e-13 0)
(3.30736e-18 -9.85739e-13 0)
(3.08242e-18 -9.85739e-13 0)
(2.86314e-18 -9.85739e-13 0)
(2.65021e-18 -9.85739e-13 0)
(2.44429e-18 -9.85739e-13 0)
(2.24605e-18 -9.85739e-13 0)
(2.05613e-18 -9.85739e-13 0)
(1.87511e-18 -9.85739e-13 0)
(1.70351e-18 -9.85739e-13 0)
(1.54175e-18 -9.85739e-13 0)
(1.39021e-18 -9.85739e-13 0)
(1.24911e-18 -9.85739e-13 0)
(1.1186e-18 -9.85739e-13 0)
(9.98691e-19 -9.85739e-13 0)
(8.89282e-19 -9.85739e-13 0)
(7.90146e-19 -9.85739e-13 0)
(7.00935e-19 -9.85739e-13 0)
(6.21175e-19 -9.85739e-13 0)
(5.50281e-19 -9.85739e-13 0)
(4.87555e-19 -9.85739e-13 0)
(4.32201e-19 -9.85739e-13 0)
(3.8334e-19 -9.85739e-13 0)
(3.40028e-19 -9.85739e-13 0)
(3.01278e-19 -9.85739e-13 0)
(2.66091e-19 -9.85739e-13 0)
(2.3349e-19 -9.85739e-13 0)
(2.02555e-19 -9.85739e-13 0)
(1.72464e-19 -9.85739e-13 0)
(1.42527e-19 -9.85739e-13 0)
(1.12217e-19 -9.85739e-13 0)
(8.1194e-20 -9.85739e-13 0)
(4.93044e-20 -9.85739e-13 0)
(1.65677e-20 -9.85739e-13 0)
(3.7724e-07 -0.000584654 0)
(1.83424e-07 -8.00461e-06 0)
(3.81498e-11 -1.06485e-12 0)
(4.39965e-18 -9.85738e-13 0)
(3.97008e-18 -9.85738e-13 0)
(3.72807e-18 -9.85738e-13 0)
(3.49013e-18 -9.85738e-13 0)
(3.25696e-18 -9.85738e-13 0)
(3.02932e-18 -9.85738e-13 0)
(2.80792e-18 -9.85738e-13 0)
(2.59348e-18 -9.85738e-13 0)
(2.3867e-18 -9.85738e-13 0)
(2.1882e-18 -9.85738e-13 0)
(1.99858e-18 -9.85738e-13 0)
(1.81835e-18 -9.85738e-13 0)
(1.64795e-18 -9.85738e-13 0)
(1.4877e-18 -9.85738e-13 0)
(1.33787e-18 -9.85738e-13 0)
(1.1986e-18 -9.85738e-13 0)
(1.06991e-18 -9.85738e-13 0)
(9.51751e-19 -9.85739e-13 0)
(8.43934e-19 -9.85739e-13 0)
(7.46182e-19 -9.85739e-13 0)
(6.58111e-19 -9.85739e-13 0)
(5.7924e-19 -9.85739e-13 0)
(5.09002e-19 -9.85739e-13 0)
(4.46744e-19 -9.85739e-13 0)
(3.91745e-19 -9.85739e-13 0)
(3.43224e-19 -9.85739e-13 0)
(3.00358e-19 -9.85739e-13 0)
(2.62301e-19 -9.85739e-13 0)
(2.28202e-19 -9.85739e-13 0)
(1.97228e-19 -9.85739e-13 0)
(1.68596e-19 -9.85739e-13 0)
(1.41587e-19 -9.85739e-13 0)
(1.15578e-19 -9.85739e-13 0)
(9.00561e-20 -9.85739e-13 0)
(6.46283e-20 -9.85739e-13 0)
(3.90234e-20 -9.85739e-13 0)
(1.30749e-20 -9.85739e-13 0)
(3.97431e-07 -0.000584891 0)
(1.85931e-07 -7.40498e-06 0)
(3.41952e-11 -1.05587e-12 0)
(4.28796e-18 -9.85737e-13 0)
(3.87482e-18 -9.85737e-13 0)
(3.62641e-18 -9.85737e-13 0)
(3.38252e-18 -9.85737e-13 0)
(3.14407e-18 -9.85737e-13 0)
(2.91196e-18 -9.85737e-13 0)
(2.68706e-18 -9.85738e-13 0)
(2.47016e-18 -9.85738e-13 0)
(2.26201e-18 -9.85738e-13 0)
(2.06325e-18 -9.85738e-13 0)
(1.87442e-18 -9.85738e-13 0)
(1.69597e-18 -9.85738e-13 0)
(1.52824e-18 -9.85738e-13 0)
(1.37145e-18 -9.85738e-13 0)
(1.2257e-18 -9.85738e-13 0)
(1.09099e-18 -9.85738e-13 0)
(9.67214e-19 -9.85738e-13 0)
(8.54165e-19 -9.85738e-13 0)
(7.51537e-19 -9.85738e-13 0)
(6.5894e-19 -9.85738e-13 0)
(5.75903e-19 -9.85738e-13 0)
(5.01883e-19 -9.85739e-13 0)
(4.36276e-19 -9.85739e-13 0)
(3.78423e-19 -9.85739e-13 0)
(3.2762e-19 -9.85739e-13 0)
(2.83135e-19 -9.85739e-13 0)
(2.44213e-19 -9.85739e-13 0)
(2.10092e-19 -9.85739e-13 0)
(1.80021e-19 -9.85739e-13 0)
(1.5327e-19 -9.85739e-13 0)
(1.29151e-19 -9.85739e-13 0)
(1.07032e-19 -9.85739e-13 0)
(8.63487e-20 -9.85739e-13 0)
(6.66183e-20 -9.85739e-13 0)
(4.74398e-20 -9.85739e-13 0)
(2.84922e-20 -9.85739e-13 0)
(9.52038e-21 -9.85739e-13 0)
(4.21078e-07 -0.00058503 0)
(1.88246e-07 -6.78206e-06 0)
(3.00002e-11 -1.04693e-12 0)
(4.12152e-18 -9.85737e-13 0)
(3.7214e-18 -9.85737e-13 0)
(3.46269e-18 -9.85737e-13 0)
(3.2094e-18 -9.85737e-13 0)
(2.96276e-18 -9.85737e-13 0)
(2.72392e-18 -9.85737e-13 0)
(2.49391e-18 -9.85737e-13 0)
(2.27366e-18 -9.85737e-13 0)
(2.06395e-18 -9.85737e-13 0)
(1.86542e-18 -9.85737e-13 0)
(1.67854e-18 -9.85737e-13 0)
(1.50364e-18 -9.85737e-13 0)
(1.34088e-18 -9.85738e-13 0)
(1.19031e-18 -9.85738e-13 0)
(1.0518e-18 -9.85738e-13 0)
(9.25144e-19 -9.85738e-13 0)
(8.10015e-19 -9.85738e-13 0)
(7.05993e-19 -9.85738e-13 0)
(6.12583e-19 -9.85738e-13 0)
(5.29227e-19 -9.85738e-13 0)
(4.55311e-19 -9.85738e-13 0)
(3.90183e-19 -9.85738e-13 0)
(3.33158e-19 -9.85738e-13 0)
(2.8353e-19 -9.85739e-13 0)
(2.40579e-19 -9.85739e-13 0)
(2.03582e-19 -9.85739e-13 0)
(1.71822e-19 -9.85739e-13 0)
(1.44594e-19 -9.85739e-13 0)
(1.21217e-19 -9.85739e-13 0)
(1.01043e-19 -9.85739e-13 0)
(8.34679e-20 -9.85739e-13 0)
(6.79372e-20 -9.85739e-13 0)
(5.39556e-20 -9.85739e-13 0)
(4.10898e-20 -9.85739e-13 0)
(2.89695e-20 -9.85739e-13 0)
(1.72808e-20 -9.85739e-13 0)
(5.75426e-21 -9.85739e-13 0)
(4.48654e-07 -0.000585049 0)
(1.90449e-07 -6.13226e-06 0)
(2.56726e-11 -1.0382e-12 0)
(3.89796e-18 -9.85736e-13 0)
(3.50432e-18 -9.85736e-13 0)
(3.22932e-18 -9.85736e-13 0)
(2.96159e-18 -9.85736e-13 0)
(2.70275e-18 -9.85736e-13 0)
(2.45428e-18 -9.85736e-13 0)
(2.21742e-18 -9.85736e-13 0)
(1.9932e-18 -9.85737e-13 0)
(1.78237e-18 -9.85737e-13 0)
(1.58549e-18 -9.85737e-13 0)
(1.40282e-18 -9.85737e-13 0)
(1.23446e-18 -9.85737e-13 0)
(1.08028e-18 -9.85737e-13 0)
(9.39968e-19 -9.85737e-13 0)
(8.13098e-19 -9.85738e-13 0)
(6.99108e-19 -9.85738e-13 0)
(5.97351e-19 -9.85738e-13 0)
(5.07111e-19 -9.85738e-13 0)
(4.27628e-19 -9.85738e-13 0)
(3.58114e-19 -9.85738e-13 0)
(2.97768e-19 -9.85738e-13 0)
(2.45789e-19 -9.85738e-13 0)
(2.01384e-19 -9.85738e-13 0)
(1.63777e-19 -9.85738e-13 0)
(1.32216e-19 -9.85739e-13 0)
(1.05975e-19 -9.85739e-13 0)
(8.43623e-20 -9.85739e-13 0)
(6.67229e-20 -9.85739e-13 0)
(5.24426e-20 -9.85739e-13 0)
(4.09526e-20 -9.85739e-13 0)
(3.17337e-20 -9.85739e-13 0)
(2.43189e-20 -9.85739e-13 0)
(1.82963e-20 -9.85739e-13 0)
(1.3309e-20 -9.85739e-13 0)
(9.05254e-21 -9.85739e-13 0)
(5.26841e-21 -9.85739e-13 0)
(1.73235e-21 -9.85739e-13 0)
(4.80935e-07 -0.000584921 0)
(1.92633e-07 -5.45241e-06 0)
(2.13105e-11 -1.02966e-12 0)
(3.61029e-18 -9.85735e-13 0)
(3.21177e-18 -9.85735e-13 0)
(2.91159e-18 -9.85735e-13 0)
(2.6223e-18 -9.85735e-13 0)
(2.34607e-18 -9.85736e-13 0)
(2.08471e-18 -9.85736e-13 0)
(1.83961e-18 -9.85736e-13 0)
(1.61176e-18 -9.85736e-13 0)
(1.40172e-18 -9.85736e-13 0)
(1.20969e-18 -9.85736e-13 0)
(1.03553e-18 -9.85737e-13 0)
(8.78818e-19 -9.85737e-13 0)
(7.38885e-19 -9.85737e-13 0)
(6.14894e-19 -9.85737e-13 0)
(5.05875e-19 -9.85737e-13 0)
(4.10774e-19 -9.85737e-13 0)
(3.28494e-19 -9.85738e-13 0)
(2.57925e-19 -9.85738e-13 0)
(1.97971e-19 -9.85738e-13 0)
(1.47567e-19 -9.85738e-13 0)
(1.05696e-19 -9.85738e-13 0)
(7.13934e-20 -9.85738e-13 0)
(4.37571e-20 -9.85738e-13 0)
(2.1947e-20 -9.85738e-13 0)
(5.18626e-21 -9.85738e-13 0)
(-7.23861e-21 -9.85739e-13 0)
(-1.59795e-20 -9.85739e-13 0)
(-2.1628e-20 -9.85739e-13 0)
(-2.47162e-20 -9.85739e-13 0)
(-2.57183e-20 -9.85739e-13 0)
(-2.50511e-20 -9.85739e-13 0)
(-2.30749e-20 -9.85739e-13 0)
(-2.00952e-20 -9.85739e-13 0)
(-1.63646e-20 -9.85739e-13 0)
(-1.20871e-20 -9.85739e-13 0)
(-7.42495e-21 -9.85739e-13 0)
(-2.50776e-21 -9.85739e-13 0)
(5.19154e-07 -0.000584618 0)
(1.94875e-07 -4.73964e-06 0)
(1.69922e-11 -1.02117e-12 0)
(3.23938e-18 -9.85734e-13 0)
(2.81938e-18 -9.85734e-13 0)
(2.48134e-18 -9.85734e-13 0)
(2.16119e-18 -9.85735e-13 0)
(1.86168e-18 -9.85735e-13 0)
(1.58483e-18 -9.85735e-13 0)
(1.33188e-18 -9.85735e-13 0)
(1.10338e-18 -9.85736e-13 0)
(8.99229e-19 -9.85736e-13 0)
(7.18806e-19 -9.85736e-13 0)
(5.61059e-19 -9.85736e-13 0)
(4.24624e-19 -9.85736e-13 0)
(3.0792e-19 -9.85737e-13 0)
(2.0925e-19 -9.85737e-13 0)
(1.26865e-19 -9.85737e-13 0)
(5.90346e-20 -9.85737e-13 0)
(4.08563e-21 -9.85737e-13 0)
(-3.95634e-20 -9.85738e-13 0)
(-7.33822e-20 -9.85738e-13 0)
(-9.87173e-20 -9.85738e-13 0)
(-1.16788e-19 -9.85738e-13 0)
(-1.2869e-19 -9.85738e-13 0)
(-1.35394e-19 -9.85738e-13 0)
(-1.37763e-19 -9.85738e-13 0)
(-1.36549e-19 -9.85738e-13 0)
(-1.32412e-19 -9.85739e-13 0)
(-1.25922e-19 -9.85739e-13 0)
(-1.1757e-19 -9.85739e-13 0)
(-1.0777e-19 -9.85739e-13 0)
(-9.68729e-20 -9.85739e-13 0)
(-8.51627e-20 -9.85739e-13 0)
(-7.28661e-20 -9.85739e-13 0)
(-6.0154e-20 -9.85739e-13 0)
(-4.71458e-20 -9.85739e-13 0)
(-3.39137e-20 -9.85739e-13 0)
(-2.04878e-20 -9.85739e-13 0)
(-6.86389e-21 -9.85739e-13 0)
(5.65146e-07 -0.000584099 0)
(1.97162e-07 -3.99117e-06 0)
(1.27647e-11 -1.01306e-12 0)
(2.74396e-18 -9.85733e-13 0)
(2.27821e-18 -9.85733e-13 0)
(1.8854e-18 -9.85733e-13 0)
(1.52388e-18 -9.85734e-13 0)
(1.19668e-18 -9.85734e-13 0)
(9.05337e-19 -9.85734e-13 0)
(6.50096e-19 -9.85735e-13 0)
(4.30066e-19 -9.85735e-13 0)
(2.43485e-19 -9.85735e-13 0)
(8.79709e-20 -9.85736e-13 0)
(-3.92554e-20 -9.85736e-13 0)
(-1.41169e-19 -9.85736e-13 0)
(-2.20783e-19 -9.85736e-13 0)
(-2.81028e-19 -9.85737e-13 0)
(-3.24672e-19 -9.85737e-13 0)
(-3.54261e-19 -9.85737e-13 0)
(-3.72096e-19 -9.85737e-13 0)
(-3.80219e-19 -9.85738e-13 0)
(-3.8042e-19 -9.85738e-13 0)
(-3.74245e-19 -9.85738e-13 0)
(-3.6302e-19 -9.85738e-13 0)
(-3.47867e-19 -9.85738e-13 0)
(-3.29729e-19 -9.85738e-13 0)
(-3.09389e-19 -9.85738e-13 0)
(-2.87493e-19 -9.85738e-13 0)
(-2.64567e-19 -9.85739e-13 0)
(-2.4103e-19 -9.85739e-13 0)
(-2.17214e-19 -9.85739e-13 0)
(-1.93367e-19 -9.85739e-13 0)
(-1.69671e-19 -9.85739e-13 0)
(-1.46242e-19 -9.85739e-13 0)
(-1.23142e-19 -9.85739e-13 0)
(-1.00377e-19 -9.85739e-13 0)
(-7.79069e-20 -9.85739e-13 0)
(-5.56439e-20 -9.85739e-13 0)
(-3.34588e-20 -9.85739e-13 0)
(-1.11835e-20 -9.85739e-13 0)
(6.21348e-07 -0.000583313 0)
(1.99117e-07 -3.20403e-06 0)
(8.63864e-12 -1.00539e-12 0)
(2.037e-18 -9.85732e-13 0)
(1.49117e-18 -9.85732e-13 0)
(1.02426e-18 -9.85732e-13 0)
(6.14131e-19 -9.85733e-13 0)
(2.62579e-19 -9.85733e-13 0)
(-3.13518e-20 -9.85734e-13 0)
(-2.70742e-19 -9.85734e-13 0)
(-4.60128e-19 -9.85735e-13 0)
(-6.04897e-19 -9.85735e-13 0)
(-7.10783e-19 -9.85735e-13 0)
(-7.83486e-19 -9.85736e-13 0)
(-8.28416e-19 -9.85736e-13 0)
(-8.50527e-19 -9.85736e-13 0)
(-8.54229e-19 -9.85737e-13 0)
(-8.43367e-19 -9.85737e-13 0)
(-8.21228e-19 -9.85737e-13 0)
(-7.90579e-19 -9.85737e-13 0)
(-7.53715e-19 -9.85738e-13 0)
(-7.12517e-19 -9.85738e-13 0)
(-6.68506e-19 -9.85738e-13 0)
(-6.22894e-19 -9.85738e-13 0)
(-5.76635e-19 -9.85738e-13 0)
(-5.30465e-19 -9.85738e-13 0)
(-4.84942e-19 -9.85738e-13 0)
(-4.40472e-19 -9.85739e-13 0)
(-3.9734e-19 -9.85739e-13 0)
(-3.55728e-19 -9.85739e-13 0)
(-3.15732e-19 -9.85739e-13 0)
(-2.77379e-19 -9.85739e-13 0)
(-2.40634e-19 -9.85739e-13 0)
(-2.05409e-19 -9.85739e-13 0)
(-1.71566e-19 -9.85739e-13 0)
(-1.38925e-19 -9.85739e-13 0)
(-1.07262e-19 -9.85739e-13 0)
(-7.63119e-20 -9.85739e-13 0)
(-4.57673e-20 -9.85739e-13 0)
(-1.52776e-20 -9.85739e-13 0)
(6.90677e-07 -0.000582179 0)
(1.99522e-07 -2.37495e-06 0)
(4.64652e-12 -9.98089e-13 0)
(9.35111e-19 -9.8573e-13 0)
(2.66525e-19 -9.8573e-13 0)
(-2.87751e-19 -9.85731e-13 0)
(-7.3618e-19 -9.85732e-13 0)
(-1.0839e-18 -9.85732e-13 0)
(-1.34051e-18 -9.85733e-13 0)
(-1.51798e-18 -9.85734e-13 0)
(-1.62893e-18 -9.85734e-13 0)
(-1.68562e-18 -9.85735e-13 0)
(-1.6992e-18 -9.85735e-13 0)
(-1.67946e-18 -9.85736e-13 0)
(-1.63467e-18 -9.85736e-13 0)
(-1.5717e-18 -9.85736e-13 0)
(-1.4961e-18 -9.85737e-13 0)
(-1.41227e-18 -9.85737e-13 0)
(-1.32368e-18 -9.85737e-13 0)
(-1.23299e-18 -9.85738e-13 0)
(-1.14219e-18 -9.85738e-13 0)
(-1.0528e-18 -9.85738e-13 0)
(-9.65874e-19 -9.85738e-13 0)
(-8.82171e-19 -9.85738e-13 0)
(-8.02183e-19 -9.85738e-13 0)
(-7.26203e-19 -9.85738e-13 0)
(-6.54368e-19 -9.85739e-13 0)
(-5.86695e-19 -9.85739e-13 0)
(-5.23107e-19 -9.85739e-13 0)
(-4.63455e-19 -9.85739e-13 0)
(-4.07531e-19 -9.85739e-13 0)
(-3.55082e-19 -9.85739e-13 0)
(-3.05819e-19 -9.85739e-13 0)
(-2.59416e-19 -9.85739e-13 0)
(-2.15518e-19 -9.85739e-13 0)
(-1.7374e-19 -9.85739e-13 0)
(-1.33665e-19 -9.85739e-13 0)
(-9.48416e-20 -9.85739e-13 0)
(-5.67775e-20 -9.85739e-13 0)
(-1.89357e-20 -9.85739e-13 0)
(7.74959e-07 -0.000580581 0)
(1.95865e-07 -1.50423e-06 0)
(1.05376e-12 -9.9194e-13 0)
(-9.49412e-19 -9.85728e-13 0)
(-1.78861e-18 -9.85729e-13 0)
(-2.40161e-18 -9.8573e-13 0)
(-2.8137e-18 -9.85731e-13 0)
(-3.05872e-18 -9.85732e-13 0)
(-3.17164e-18 -9.85733e-13 0)
(-3.18448e-18 -9.85734e-13 0)
(-3.12447e-18 -9.85734e-13 0)
(-3.01368e-18 -9.85735e-13 0)
(-2.86931e-18 -9.85735e-13 0)
(-2.7044e-18 -9.85736e-13 0)
(-2.52862e-18 -9.85736e-13 0)
(-2.34894e-18 -9.85737e-13 0)
(-2.17028e-18 -9.85737e-13 0)
(-1.99605e-18 -9.85737e-13 0)
(-1.82849e-18 -9.85738e-13 0)
(-1.66901e-18 -9.85738e-13 0)
(-1.51844e-18 -9.85738e-13 0)
(-1.37713e-18 -9.85738e-13 0)
(-1.24517e-18 -9.85738e-13 0)
(-1.12242e-18 -9.85738e-13 0)
(-1.00856e-18 -9.85739e-13 0)
(-9.03213e-19 -9.85739e-13 0)
(-8.05906e-19 -9.85739e-13 0)
(-7.16131e-19 -9.85739e-13 0)
(-6.33353e-19 -9.85739e-13 0)
(-5.5702e-19 -9.85739e-13 0)
(-4.86571e-19 -9.85739e-13 0)
(-4.21443e-19 -9.85739e-13 0)
(-3.61068e-19 -9.85739e-13 0)
(-3.04873e-19 -9.85739e-13 0)
(-2.5228e-19 -9.85739e-13 0)
(-2.02701e-19 -9.85739e-13 0)
(-1.55528e-19 -9.85739e-13 0)
(-1.10129e-19 -9.85739e-13 0)
(-6.58388e-20 -9.85739e-13 0)
(-2.19423e-20 -9.85739e-13 0)
(8.32849e-07 -0.000578443 0)
(1.78104e-07 -6.30308e-07 0)
(-3.17109e-18 -9.88076e-13 0)
(-4.68759e-18 -9.85725e-13 0)
(-5.5758e-18 -9.85727e-13 0)
(-5.98469e-18 -9.85729e-13 0)
(-6.05921e-18 -9.85731e-13 0)
(-5.91574e-18 -9.85732e-13 0)
(-5.6399e-18 -9.85733e-13 0)
(-5.2912e-18 -9.85734e-13 0)
(-4.9092e-18 -9.85735e-13 0)
(-4.51923e-18 -9.85736e-13 0)
(-4.13683e-18 -9.85736e-13 0)
(-3.77102e-18 -9.85737e-13 0)
(-3.42659e-18 -9.85737e-13 0)
(-3.10571e-18 -9.85737e-13 0)
(-2.80887e-18 -9.85738e-13 0)
(-2.53563e-18 -9.85738e-13 0)
(-2.28496e-18 -9.85738e-13 0)
(-2.05557e-18 -9.85738e-13 0)
(-1.84604e-18 -9.85738e-13 0)
(-1.65489e-18 -9.85738e-13 0)
(-1.48071e-18 -9.85739e-13 0)
(-1.3221e-18 -9.85739e-13 0)
(-1.17775e-18 -9.85739e-13 0)
(-1.04643e-18 -9.85739e-13 0)
(-9.26978e-19 -9.85739e-13 0)
(-8.1829e-19 -9.85739e-13 0)
(-7.19344e-19 -9.85739e-13 0)
(-6.2917e-19 -9.85739e-13 0)
(-5.46853e-19 -9.85739e-13 0)
(-4.71522e-19 -9.85739e-13 0)
(-4.02345e-19 -9.85739e-13 0)
(-3.38519e-19 -9.85739e-13 0)
(-2.79259e-19 -9.85739e-13 0)
(-2.23794e-19 -9.85739e-13 0)
(-1.71349e-19 -9.85739e-13 0)
(-1.21137e-19 -9.85739e-13 0)
(-7.23401e-20 -9.85739e-13 0)
(-2.40956e-20 -9.85739e-13 0)
(7.48524e-08 -0.000288619 0)
(5.41454e-08 -1.00825e-07 0)
(-1.23958e-17 -9.86284e-13 0)
(-1.33379e-17 -9.85723e-13 0)
(-1.29264e-17 -9.85727e-13 0)
(-1.1942e-17 -9.8573e-13 0)
(-1.07763e-17 -9.85732e-13 0)
(-9.61395e-18 -9.85734e-13 0)
(-8.5336e-18 -9.85735e-13 0)
(-7.56198e-18 -9.85736e-13 0)
(-6.70142e-18 -9.85736e-13 0)
(-5.94395e-18 -9.85737e-13 0)
(-5.27812e-18 -9.85737e-13 0)
(-4.69214e-18 -9.85738e-13 0)
(-4.1752e-18 -9.85738e-13 0)
(-3.71784e-18 -9.85738e-13 0)
(-3.31202e-18 -9.85738e-13 0)
(-2.95096e-18 -9.85738e-13 0)
(-2.62896e-18 -9.85739e-13 0)
(-2.3412e-18 -9.85739e-13 0)
(-2.0836e-18 -9.85739e-13 0)
(-1.85268e-18 -9.85739e-13 0)
(-1.64544e-18 -9.85739e-13 0)
(-1.45926e-18 -9.85739e-13 0)
(-1.29188e-18 -9.85739e-13 0)
(-1.14127e-18 -9.85739e-13 0)
(-1.00564e-18 -9.85739e-13 0)
(-8.83392e-19 -9.85739e-13 0)
(-7.73067e-19 -9.85739e-13 0)
(-6.73346e-19 -9.85739e-13 0)
(-5.83017e-19 -9.85739e-13 0)
(-5.0096e-19 -9.85739e-13 0)
(-4.26126e-19 -9.85739e-13 0)
(-3.57529e-19 -9.85739e-13 0)
(-2.94225e-19 -9.85739e-13 0)
(-2.35301e-19 -9.85739e-13 0)
(-1.79856e-19 -9.85739e-13 0)
(-1.26986e-19 -9.85739e-13 0)
(-7.57664e-20 -9.85739e-13 0)
(-2.52255e-20 -9.85739e-13 0)
(-3.95567e-17 -9.85699e-13 0)
(-5.75705e-17 -9.85734e-13 0)
(-4.45365e-17 -9.85735e-13 0)
(-3.22964e-17 -9.85736e-13 0)
(-2.4368e-17 -9.85737e-13 0)
(-1.90479e-17 -9.85737e-13 0)
(-1.53389e-17 -9.85738e-13 0)
(-1.26512e-17 -9.85738e-13 0)
(-1.06306e-17 -9.85738e-13 0)
(-9.06078e-18 -9.85738e-13 0)
(-7.80605e-18 -9.85739e-13 0)
(-6.77941e-18 -9.85739e-13 0)
(-5.92327e-18 -9.85739e-13 0)
(-5.19839e-18 -9.85739e-13 0)
(-4.57719e-18 -9.85739e-13 0)
(-4.03974e-18 -9.85739e-13 0)
(-3.5712e-18 -9.85739e-13 0)
(-3.1603e-18 -9.85739e-13 0)
(-2.79823e-18 -9.85739e-13 0)
(-2.47799e-18 -9.85739e-13 0)
(-2.19391e-18 -9.85739e-13 0)
(-1.94131e-18 -9.85739e-13 0)
(-1.7163e-18 -9.85739e-13 0)
(-1.51556e-18 -9.85739e-13 0)
(-1.33625e-18 -9.85739e-13 0)
(-1.17591e-18 -9.85739e-13 0)
(-1.03237e-18 -9.85739e-13 0)
(-9.03736e-19 -9.85739e-13 0)
(-7.88292e-19 -9.85739e-13 0)
(-6.84508e-19 -9.85739e-13 0)
(-5.90994e-19 -9.85739e-13 0)
(-5.06479e-19 -9.85739e-13 0)
(-4.29787e-19 -9.85739e-13 0)
(-3.59823e-19 -9.85739e-13 0)
(-2.95551e-19 -9.85739e-13 0)
(-2.35977e-19 -9.85739e-13 0)
(-1.80132e-19 -9.85739e-13 0)
(-1.2705e-19 -9.85739e-13 0)
(-7.57512e-20 -9.85739e-13 0)
(-2.52114e-20 -9.85739e-13 0)
(-1.0716e-17 -9.85774e-13 0)
(-1.62883e-17 -9.85764e-13 0)
(-1.79498e-17 -9.85756e-13 0)
(-1.74248e-17 -9.85751e-13 0)
(-1.59951e-17 -9.85748e-13 0)
(-1.42916e-17 -9.85745e-13 0)
(-1.26062e-17 -9.85744e-13 0)
(-1.10594e-17 -9.85743e-13 0)
(-9.68823e-18 -9.85742e-13 0)
(-8.49194e-18 -9.85742e-13 0)
(-7.45457e-18 -9.85741e-13 0)
(-6.55572e-18 -9.85741e-13 0)
(-5.77535e-18 -9.85741e-13 0)
(-5.09561e-18 -9.8574e-13 0)
(-4.50133e-18 -9.8574e-13 0)
(-3.97985e-18 -9.8574e-13 0)
(-3.52073e-18 -9.8574e-13 0)
(-3.11533e-18 -9.8574e-13 0)
(-2.75648e-18 -9.8574e-13 0)
(-2.4382e-18 -9.8574e-13 0)
(-2.15544e-18 -9.8574e-13 0)
(-1.90392e-18 -9.8574e-13 0)
(-1.67995e-18 -9.8574e-13 0)
(-1.48037e-18 -9.8574e-13 0)
(-1.30238e-18 -9.8574e-13 0)
(-1.14355e-18 -9.8574e-13 0)
(-1.00171e-18 -9.8574e-13 0)
(-8.74937e-19 -9.8574e-13 0)
(-7.61502e-19 -9.8574e-13 0)
(-6.59844e-19 -9.8574e-13 0)
(-5.68544e-19 -9.85739e-13 0)
(-4.86307e-19 -9.85739e-13 0)
(-4.11936e-19 -9.85739e-13 0)
(-3.44318e-19 -9.85739e-13 0)
(-2.82406e-19 -9.85739e-13 0)
(-2.25199e-19 -9.85739e-13 0)
(-1.71726e-19 -9.85739e-13 0)
(-1.21024e-19 -9.85739e-13 0)
(-7.21184e-20 -9.85739e-13 0)
(-2.39956e-20 -9.85739e-13 0)
(-5.02914e-18 -9.85759e-13 0)
(-7.145e-18 -9.85757e-13 0)
(-8.55403e-18 -9.85754e-13 0)
(-9.26603e-18 -9.85752e-13 0)
(-9.42878e-18 -9.8575e-13 0)
(-9.20935e-18 -9.85748e-13 0)
(-8.74982e-18 -9.85747e-13 0)
(-8.15667e-18 -9.85745e-13 0)
(-7.50362e-18 -9.85745e-13 0)
(-6.83867e-18 -9.85744e-13 0)
(-6.19125e-18 -9.85743e-13 0)
(-5.57812e-18 -9.85743e-13 0)
(-5.00776e-18 -9.85742e-13 0)
(-4.48343e-18 -9.85742e-13 0)
(-4.00526e-18 -9.85741e-13 0)
(-3.57159e-18 -9.85741e-13 0)
(-3.1798e-18 -9.85741e-13 0)
(-2.82684e-18 -9.85741e-13 0)
(-2.50951e-18 -9.85741e-13 0)
(-2.22467e-18 -9.8574e-13 0)
(-1.96933e-18 -9.8574e-13 0)
(-1.74067e-18 -9.8574e-13 0)
(-1.53608e-18 -9.8574e-13 0)
(-1.35315e-18 -9.8574e-13 0)
(-1.18968e-18 -9.8574e-13 0)
(-1.04364e-18 -9.8574e-13 0)
(-9.1319e-19 -9.8574e-13 0)
(-7.96643e-19 -9.8574e-13 0)
(-6.92453e-19 -9.8574e-13 0)
(-5.99205e-19 -9.8574e-13 0)
(-5.156e-19 -9.8574e-13 0)
(-4.40439e-19 -9.8574e-13 0)
(-3.72613e-19 -9.8574e-13 0)
(-3.11084e-19 -9.8574e-13 0)
(-2.54876e-19 -9.8574e-13 0)
(-2.03056e-19 -9.85739e-13 0)
(-1.5472e-19 -9.85739e-13 0)
(-1.08973e-19 -9.85739e-13 0)
(-6.49094e-20 -9.85739e-13 0)
(-2.15923e-20 -9.85739e-13 0)
(-2.96607e-18 -9.85754e-13 0)
(-3.93915e-18 -9.85753e-13 0)
(-4.73069e-18 -9.85752e-13 0)
(-5.29712e-18 -9.85751e-13 0)
(-5.63566e-18 -9.8575e-13 0)
(-5.77e-18 -9.85749e-13 0)
(-5.73661e-18 -9.85748e-13 0)
(-5.57506e-18 -9.85747e-13 0)
(-5.32225e-18 -9.85746e-13 0)
(-5.00964e-18 -9.85745e-13 0)
(-4.66249e-18 -9.85744e-13 0)
(-4.30007e-18 -9.85744e-13 0)
(-3.9365e-18 -9.85743e-13 0)
(-3.58168e-18 -9.85743e-13 0)
(-3.24222e-18 -9.85742e-13 0)
(-2.92223e-18 -9.85742e-13 0)
(-2.62402e-18 -9.85742e-13 0)
(-2.34854e-18 -9.85741e-13 0)
(-2.09585e-18 -9.85741e-13 0)
(-1.86538e-18 -9.85741e-13 0)
(-1.65614e-18 -9.85741e-13 0)
(-1.4669e-18 -9.85741e-13 0)
(-1.29628e-18 -9.8574e-13 0)
(-1.14284e-18 -9.8574e-13 0)
(-1.00513e-18 -9.8574e-13 0)
(-8.81749e-19 -9.8574e-13 0)
(-7.71319e-19 -9.8574e-13 0)
(-6.72545e-19 -9.8574e-13 0)
(-5.84205e-19 -9.8574e-13 0)
(-5.05152e-19 -9.8574e-13 0)
(-4.34314e-19 -9.8574e-13 0)
(-3.70688e-19 -9.8574e-13 0)
(-3.1334e-19 -9.8574e-13 0)
(-2.61388e-19 -9.8574e-13 0)
(-2.13999e-19 -9.8574e-13 0)
(-1.70377e-19 -9.8574e-13 0)
(-1.29746e-19 -9.8574e-13 0)
(-9.13423e-20 -9.8574e-13 0)
(-5.43912e-20 -9.8574e-13 0)
(-1.80905e-20 -9.8574e-13 0)
(-1.82349e-18 -9.85751e-13 0)
(-2.31685e-18 -9.85751e-13 0)
(-2.74937e-18 -9.8575e-13 0)
(-3.09881e-18 -9.8575e-13 0)
(-3.35338e-18 -9.85749e-13 0)
(-3.51119e-18 -9.85748e-13 0)
(-3.57816e-18 -9.85748e-13 0)
(-3.56532e-18 -9.85747e-13 0)
(-3.48635e-18 -9.85746e-13 0)
(-3.35566e-18 -9.85746e-13 0)
(-3.18701e-18 -9.85745e-13 0)
(-2.99271e-18 -9.85744e-13 0)
(-2.7832e-18 -9.85744e-13 0)
(-2.567e-18 -9.85743e-13 0)
(-2.35076e-18 -9.85743e-13 0)
(-2.13948e-18 -9.85743e-13 0)
(-1.93672e-18 -9.85742e-13 0)
(-1.7449e-18 -9.85742e-13 0)
(-1.5655e-18 -9.85742e-13 0)
(-1.39927e-18 -9.85741e-13 0)
(-1.24642e-18 -9.85741e-13 0)
(-1.10677e-18 -9.85741e-13 0)
(-9.7984e-19 -9.85741e-13 0)
(-8.64973e-19 -9.85741e-13 0)
(-7.61387e-19 -9.8574e-13 0)
(-6.68237e-19 -9.8574e-13 0)
(-5.8465e-19 -9.8574e-13 0)
(-5.09754e-19 -9.8574e-13 0)
(-4.42696e-19 -9.8574e-13 0)
(-3.82655e-19 -9.8574e-13 0)
(-3.28848e-19 -9.8574e-13 0)
(-2.80533e-19 -9.8574e-13 0)
(-2.37009e-19 -9.8574e-13 0)
(-1.9761e-19 -9.8574e-13 0)
(-1.61704e-19 -9.8574e-13 0)
(-1.28684e-19 -9.8574e-13 0)
(-9.79586e-20 -9.8574e-13 0)
(-6.89425e-20 -9.8574e-13 0)
(-4.10441e-20 -9.8574e-13 0)
(-1.36498e-20 -9.8574e-13 0)
(-1.00814e-18 -9.8575e-13 0)
(-1.2488e-18 -9.8575e-13 0)
(-1.46663e-18 -9.8575e-13 0)
(-1.65201e-18 -9.85749e-13 0)
(-1.79816e-18 -9.85749e-13 0)
(-1.90155e-18 -9.85748e-13 0)
(-1.96185e-18 -9.85748e-13 0)
(-1.98136e-18 -9.85747e-13 0)
(-1.96436e-18 -9.85746e-13 0)
(-1.91633e-18 -9.85746e-13 0)
(-1.84332e-18 -9.85745e-13 0)
(-1.75136e-18 -9.85745e-13 0)
(-1.64611e-18 -9.85744e-13 0)
(-1.5326e-18 -9.85744e-13 0)
(-1.4151e-18 -9.85743e-13 0)
(-1.29707e-18 -9.85743e-13 0)
(-1.18125e-18 -9.85743e-13 0)
(-1.06964e-18 -9.85742e-13 0)
(-9.63675e-19 -9.85742e-13 0)
(-8.64275e-19 -9.85742e-13 0)
(-7.71956e-19 -9.85741e-13 0)
(-6.8692e-19 -9.85741e-13 0)
(-6.09126e-19 -9.85741e-13 0)
(-5.3836e-19 -9.85741e-13 0)
(-4.74288e-19 -9.85741e-13 0)
(-4.16492e-19 -9.8574e-13 0)
(-3.6451e-19 -9.8574e-13 0)
(-3.17856e-19 -9.8574e-13 0)
(-2.76037e-19 -9.8574e-13 0)
(-2.38568e-19 -9.8574e-13 0)
(-2.0498e-19 -9.8574e-13 0)
(-1.74818e-19 -9.8574e-13 0)
(-1.47652e-19 -9.8574e-13 0)
(-1.23071e-19 -9.8574e-13 0)
(-1.00679e-19 -9.8574e-13 0)
(-8.00986e-20 -9.8574e-13 0)
(-6.09593e-20 -9.8574e-13 0)
(-4.28945e-20 -9.8574e-13 0)
(-2.55333e-20 -9.8574e-13 0)
(-8.49086e-21 -9.8574e-13 0)
(-3.23943e-19 -9.8575e-13 0)
(-3.96692e-19 -9.8575e-13 0)
(-4.63361e-19 -9.85749e-13 0)
(-5.21266e-19 -9.85749e-13 0)
(-5.68328e-19 -9.85748e-13 0)
(-6.03239e-19 -9.85748e-13 0)
(-6.25513e-19 -9.85747e-13 0)
(-6.35426e-19 -9.85747e-13 0)
(-6.33884e-19 -9.85746e-13 0)
(-6.22252e-19 -9.85746e-13 0)
(-6.02174e-19 -9.85745e-13 0)
(-5.75403e-19 -9.85745e-13 0)
(-5.43672e-19 -9.85744e-13 0)
(-5.0859e-19 -9.85744e-13 0)
(-4.71579e-19 -9.85744e-13 0)
(-4.33844e-19 -9.85743e-13 0)
(-3.96358e-19 -9.85743e-13 0)
(-3.59877e-19 -9.85742e-13 0)
(-3.24957e-19 -9.85742e-13 0)
(-2.9198e-19 -9.85742e-13 0)
(-2.61183e-19 -9.85742e-13 0)
(-2.3269e-19 -9.85741e-13 0)
(-2.06529e-19 -9.85741e-13 0)
(-1.82663e-19 -9.85741e-13 0)
(-1.61006e-19 -9.85741e-13 0)
(-1.41435e-19 -9.85741e-13 0)
(-1.2381e-19 -9.8574e-13 0)
(-1.07976e-19 -9.8574e-13 0)
(-9.37731e-20 -9.8574e-13 0)
(-8.10422e-20 -9.8574e-13 0)
(-6.96268e-20 -9.8574e-13 0)
(-5.93752e-20 -9.8574e-13 0)
(-5.01422e-20 -9.8574e-13 0)
(-4.17886e-20 -9.8574e-13 0)
(-3.4181e-20 -9.8574e-13 0)
(-2.71903e-20 -9.8574e-13 0)
(-2.0691e-20 -9.8574e-13 0)
(-1.45581e-20 -9.8574e-13 0)
(-8.66527e-21 -9.8574e-13 0)
(-2.88145e-21 -9.8574e-13 0)
)
;

boundaryField
{
    top
    {
        type            zeroGradient;
    }
    inlet
    {
        type            fixedValue;
        value           uniform (0 0 0);
    }
    axis
    {
        type            fixedValue;
        value           uniform (0 0 0);
    }
    frontAndBack
    {
        type            empty;
    }
}


// ************************************************************************* //
