0.00E+00	1.00E-10	1.00E-10	6.50E-01	2.56E-03	7.00E-03
2.50E-02	1.00E-10	1.00E-10	6.50E-01	2.56E-03	7.00E-03
5.00E-02	1.00E-10	1.00E-10	6.50E-01	2.56E-03	7.00E-03
7.50E-02	1.00E-10	1.00E-10	6.50E-01	2.56E-03	7.00E-03
1.00E-01	1.00E-10	1.00E-10	6.50E-01	2.56E-03	7.00E-03
1.25E-01	1.00E-10	1.00E-10	6.50E-01	2.56E-03	7.00E-03
1.50E-01	1.00E-10	1.00E-10	6.50E-01	2.56E-03	7.00E-03
1.75E-01	1.00E-10	1.00E-10	6.50E-01	2.56E-03	7.00E-03
2.00E-01	1.00E-10	1.00E-10	6.50E-01	2.56E-03	7.00E-03
2.25E-01	1.00E-10	1.00E-10	6.50E-01	2.56E-03	7.00E-03
2.50E-01	1.00E-10	1.00E-10	6.50E-01	2.56E-03	7.00E-03
2.75E-01	1.00E-10	1.00E-10	6.50E-01	2.56E-03	7.00E-03
3.00E-01	1.00E-10	1.00E-10	6.50E-01	2.56E-03	7.00E-03
3.25E-01	1.00E-10	1.00E-10	6.50E-01	2.56E-03	7.00E-03
3.50E-01	1.00E-10	1.12E-01	5.38E-01	8.38E-04	7.00E-03
3.75E-01	1.00E-10	4.22E-01	2.28E-01	2.29E-05	7.00E-03
4.00E-01	1.00E-10	5.64E-01	8.59E-02	8.67E-07	7.00E-03
4.25E-01	8.01E-02	5.63E-01	6.90E-03	3.80E-10	3.50E-03
4.50E-01	2.32E-01	3.33E-01	8.51E-02	8.40E-07	3.55E-06
4.75E-01	2.71E-01	2.14E-01	1.65E-01	7.41E-06	1.78E-06
5.00E-01	2.84E-01	1.42E-01	2.25E-01	2.15E-05	1.54E-06
5.25E-01	2.89E-01	9.61E-02	2.64E-01	3.91E-05	1.45E-06
5.50E-01	2.93E-01	6.62E-02	2.91E-01	5.60E-05	1.39E-06
5.75E-01	2.95E-01	4.62E-02	3.09E-01	7.05E-05	1.35E-06
6.00E-01	2.96E-01	3.25E-02	3.21E-01	8.20E-05	1.31E-06
6.25E-01	2.97E-01	2.31E-02	3.29E-01	9.08E-05	1.28E-06
6.50E-01	2.98E-01	1.65E-02	3.35E-01	9.75E-05	1.25E-06
6.75E-01	2.99E-01	1.19E-02	3.39E-01	1.02E-04	1.22E-06
7.00E-01	2.99E-01	8.62E-03	3.42E-01	1.06E-04	1.20E-06
7.25E-01	2.99E-01	6.26E-03	3.44E-01	1.09E-04	1.17E-06
7.50E-01	3.00E-01	4.57E-03	3.46E-01	1.11E-04	1.15E-06
7.75E-01	3.00E-01	3.34E-03	3.47E-01	1.12E-04	1.13E-06
8.00E-01	3.00E-01	2.46E-03	3.48E-01	1.13E-04	1.10E-06
8.25E-01	3.00E-01	1.81E-03	3.48E-01	1.14E-04	1.08E-06
8.50E-01	3.00E-01	1.34E-03	3.49E-01	1.14E-04	1.06E-06
8.75E-01	3.00E-01	9.89E-04	3.49E-01	1.15E-04	1.03E-06
9.00E-01	3.00E-01	7.34E-04	3.49E-01	1.15E-04	1.01E-06
9.25E-01	3.00E-01	5.46E-04	3.50E-01	1.15E-04	9.86E-07
9.50E-01	3.00E-01	4.07E-04	3.50E-01	1.16E-04	9.63E-07
9.75E-01	3.00E-01	3.03E-04	3.50E-01	1.16E-04	9.40E-07
1.00E+00	3.00E-01	2.27E-04	3.50E-01	1.16E-04	9.17E-07
1.03E+00	3.00E-01	1.70E-04	3.50E-01	1.16E-04	8.94E-07
1.05E+00	3.00E-01	1.28E-04	3.50E-01	1.16E-04	8.71E-07
1.08E+00	3.00E-01	9.59E-05	3.50E-01	1.16E-04	8.48E-07
1.10E+00	3.00E-01	7.22E-05	3.50E-01	1.16E-04	8.25E-07
1.13E+00	3.00E-01	5.45E-05	3.50E-01	1.16E-04	8.02E-07
1.15E+00	3.00E-01	4.13E-05	3.50E-01	1.16E-04	7.79E-07
1.18E+00	3.00E-01	3.14E-05	3.50E-01	1.16E-04	7.57E-07
1.20E+00	3.00E-01	2.40E-05	3.50E-01	1.16E-04	7.34E-07
1.23E+00	3.00E-01	1.84E-05	3.50E-01	1.16E-04	7.11E-07
1.25E+00	3.00E-01	1.42E-05	3.50E-01	1.16E-04	6.88E-07
1.28E+00	3.00E-01	1.11E-05	3.50E-01	1.16E-04	6.65E-07
1.30E+00	3.00E-01	8.68E-06	3.50E-01	1.16E-04	6.42E-07
1.33E+00	3.00E-01	6.87E-06	3.50E-01	1.16E-04	6.19E-07
1.35E+00	3.00E-01	5.48E-06	3.50E-01	1.16E-04	5.96E-07
1.38E+00	3.00E-01	4.40E-06	3.50E-01	1.16E-04	5.73E-07
1.40E+00	3.00E-01	3.67E-06	3.50E-01	1.16E-04	5.50E-07
1.43E+00	3.00E-01	3.19E-06	3.50E-01	1.16E-04	5.27E-07
1.45E+00	3.00E-01	2.87E-06	3.50E-01	1.16E-04	5.04E-07
1.48E+00	3.00E-01	2.65E-06	3.50E-01	1.16E-04	4.81E-07
1.50E+00	3.00E-01	2.52E-06	3.50E-01	1.16E-04	4.58E-07
1.53E+00	3.00E-01	2.46E-06	3.50E-01	1.16E-04	4.36E-07
1.55E+00	3.00E-01	2.43E-06	3.50E-01	1.16E-04	4.13E-07
1.58E+00	3.00E-01	2.44E-06	3.50E-01	1.16E-04	3.90E-07
1.60E+00	3.00E-01	2.48E-06	3.50E-01	1.16E-04	3.67E-07
1.63E+00	3.00E-01	2.52E-06	3.50E-01	1.16E-04	3.44E-07
1.65E+00	3.00E-01	2.57E-06	3.50E-01	1.16E-04	3.21E-07
1.68E+00	3.00E-01	2.61E-06	3.50E-01	1.16E-04	2.98E-07
1.70E+00	3.00E-01	2.65E-06	3.50E-01	1.16E-04	2.75E-07
1.73E+00	3.00E-01	2.68E-06	3.50E-01	1.16E-04	2.52E-07
1.75E+00	3.00E-01	2.69E-06	3.50E-01	1.16E-04	2.29E-07
1.78E+00	3.00E-01	2.69E-06	3.50E-01	1.16E-04	2.06E-07
1.80E+00	3.00E-01	2.66E-06	3.50E-01	1.16E-04	1.83E-07
1.83E+00	3.00E-01	2.61E-06	3.50E-01	1.16E-04	1.60E-07
1.85E+00	3.00E-01	2.52E-06	3.50E-01	1.16E-04	1.38E-07
1.88E+00	3.00E-01	2.65E-06	3.50E-01	1.16E-04	1.15E-07
1.90E+00	3.00E-01	2.84E-06	3.50E-01	1.16E-04	9.17E-08
1.93E+00	3.00E-01	3.03E-06	3.50E-01	1.16E-04	6.88E-08
1.95E+00	3.00E-01	3.22E-06	3.50E-01	1.16E-04	4.58E-08
1.98E+00	3.00E-01	3.41E-06	3.50E-01	1.16E-04	2.29E-08
2.00E+00	3.00E-01	3.51E-06	3.50E-01	1.16E-04	0.00E+00