/*--------------------------------*- C++ -*----------------------------------*\
  =========                 |
  \\      /  F ield         | OpenFOAM: The Open Source CFD Toolbox
   \\    /   O peration     | Website:  https://openfoam.org
    \\  /    A nd           | Version:  6
     \\/     M anipulation  |
\*---------------------------------------------------------------------------*/
FoamFile
{
    version     2.0;
    format      ascii;
    class       vectorField;
    location    "constant/polyMesh";
    object      points;
}
// * * * * * * * * * * * * * * * * * * * * * * * * * * * * * * * * * * * * * //


204
(
(0 0 0)
(0.01 0 0)
(0.02 0 0)
(0.03 0 0)
(0.04 0 0)
(0.05 0 0)
(0.06 0 0)
(0.07 0 0)
(0.08 0 0)
(0.09 0 0)
(0.1 0 0)
(0.11 0 0)
(0.12 0 0)
(0.13 0 0)
(0.14 0 0)
(0.15 0 0)
(0.16 0 0)
(0.17 0 0)
(0.18 0 0)
(0.19 0 0)
(0.2 0 0)
(0.21 0 0)
(0.22 0 0)
(0.23 0 0)
(0.24 0 0)
(0.25 0 0)
(0.26 0 0)
(0.27 0 0)
(0.28 0 0)
(0.29 0 0)
(0.3 0 0)
(0.31 0 0)
(0.32 0 0)
(0.33 0 0)
(0.34 0 0)
(0.35 0 0)
(0.36 0 0)
(0.37 0 0)
(0.38 0 0)
(0.39 0 0)
(0.4 0 0)
(0.41 0 0)
(0.42 0 0)
(0.43 0 0)
(0.44 0 0)
(0.45 0 0)
(0.46 0 0)
(0.47 0 0)
(0.48 0 0)
(0.49 0 0)
(0.5 0 0)
(0 1 0)
(0.01 1 0)
(0.02 1 0)
(0.03 1 0)
(0.04 1 0)
(0.05 1 0)
(0.06 1 0)
(0.07 1 0)
(0.08 1 0)
(0.09 1 0)
(0.1 1 0)
(0.11 1 0)
(0.12 1 0)
(0.13 1 0)
(0.14 1 0)
(0.15 1 0)
(0.16 1 0)
(0.17 1 0)
(0.18 1 0)
(0.19 1 0)
(0.2 1 0)
(0.21 1 0)
(0.22 1 0)
(0.23 1 0)
(0.24 1 0)
(0.25 1 0)
(0.26 1 0)
(0.27 1 0)
(0.28 1 0)
(0.29 1 0)
(0.3 1 0)
(0.31 1 0)
(0.32 1 0)
(0.33 1 0)
(0.34 1 0)
(0.35 1 0)
(0.36 1 0)
(0.37 1 0)
(0.38 1 0)
(0.39 1 0)
(0.4 1 0)
(0.41 1 0)
(0.42 1 0)
(0.43 1 0)
(0.44 1 0)
(0.45 1 0)
(0.46 1 0)
(0.47 1 0)
(0.48 1 0)
(0.49 1 0)
(0.5 1 0)
(0 0 1)
(0.01 0 1)
(0.02 0 1)
(0.03 0 1)
(0.04 0 1)
(0.05 0 1)
(0.06 0 1)
(0.07 0 1)
(0.08 0 1)
(0.09 0 1)
(0.1 0 1)
(0.11 0 1)
(0.12 0 1)
(0.13 0 1)
(0.14 0 1)
(0.15 0 1)
(0.16 0 1)
(0.17 0 1)
(0.18 0 1)
(0.19 0 1)
(0.2 0 1)
(0.21 0 1)
(0.22 0 1)
(0.23 0 1)
(0.24 0 1)
(0.25 0 1)
(0.26 0 1)
(0.27 0 1)
(0.28 0 1)
(0.29 0 1)
(0.3 0 1)
(0.31 0 1)
(0.32 0 1)
(0.33 0 1)
(0.34 0 1)
(0.35 0 1)
(0.36 0 1)
(0.37 0 1)
(0.38 0 1)
(0.39 0 1)
(0.4 0 1)
(0.41 0 1)
(0.42 0 1)
(0.43 0 1)
(0.44 0 1)
(0.45 0 1)
(0.46 0 1)
(0.47 0 1)
(0.48 0 1)
(0.49 0 1)
(0.5 0 1)
(0 1 1)
(0.01 1 1)
(0.02 1 1)
(0.03 1 1)
(0.04 1 1)
(0.05 1 1)
(0.06 1 1)
(0.07 1 1)
(0.08 1 1)
(0.09 1 1)
(0.1 1 1)
(0.11 1 1)
(0.12 1 1)
(0.13 1 1)
(0.14 1 1)
(0.15 1 1)
(0.16 1 1)
(0.17 1 1)
(0.18 1 1)
(0.19 1 1)
(0.2 1 1)
(0.21 1 1)
(0.22 1 1)
(0.23 1 1)
(0.24 1 1)
(0.25 1 1)
(0.26 1 1)
(0.27 1 1)
(0.28 1 1)
(0.29 1 1)
(0.3 1 1)
(0.31 1 1)
(0.32 1 1)
(0.33 1 1)
(0.34 1 1)
(0.35 1 1)
(0.36 1 1)
(0.37 1 1)
(0.38 1 1)
(0.39 1 1)
(0.4 1 1)
(0.41 1 1)
(0.42 1 1)
(0.43 1 1)
(0.44 1 1)
(0.45 1 1)
(0.46 1 1)
(0.47 1 1)
(0.48 1 1)
(0.49 1 1)
(0.5 1 1)
)


// ************************************************************************* //
