0.005 2400 2 1.0985e-02 0.0000e+00 0.0000e+00 0
0.015 2400 2 1.0985e-02 0.0000e+00 0.0000e+00 0
0.025 2400 2 1.0985e-02 0.0000e+00 0.0000e+00 0
0.035 2400 2 1.0985e-02 0.0000e+00 0.0000e+00 0
0.045 2400 2 1.0985e-02 0.0000e+00 0.0000e+00 0
0.055 2400 2 1.0985e-02 0.0000e+00 0.0000e+00 0
0.065 2400 2 1.0985e-02 0.0000e+00 0.0000e+00 0
0.075 2400 2 1.0985e-02 0.0000e+00 0.0000e+00 0
0.085 2400 2 1.0985e-02 0.0000e+00 0.0000e+00 0
0.095 2400 2 1.0985e-02 0.0000e+00 0.0000e+00 0
0.105 2400 2 1.0985e-02 0.0000e+00 0.0000e+00 0
0.115 2400 2 1.0985e-02 0.0000e+00 0.0000e+00 0
0.125 2400 2 1.0985e-02 0.0000e+00 0.0000e+00 0
0.135 2400 2 1.0985e-02 0.0000e+00 0.0000e+00 0
0.145 2400 2 1.0985e-02 0.0000e+00 0.0000e+00 0
0.155 2400 2 1.0985e-02 0.0000e+00 0.0000e+00 0
0.165 2400 2 1.0985e-02 0.0000e+00 0.0000e+00 0
0.175 2400 2 1.0985e-02 0.0000e+00 0.0000e+00 0
0.185 2400 2 1.0985e-02 5.0566e-10 5.0566e-10 0
0.195 2400 2.00042 1.0985e-02 5.2220e-06 5.2220e-06 0
0.205 2400 2.09149 1.0985e-02 1.0288e-03 1.0288e-03 0.0016747
0.215 2400 2.29806 1.0985e-02 2.7048e-03 2.7048e-03 0.00379256
0.225 2400 2.57196 1.0984e-02 4.0037e-03 4.0037e-03 0.00709366
0.235 2400 3.06097 1.0984e-02 5.0095e-03 5.0095e-03 0.0116724
0.245 2400 5.5922 1.0984e-02 6.0063e-03 6.0063e-03 0.0168933
0.255 2400 6.11826 1.0984e-02 6.9234e-03 6.9234e-03 0.0218197
0.265 2400 6.36112 1.0985e-02 7.5999e-03 7.5999e-03 0.0256737
0.275 2400 6.47884 1.0985e-02 7.9690e-03 7.9690e-03 0.0280963
0.285 2400 6.5266 1.0985e-02 8.1227e-03 8.1227e-03 0.029287
0.295 2400 6.54349 1.0985e-02 8.1773e-03 8.1773e-03 0.0297582
0.305 2400 6.5491 1.0985e-02 8.1955e-03 8.1955e-03 0.0299222
0.315 2400 6.55092 1.0985e-02 8.2014e-03 8.2014e-03 0.0299753
0.325 2400 6.55151 1.0985e-02 8.2033e-03 8.2033e-03 0.0299931
0.335 2400 6.5517 1.0985e-02 8.2039e-03 8.2039e-03 0.029999
0.345 2400 6.55176 1.0985e-02 8.2041e-03 8.2041e-03 0.0300005
0.355 2400 6.55178 1.0985e-02 8.2042e-03 8.2042e-03 0.0300019
0.365 2400 6.55178 1.0985e-02 8.2042e-03 8.2042e-03 0.0300019
0.375 2400 6.55179 1.0985e-02 8.2042e-03 8.2042e-03 0.0300019
0.385 2400 6.55179 1.0985e-02 8.2042e-03 8.2042e-03 0.0300019
0.395 2400 6.55179 1.0985e-02 8.2042e-03 8.2042e-03 0.0300019
0.405 2400 6.55179 1.0985e-02 8.2042e-03 8.2042e-03 0.0300019
0.415 2400 6.55179 1.0985e-02 8.2042e-03 8.2042e-03 0.0300019
0.425 2400 6.55179 1.0985e-02 8.2042e-03 8.2042e-03 0.0300019
0.435 2400 6.55179 1.0985e-02 8.2042e-03 8.2042e-03 0.0300019
0.445 2400 6.55179 1.0985e-02 8.2042e-03 8.2042e-03 0.0300019
0.455 2400 6.55179 1.0985e-02 8.2042e-03 8.2042e-03 0.0300019
0.465 2400 6.55179 1.0985e-02 8.2042e-03 8.2042e-03 0.0300019
0.475 2400 6.55179 1.0985e-02 8.2042e-03 8.2042e-03 0.0300019
0.485 2400 6.55179 1.0985e-02 8.2042e-03 8.2042e-03 0.0300019
0.495 2400 6.55179 1.0985e-02 8.2042e-03 8.2042e-03 0.0300019
