0.005 3600 2 1.0985e-02 0.0000e+00 0.0000e+00 0
0.015 3600 2 1.0985e-02 0.0000e+00 0.0000e+00 0
0.025 3600 2 1.0985e-02 0.0000e+00 0.0000e+00 0
0.035 3600 2 1.0985e-02 0.0000e+00 0.0000e+00 0
0.045 3600 2 1.0985e-02 0.0000e+00 0.0000e+00 0
0.055 3600 2 1.0985e-02 0.0000e+00 0.0000e+00 0
0.065 3600 2 1.0985e-02 0.0000e+00 0.0000e+00 0
0.075 3600 2 1.0985e-02 0.0000e+00 0.0000e+00 0
0.085 3600 2 1.0985e-02 0.0000e+00 0.0000e+00 0
0.095 3600 2 1.0985e-02 0.0000e+00 0.0000e+00 0
0.105 3600 2 1.0985e-02 0.0000e+00 0.0000e+00 0
0.115 3600 2 1.0985e-02 0.0000e+00 0.0000e+00 0
0.125 3600 2 1.0985e-02 0.0000e+00 0.0000e+00 0
0.135 3600 2 1.0985e-02 0.0000e+00 0.0000e+00 0
0.145 3600 2 1.0985e-02 0.0000e+00 0.0000e+00 0
0.155 3600 2 1.0985e-02 0.0000e+00 0.0000e+00 0
0.165 3600 2 1.0985e-02 0.0000e+00 0.0000e+00 0
0.175 3600 2 1.0985e-02 0.0000e+00 0.0000e+00 0
0.185 3600 2 1.0985e-02 0.0000e+00 0.0000e+00 0
0.195 3600 2 1.0985e-02 0.0000e+00 0.0000e+00 0
0.205 3600 2 1.0985e-02 0.0000e+00 0.0000e+00 0
0.215 3600 2 1.0985e-02 0.0000e+00 0.0000e+00 0
0.225 3600 2 1.0985e-02 0.0000e+00 0.0000e+00 0
0.235 3600 2 1.0985e-02 0.0000e+00 0.0000e+00 0
0.245 3600 2 1.0985e-02 0.0000e+00 0.0000e+00 0
0.255 3600 2 1.0985e-02 0.0000e+00 0.0000e+00 0
0.265 3600 2 1.0985e-02 0.0000e+00 0.0000e+00 0
0.275 3600 2 1.0985e-02 0.0000e+00 0.0000e+00 0
0.285 3600 2 1.0985e-02 0.0000e+00 0.0000e+00 0
0.295 3600 2 1.0985e-02 0.0000e+00 0.0000e+00 0
0.305 3600 2 1.0985e-02 0.0000e+00 0.0000e+00 0
0.315 3600 2.00041 1.0985e-02 5.0525e-06 5.0525e-06 0
0.325 3600 2.08964 1.0985e-02 1.0100e-03 1.0100e-03 0.00172581
0.335 3600 2.20055 1.0985e-02 2.0099e-03 2.0099e-03 0.00619818
0.345 3600 2.34875 1.0985e-02 3.0098e-03 3.0098e-03 0.010176
0.355 3600 2.57371 1.0984e-02 4.0097e-03 4.0097e-03 0.0135586
0.365 3600 3.06099 1.0984e-02 5.0096e-03 5.0096e-03 0.0165727
0.375 3600 5.5922 1.0984e-02 6.0063e-03 6.0063e-03 0.0196069
0.385 3600 6.11826 1.0984e-02 6.9234e-03 6.9234e-03 0.0228493
0.395 3600 6.36112 1.0985e-02 7.5999e-03 7.5999e-03 0.0259071
0.405 3600 6.47884 1.0985e-02 7.9690e-03 7.9690e-03 0.0281111
0.415 3600 6.5266 1.0985e-02 8.1227e-03 8.1227e-03 0.0292766
0.425 3600 6.54349 1.0985e-02 8.1773e-03 8.1773e-03 0.0297523
0.435 3600 6.5491 1.0985e-02 8.1955e-03 8.1955e-03 0.0299207
0.445 3600 6.55092 1.0985e-02 8.2014e-03 8.2014e-03 0.0299753
0.455 3600 6.55151 1.0985e-02 8.2033e-03 8.2033e-03 0.0299931
0.465 3600 6.5517 1.0985e-02 8.2039e-03 8.2039e-03 0.029999
0.475 3600 6.55176 1.0985e-02 8.2041e-03 8.2041e-03 0.0300005
0.485 3600 6.55178 1.0985e-02 8.2042e-03 8.2042e-03 0.0300019
0.495 3600 6.55178 1.0985e-02 8.2042e-03 8.2042e-03 0.0300019
