/*--------------------------------*- C++ -*----------------------------------*\
  =========                 |
  \\      /  F ield         | OpenFOAM: The Open Source CFD Toolbox
   \\    /   O peration     | Website:  https://openfoam.org
    \\  /    A nd           | Version:  7
     \\/     M anipulation  |
\*---------------------------------------------------------------------------*/
FoamFile
{
    version     2.0;
    format      ascii;
    class       surfaceScalarField;
    location    "15000";
    object      phia;
}
// * * * * * * * * * * * * * * * * * * * * * * * * * * * * * * * * * * * * * //

dimensions      [0 3 -1 0 0 0 0];

internalField   nonuniform List<scalar> 
6280
(
-1.67632e-07
1.67632e-07
-3.34453e-07
1.66822e-07
-5.02562e-07
1.68109e-07
-6.74081e-07
1.71519e-07
-8.51288e-07
1.77206e-07
-1.03675e-06
1.85462e-07
-1.23351e-06
1.96756e-07
-1.4453e-06
2.11796e-07
-1.67693e-06
2.31631e-07
-1.93475e-06
2.57817e-07
-2.22745e-06
2.92703e-07
-2.56736e-06
3.39903e-07
-2.97248e-06
4.05128e-07
-3.47014e-06
4.97658e-07
-4.10316e-06
6.33013e-07
-4.94108e-06
8.3792e-07
-6.10074e-06
1.15966e-06
-7.78473e-06
1.68399e-06
-1.03545e-05
2.56975e-06
-1.4471e-05
4.11648e-06
-2.01797e-05
6.87317e-06
-1.34393e-06
4.86446e-06
-5.34645e-07
3.69903e-07
-3.03583e-07
2.71577e-07
-1.96729e-07
2.2146e-07
-1.37391e-07
1.84847e-07
-1.0092e-07
1.56402e-07
-7.70179e-08
1.3382e-07
-6.05264e-08
1.15738e-07
-4.87135e-08
1.01019e-07
-3.999e-08
8.89109e-08
-3.337e-08
7.88468e-08
-2.82204e-08
7.03735e-08
-2.41041e-08
6.31372e-08
-2.04941e-08
5.6703e-08
-1.55402e-08
4.89765e-08
-1.14133e-08
4.18558e-08
-7.81055e-09
3.53241e-08
-4.35153e-09
2.93434e-08
2.37553e-08
-3.13593e-10
-1.63042e-07
3.30673e-07
-3.25075e-07
3.28855e-07
-4.87908e-07
3.30942e-07
-6.53331e-07
3.36942e-07
-8.23195e-07
3.47071e-07
-9.99495e-07
3.61761e-07
-1.18444e-06
3.81706e-07
-1.38057e-06
4.0792e-07
-1.59078e-06
4.41845e-07
-1.81846e-06
4.85498e-07
-2.06745e-06
5.41685e-07
-2.34185e-06
6.14303e-07
-2.64545e-06
7.08735e-07
-2.98012e-06
8.32331e-07
-3.34197e-06
9.94862e-07
-3.71266e-06
1.20861e-06
-4.04014e-06
1.48714e-06
-4.19672e-06
1.84057e-06
-3.88882e-06
2.26184e-06
-2.46449e-06
2.69216e-06
1.4696e-06
2.93908e-06
3.83817e-06
2.49589e-06
2.50786e-06
1.70021e-06
1.52929e-06
1.25015e-06
7.58087e-07
9.92663e-07
9.35924e-08
8.49341e-07
-5.32084e-07
7.82078e-07
-1.17331e-06
7.7505e-07
-1.88468e-06
8.27106e-07
-2.7337e-06
9.50037e-07
-3.816e-06
1.17121e-06
-5.27792e-06
1.54077e-06
-7.35294e-06
2.14539e-06
-1.0384e-05
3.13117e-06
-1.19664e-06
1.91851e-06
-4.82462e-07
1.79904e-07
-2.60478e-07
1.27775e-07
-1.38436e-07
9.36988e-08
-5.78757e-08
6.05194e-08
2.92114e-08
-1.18299e-09
-1.5446e-07
4.85134e-07
-3.07586e-07
4.81981e-07
-4.60701e-07
4.84057e-07
-6.15052e-07
4.91293e-07
-7.71827e-07
5.03846e-07
-9.32163e-07
5.22097e-07
-1.09712e-06
5.46665e-07
-1.26764e-06
5.78433e-07
-1.44437e-06
6.18585e-07
-1.62752e-06
6.68646e-07
-1.81636e-06
7.30519e-07
-2.00854e-06
8.06486e-07
-2.19893e-06
8.99126e-07
-2.37766e-06
1.01106e-06
-2.5272e-06
1.1444e-06
-2.61813e-06
1.29954e-06
-2.60415e-06
1.47316e-06
-2.41847e-06
1.65489e-06
-1.97934e-06
1.82271e-06
-1.2258e-06
1.93863e-06
-2.37188e-07
1.95046e-06
4.41687e-07
1.81701e-06
5.40948e-07
1.60095e-06
3.86998e-07
1.4041e-06
1.25539e-07
1.25412e-06
-1.78831e-07
1.15371e-06
-4.95656e-07
1.0989e-06
-8.05837e-07
1.08523e-06
-1.08788e-06
1.10915e-06
-1.30518e-06
1.16733e-06
-1.38826e-06
1.25428e-06
-1.20499e-06
1.35751e-06
-5.07957e-07
1.44835e-06
1.15859e-06
1.46463e-06
1.79845e-06
1.27864e-06
9.45558e-07
1.0328e-06
1.64043e-07
9.0929e-07
-6.19564e-07
8.79338e-07
-1.13424e-07
1.91514e-07
1.28069e-08
3.59958e-08
-1.4291e-07
6.28043e-07
-2.84135e-07
6.23206e-07
-4.24451e-07
6.24373e-07
-5.64516e-07
6.31358e-07
-7.04846e-07
6.44176e-07
-8.45774e-07
6.63025e-07
-9.87374e-07
6.88265e-07
-1.12935e-06
7.20409e-07
-1.27087e-06
7.601e-07
-1.41029e-06
8.08074e-07
-1.54486e-06
8.6509e-07
-1.67019e-06
9.3181e-07
-1.77966e-06
1.00859e-06
-1.86377e-06
1.09518e-06
-1.9096e-06
1.19023e-06
-1.90073e-06
1.29067e-06
-1.81859e-06
1.39102e-06
-1.64646e-06
1.48277e-06
-1.37814e-06
1.55438e-06
-1.03229e-06
1.59278e-06
-6.69263e-07
1.58744e-06
-3.89935e-07
1.53769e-06
-2.4865e-07
1.45967e-06
-2.20586e-07
1.37603e-06
-2.68154e-07
1.30169e-06
-3.58449e-07
1.24401e-06
-4.64967e-07
1.20542e-06
-5.65147e-07
1.18541e-06
-6.37492e-07
1.1815e-06
-6.59624e-07
1.18947e-06
-6.08508e-07
1.20317e-06
-4.65169e-07
1.21417e-06
-2.28805e-07
1.21199e-06
4.98106e-08
1.18601e-06
1.96678e-07
1.13178e-06
1.62876e-07
1.0666e-06
6.09037e-08
1.01126e-06
-3.03501e-08
9.70594e-07
-3.00412e-08
3.78998e-07
2.0931e-09
1.73764e-08
-1.29574e-07
7.57617e-07
-2.5718e-07
7.50812e-07
-3.83093e-07
7.50286e-07
-5.07467e-07
7.55731e-07
-6.30287e-07
7.66997e-07
-7.51316e-07
7.84054e-07
-8.70016e-07
8.06965e-07
-9.85458e-07
8.35851e-07
-1.0962e-06
8.70843e-07
-1.20015e-06
9.1202e-07
-1.29439e-06
9.59331e-07
-1.37506e-06
1.01248e-06
-1.43724e-06
1.07078e-06
-1.47503e-06
1.13297e-06
-1.48188e-06
1.19707e-06
-1.45139e-06
1.26018e-06
-1.37884e-06
1.31846e-06
-1.2634e-06
1.36733e-06
-1.111e-06
1.40198e-06
-9.3668e-07
1.41846e-06
-7.6426e-07
1.41502e-06
-6.20063e-07
1.39349e-06
-5.19813e-07
1.35942e-06
-4.63655e-07
1.31988e-06
-4.42854e-07
1.28089e-06
-4.45285e-07
1.24644e-06
-4.5835e-07
1.21849e-06
-4.7026e-07
1.19732e-06
-4.70696e-07
1.18193e-06
-4.51543e-07
1.17031e-06
-4.08159e-07
1.15978e-06
-3.41348e-07
1.14736e-06
-2.59725e-07
1.13037e-06
-1.80977e-07
1.10726e-06
-1.27815e-07
1.07862e-06
-1.08735e-07
1.04752e-06
-1.15063e-07
1.01759e-06
-1.35446e-07
9.90984e-07
-2.04243e-08
4.20175e-07
1.08149e-09
1.30176e-08
-1.15565e-07
8.73182e-07
-2.28994e-07
8.64241e-07
-3.40175e-07
8.61467e-07
-4.48899e-07
8.64455e-07
-5.5481e-07
8.72908e-07
-6.57359e-07
8.86603e-07
-7.55751e-07
9.05357e-07
-8.4889e-07
9.2899e-07
-9.35328e-07
9.57281e-07
-1.01322e-06
9.89914e-07
-1.08031e-06
1.02642e-06
-1.13397e-06
1.06613e-06
-1.17126e-06
1.10807e-06
-1.18923e-06
1.15094e-06
-1.18525e-06
1.19309e-06
-1.15759e-06
1.23252e-06
-1.10614e-06
1.26701e-06
-1.03316e-06
1.29434e-06
-9.43793e-07
1.31262e-06
-8.46003e-07
1.32067e-06
-7.49429e-07
1.31844e-06
-6.63105e-07
1.30717e-06
-5.92813e-07
1.28912e-06
-5.39998e-07
1.26706e-06
-5.0261e-07
1.2435e-06
-4.76512e-07
1.22034e-06
-4.56725e-07
1.1987e-06
-4.3837e-07
1.17897e-06
-4.17365e-07
1.16093e-06
-3.90986e-07
1.14394e-06
-3.58329e-07
1.12713e-06
-3.20599e-07
1.10963e-06
-2.81048e-07
1.09082e-06
-2.4426e-07
1.07047e-06
-2.14576e-07
1.04893e-06
-1.94012e-07
1.02695e-06
-1.81858e-07
1.00544e-06
-1.75958e-07
9.85093e-07
-1.91304e-08
4.18838e-07
9.75366e-10
1.22743e-08
-1.0177e-07
9.74953e-07
-2.01361e-07
9.63832e-07
-2.98404e-07
9.58509e-07
-3.92469e-07
9.5852e-07
-4.83027e-07
9.63467e-07
-5.69417e-07
9.72993e-07
-6.50817e-07
9.86757e-07
-7.26222e-07
1.0044e-06
-7.94442e-07
1.0255e-06
-8.54107e-07
1.04958e-06
-9.0371e-07
1.07603e-06
-9.41683e-07
1.1041e-06
-9.66527e-07
1.13291e-06
-9.76987e-07
1.1614e-06
-9.72293e-07
1.1884e-06
-9.52421e-07
1.21265e-06
-9.1834e-07
1.23293e-06
-8.72176e-07
1.24818e-06
-8.17186e-07
1.25763e-06
-7.57458e-07
1.26094e-06
-6.97323e-07
1.25831e-06
-6.40576e-07
1.25042e-06
-5.89789e-07
1.23834e-06
-5.46011e-07
1.22328e-06
-5.08926e-07
1.20642e-06
-4.77259e-07
1.18867e-06
-4.49255e-07
1.17069e-06
-4.23109e-07
1.15282e-06
-3.97316e-07
1.13513e-06
-3.70918e-07
1.11754e-06
-3.43639e-07
1.09985e-06
-3.1588e-07
1.08187e-06
-2.88568e-07
1.0635e-06
-2.62847e-07
1.04475e-06
-2.39676e-07
1.02576e-06
-2.19483e-07
1.00676e-06
-2.02061e-07
9.88015e-07
-1.86685e-07
9.69727e-07
-1.84855e-08
4.08032e-07
9.29883e-10
1.17431e-08
-8.88041e-08
1.06376e-06
-1.75491e-07
1.05052e-06
-2.59549e-07
1.04257e-06
-3.40446e-07
1.03942e-06
-4.17597e-07
1.04062e-06
-4.90351e-07
1.04575e-06
-5.57972e-07
1.05438e-06
-6.19645e-07
1.06607e-06
-6.74485e-07
1.08034e-06
-7.21568e-07
1.09666e-06
-7.59974e-07
1.11443e-06
-7.88861e-07
1.13299e-06
-8.07552e-07
1.1516e-06
-8.15641e-07
1.16949e-06
-8.13103e-07
1.18586e-06
-8.00394e-07
1.19994e-06
-7.78509e-07
1.21105e-06
-7.48976e-07
1.21865e-06
-7.13757e-07
1.22241e-06
-6.75058e-07
1.22224e-06
-6.35059e-07
1.21831e-06
-5.95635e-07
1.21099e-06
-5.58137e-07
1.20084e-06
-5.233e-07
1.18845e-06
-4.91289e-07
1.1744e-06
-4.61835e-07
1.15922e-06
-4.34418e-07
1.14328e-06
-4.08447e-07
1.12685e-06
-3.83403e-07
1.11009e-06
-3.58938e-07
1.09307e-06
-3.34923e-07
1.07583e-06
-3.11433e-07
1.05838e-06
-2.88679e-07
1.04075e-06
-2.66918e-07
1.02299e-06
-2.46341e-07
1.00518e-06
-2.27003e-07
9.87423e-07
-2.08789e-07
9.69801e-07
-1.91434e-07
9.52383e-07
-1.78664e-08
3.95381e-07
8.8877e-10
1.12504e-08
-7.70228e-08
1.14078e-06
-1.52064e-07
1.12556e-06
-2.24559e-07
1.11506e-06
-2.9395e-07
1.10881e-06
-3.59672e-07
1.10634e-06
-4.21137e-07
1.10721e-06
-4.77738e-07
1.11098e-06
-5.28853e-07
1.11718e-06
-5.73861e-07
1.12535e-06
-6.12172e-07
1.13497e-06
-6.43261e-07
1.14552e-06
-6.66716e-07
1.15645e-06
-6.82287e-07
1.16718e-06
-6.89941e-07
1.17715e-06
-6.89903e-07
1.18582e-06
-6.82682e-07
1.19272e-06
-6.69067e-07
1.19743e-06
-6.50098e-07
1.19968e-06
-6.26982e-07
1.19929e-06
-6.00995e-07
1.19625e-06
-5.73359e-07
1.19067e-06
-5.45129e-07
1.18277e-06
-5.17118e-07
1.17283e-06
-4.8986e-07
1.16119e-06
-4.63631e-07
1.14818e-06
-4.38498e-07
1.13408e-06
-4.14388e-07
1.11917e-06
-3.91165e-07
1.10363e-06
-3.68685e-07
1.08761e-06
-3.46841e-07
1.07123e-06
-3.25579e-07
1.05457e-06
-3.049e-07
1.0377e-06
-2.8484e-07
1.02069e-06
-2.6544e-07
1.00359e-06
-2.46728e-07
9.86471e-07
-2.28692e-07
9.69387e-07
-2.11285e-07
9.52394e-07
-1.94418e-07
9.35529e-07
-1.72273e-08
3.81525e-07
8.4993e-10
1.07852e-08
-6.65791e-08
1.20736e-06
-1.31356e-07
1.19034e-06
-1.93769e-07
1.17748e-06
-2.53287e-07
1.16833e-06
-3.09396e-07
1.16245e-06
-3.61597e-07
1.15941e-06
-4.09405e-07
1.15879e-06
-4.52362e-07
1.16014e-06
-4.90044e-07
1.16303e-06
-5.22086e-07
1.16701e-06
-5.48206e-07
1.17164e-06
-5.68225e-07
1.17646e-06
-5.821e-07
1.18105e-06
-5.89938e-07
1.18499e-06
-5.92015e-07
1.1879e-06
-5.88769e-07
1.18947e-06
-5.80789e-07
1.18945e-06
-5.68782e-07
1.18767e-06
-5.53522e-07
1.18403e-06
-5.35801e-07
1.17853e-06
-5.16369e-07
1.17124e-06
-4.95883e-07
1.16228e-06
-4.74881e-07
1.15183e-06
-4.5376e-07
1.14007e-06
-4.32791e-07
1.12721e-06
-4.12133e-07
1.11343e-06
-3.91866e-07
1.0989e-06
-3.72014e-07
1.08377e-06
-3.5258e-07
1.06817e-06
-3.33556e-07
1.0522e-06
-3.14939e-07
1.03595e-06
-2.96732e-07
1.0195e-06
-2.78943e-07
1.0029e-06
-2.61575e-07
9.86224e-07
-2.44623e-07
9.6952e-07
-2.2807e-07
9.52833e-07
-2.1188e-07
9.36204e-07
-1.95988e-07
9.19651e-07
-1.65707e-08
3.67342e-07
8.13221e-10
1.03429e-08
-5.74832e-08
1.26484e-06
-1.13361e-07
1.24621e-06
-1.6711e-07
1.23122e-06
-2.18249e-07
1.21946e-06
-2.6633e-07
1.21053e-06
-3.10941e-07
1.20402e-06
-3.51703e-07
1.19955e-06
-3.88281e-07
1.19672e-06
-4.20389e-07
1.19514e-06
-4.47806e-07
1.19443e-06
-4.70387e-07
1.19422e-06
-4.88076e-07
1.19415e-06
-5.00916e-07
1.19389e-06
-5.09056e-07
1.19313e-06
-5.12749e-07
1.19159e-06
-5.12347e-07
1.18907e-06
-5.0828e-07
1.18539e-06
-5.0104e-07
1.18043e-06
-4.91148e-07
1.17414e-06
-4.79125e-07
1.16651e-06
-4.65464e-07
1.15758e-06
-4.50606e-07
1.14742e-06
-4.34927e-07
1.13615e-06
-4.18728e-07
1.12387e-06
-4.02242e-07
1.11072e-06
-3.85634e-07
1.09682e-06
-3.69023e-07
1.08229e-06
-3.52488e-07
1.06724e-06
-3.36081e-07
1.05177e-06
-3.19838e-07
1.03596e-06
-3.03785e-07
1.0199e-06
-2.87943e-07
1.00365e-06
-2.72326e-07
9.87284e-07
-2.56945e-07
9.70843e-07
-2.41807e-07
9.54381e-07
-2.26912e-07
9.37939e-07
-2.12259e-07
9.21552e-07
-1.97829e-07
9.05237e-07
-1.58994e-08
3.53486e-07
7.78776e-10
9.92371e-09
-4.96575e-08
1.3145e-06
-9.79053e-08
1.29446e-06
-1.44276e-07
1.2776e-06
-1.88348e-07
1.26354e-06
-2.29742e-07
1.25192e-06
-2.68121e-07
1.2424e-06
-3.03192e-07
1.23462e-06
-3.34708e-07
1.22823e-06
-3.62477e-07
1.22291e-06
-3.86364e-07
1.21832e-06
-4.06303e-07
1.21416e-06
-4.22294e-07
1.21015e-06
-4.34413e-07
1.20601e-06
-4.42805e-07
1.20152e-06
-4.47685e-07
1.19647e-06
-4.49325e-07
1.19071e-06
-4.48045e-07
1.18411e-06
-4.44194e-07
1.17658e-06
-4.38137e-07
1.16808e-06
-4.30233e-07
1.1586e-06
-4.20825e-07
1.14817e-06
-4.10222e-07
1.13682e-06
-3.98698e-07
1.12462e-06
-3.8648e-07
1.11165e-06
-3.73758e-07
1.098e-06
-3.60677e-07
1.08374e-06
-3.47353e-07
1.06897e-06
-3.33874e-07
1.05376e-06
-3.20304e-07
1.0382e-06
-3.06694e-07
1.02235e-06
-2.93082e-07
1.00629e-06
-2.79499e-07
9.90071e-07
-2.65969e-07
9.73754e-07
-2.52514e-07
9.57388e-07
-2.39153e-07
9.4102e-07
-2.25904e-07
9.24689e-07
-2.12785e-07
9.08433e-07
-1.99796e-07
8.92266e-07
-1.522e-08
3.39377e-07
7.46237e-10
9.52752e-09
-4.29774e-08
1.35748e-06
-8.47295e-08
1.33621e-06
-1.2485e-07
1.31772e-06
-1.62979e-07
1.30167e-06
-1.98799e-07
1.28774e-06
-2.32037e-07
1.27564e-06
-2.62466e-07
1.26505e-06
-2.89904e-07
1.25567e-06
-3.14218e-07
1.24722e-06
-3.35329e-07
1.23943e-06
-3.53209e-07
1.23204e-06
-3.67884e-07
1.22482e-06
-3.79436e-07
1.21756e-06
-3.87993e-07
1.21008e-06
-3.9373e-07
1.20221e-06
-3.96859e-07
1.19384e-06
-3.97618e-07
1.18487e-06
-3.96264e-07
1.17523e-06
-3.93058e-07
1.16488e-06
-3.8826e-07
1.15381e-06
-3.82115e-07
1.14202e-06
-3.74849e-07
1.12955e-06
-3.66663e-07
1.11644e-06
-3.5773e-07
1.10272e-06
-3.48198e-07
1.08846e-06
-3.38186e-07
1.07373e-06
-3.27792e-07
1.05857e-06
-3.17092e-07
1.04306e-06
-3.06146e-07
1.02725e-06
-2.95001e-07
1.01121e-06
-2.83694e-07
9.94981e-07
-2.72253e-07
9.78631e-07
-2.60706e-07
9.62207e-07
-2.49075e-07
9.45758e-07
-2.37385e-07
9.2933e-07
-2.25662e-07
9.12966e-07
-2.13934e-07
8.96705e-07
-2.02212e-07
8.80565e-07
-1.45406e-08
3.25215e-07
7.15029e-10
9.15658e-09
-3.73002e-08
1.39478e-06
-7.3542e-08
1.37246e-06
-1.0838e-07
1.35255e-06
-1.4151e-07
1.3348e-06
-1.72671e-07
1.31891e-06
-2.01643e-07
1.30461e-06
-2.28248e-07
1.29165e-06
-2.52352e-07
1.27977e-06
-2.73861e-07
1.26873e-06
-2.92727e-07
1.2583e-06
-3.08944e-07
1.24826e-06
-3.22549e-07
1.23843e-06
-3.33616e-07
1.22863e-06
-3.42256e-07
1.21872e-06
-3.4861e-07
1.20857e-06
-3.52843e-07
1.19807e-06
-3.55136e-07
1.18716e-06
-3.55682e-07
1.17577e-06
-3.54677e-07
1.16387e-06
-3.52311e-07
1.15144e-06
-3.48767e-07
1.13848e-06
-3.44211e-07
1.125e-06
-3.38796e-07
1.11102e-06
-3.32652e-07
1.09658e-06
-3.25891e-07
1.0817e-06
-3.18605e-07
1.06644e-06
-3.10869e-07
1.05084e-06
-3.0274e-07
1.03493e-06
-2.94261e-07
1.01877e-06
-2.85463e-07
1.00241e-06
-2.7637e-07
9.85888e-07
-2.66997e-07
9.69258e-07
-2.57357e-07
9.52567e-07
-2.47464e-07
9.35865e-07
-2.37334e-07
9.192e-07
-2.26988e-07
9.0262e-07
-2.16453e-07
8.8617e-07
-2.05738e-07
8.69875e-07
-1.38693e-08
3.10653e-07
6.84549e-10
8.81627e-09
-3.24824e-08
1.42726e-06
-6.40541e-08
1.40403e-06
-9.44248e-08
1.38292e-06
-1.23342e-07
1.36371e-06
-1.50593e-07
1.34616e-06
-1.75999e-07
1.33002e-06
-1.99421e-07
1.31508e-06
-2.20759e-07
1.30111e-06
-2.39947e-07
1.28792e-06
-2.56956e-07
1.2753e-06
-2.71791e-07
1.26309e-06
-2.8449e-07
1.25112e-06
-2.95121e-07
1.23926e-06
-3.03776e-07
1.22737e-06
-3.10569e-07
1.21536e-06
-3.15633e-07
1.20314e-06
-3.19109e-07
1.19064e-06
-3.21145e-07
1.17781e-06
-3.21892e-07
1.16462e-06
-3.21497e-07
1.15105e-06
-3.20098e-07
1.13708e-06
-3.17823e-07
1.12272e-06
-3.14788e-07
1.10799e-06
-3.11092e-07
1.09288e-06
-3.06821e-07
1.07743e-06
-3.02041e-07
1.06166e-06
-2.96804e-07
1.0456e-06
-2.91145e-07
1.02927e-06
-2.85085e-07
1.01271e-06
-2.78632e-07
9.95956e-07
-2.71782e-07
9.79038e-07
-2.64522e-07
9.61998e-07
-2.56835e-07
9.4488e-07
-2.48703e-07
9.27733e-07
-2.40113e-07
9.1061e-07
-2.31066e-07
8.93573e-07
-2.21585e-07
8.76689e-07
-2.11692e-07
8.60012e-07
-1.32143e-08
2.9555e-07
6.5429e-10
8.51519e-09
-2.83898e-08
1.45565e-06
-5.59972e-08
1.43163e-06
-8.25813e-08
1.40951e-06
-1.07935e-07
1.38907e-06
-1.31882e-07
1.3701e-06
-1.54283e-07
1.35242e-06
-1.75028e-07
1.33582e-06
-1.9404e-07
1.32012e-06
-2.11274e-07
1.30515e-06
-2.26712e-07
1.29074e-06
-2.40366e-07
1.27675e-06
-2.52274e-07
1.26303e-06
-2.62494e-07
1.24948e-06
-2.71105e-07
1.23598e-06
-2.78203e-07
1.22246e-06
-2.83894e-07
1.20883e-06
-2.88293e-07
1.19504e-06
-2.91521e-07
1.18104e-06
-2.93696e-07
1.16679e-06
-2.94937e-07
1.15229e-06
-2.95354e-07
1.1375e-06
-2.95051e-07
1.12242e-06
-2.94121e-07
1.10706e-06
-2.92643e-07
1.0914e-06
-2.90685e-07
1.07547e-06
-2.88296e-07
1.05927e-06
-2.85512e-07
1.04281e-06
-2.82349e-07
1.02611e-06
-2.78808e-07
1.00917e-06
-2.74869e-07
9.92017e-07
-2.70494e-07
9.74663e-07
-2.65626e-07
9.5713e-07
-2.60192e-07
9.39446e-07
-2.54102e-07
9.21643e-07
-2.47257e-07
9.03766e-07
-2.39558e-07
8.85873e-07
-2.30912e-07
8.68044e-07
-2.21216e-07
8.50352e-07
-1.25848e-08
2.78668e-07
6.23124e-10
8.26446e-09
-2.49019e-08
1.48055e-06
-4.91318e-08
1.45586e-06
-7.24915e-08
1.43287e-06
-9.48114e-08
1.41139e-06
-1.1595e-07
1.39124e-06
-1.35795e-07
1.37226e-06
-1.5426e-07
1.35429e-06
-1.71288e-07
1.33715e-06
-1.86846e-07
1.32071e-06
-2.00927e-07
1.30482e-06
-2.13545e-07
1.28937e-06
-2.24737e-07
1.27422e-06
-2.34554e-07
1.2593e-06
-2.43065e-07
1.24449e-06
-2.50352e-07
1.22974e-06
-2.56504e-07
1.21498e-06
-2.61619e-07
1.20015e-06
-2.65797e-07
1.18521e-06
-2.6914e-07
1.17014e-06
-2.71748e-07
1.15489e-06
-2.73718e-07
1.13947e-06
-2.75139e-07
1.12384e-06
-2.76093e-07
1.10801e-06
-2.76655e-07
1.09197e-06
-2.76884e-07
1.0757e-06
-2.7683e-07
1.05922e-06
-2.76525e-07
1.04251e-06
-2.75983e-07
1.02557e-06
-2.75198e-07
1.00839e-06
-2.74141e-07
9.9096e-07
-2.72752e-07
9.73273e-07
-2.70938e-07
9.55316e-07
-2.68567e-07
9.37075e-07
-2.65463e-07
9.18539e-07
-2.61398e-07
8.997e-07
-2.56087e-07
8.80562e-07
-2.49189e-07
8.61146e-07
-2.40252e-07
8.41465e-07
-1.19823e-08
2.5922e-07
5.90217e-10
8.08272e-09
-2.19139e-08
1.50246e-06
-4.32501e-08
1.4772e-06
-6.38468e-08
1.45346e-06
-8.3566e-08
1.43111e-06
-1.02294e-07
1.40997e-06
-1.1994e-07
1.38991e-06
-1.3644e-07
1.37079e-06
-1.51748e-07
1.35246e-06
-1.65843e-07
1.33481e-06
-1.78724e-07
1.3177e-06
-1.90407e-07
1.30105e-06
-2.00927e-07
1.28474e-06
-2.1033e-07
1.2687e-06
-2.18679e-07
1.25284e-06
-2.26044e-07
1.23711e-06
-2.32505e-07
1.22144e-06
-2.38147e-07
1.20579e-06
-2.43058e-07
1.19013e-06
-2.47331e-07
1.17441e-06
-2.51055e-07
1.15862e-06
-2.54322e-07
1.14273e-06
-2.57219e-07
1.12674e-06
-2.59828e-07
1.11062e-06
-2.62228e-07
1.09437e-06
-2.64491e-07
1.07797e-06
-2.66678e-07
1.06141e-06
-2.68843e-07
1.04467e-06
-2.71026e-07
1.02775e-06
-2.7325e-07
1.01061e-06
-2.75518e-07
9.93227e-07
-2.77804e-07
9.75559e-07
-2.80043e-07
9.57555e-07
-2.82122e-07
9.39154e-07
-2.8386e-07
9.20276e-07
-2.84985e-07
9.00825e-07
-2.85105e-07
8.80683e-07
-2.83673e-07
8.59713e-07
-2.79849e-07
8.37714e-07
-1.13998e-08
2.3725e-07
5.57091e-10
7.99456e-09
-1.93365e-08
1.5218e-06
-3.81756e-08
1.49604e-06
-5.63857e-08
1.47168e-06
-7.38551e-08
1.44857e-06
-9.04925e-08
1.42661e-06
-1.06227e-07
1.40565e-06
-1.21006e-07
1.38557e-06
-1.34799e-07
1.36625e-06
-1.47591e-07
1.3476e-06
-1.59384e-07
1.3295e-06
-1.70198e-07
1.31186e-06
-1.80063e-07
1.29461e-06
-1.89025e-07
1.27766e-06
-1.97138e-07
1.26096e-06
-2.04466e-07
1.24444e-06
-2.11081e-07
1.22806e-06
-2.1706e-07
1.21177e-06
-2.22485e-07
1.19555e-06
-2.2744e-07
1.17936e-06
-2.32012e-07
1.16319e-06
-2.36291e-07
1.14701e-06
-2.40366e-07
1.13081e-06
-2.44327e-07
1.11458e-06
-2.48266e-07
1.0983e-06
-2.52273e-07
1.08197e-06
-2.5644e-07
1.06557e-06
-2.60859e-07
1.04909e-06
-2.65623e-07
1.03251e-06
-2.70823e-07
1.01581e-06
-2.76551e-07
9.98955e-07
-2.82892e-07
9.819e-07
-2.89925e-07
9.64588e-07
-2.97712e-07
9.46941e-07
-3.06286e-07
9.2885e-07
-3.15631e-07
9.10171e-07
-3.25653e-07
8.90705e-07
-3.36126e-07
8.70186e-07
-3.4647e-07
8.48183e-07
-1.08361e-08
2.16218e-07
5.30131e-10
8.01291e-09
-1.70948e-08
1.5389e-06
-3.37604e-08
1.51271e-06
-4.98901e-08
1.4878e-06
-6.53937e-08
1.46408e-06
-8.01977e-08
1.44141e-06
-9.4246e-08
1.41969e-06
-1.07499e-07
1.39882e-06
-1.19933e-07
1.37869e-06
-1.31539e-07
1.3592e-06
-1.42323e-07
1.34028e-06
-1.52303e-07
1.32184e-06
-1.61511e-07
1.30382e-06
-1.69986e-07
1.28614e-06
-1.77778e-07
1.26875e-06
-1.84946e-07
1.2516e-06
-1.91554e-07
1.23466e-06
-1.97673e-07
1.21789e-06
-2.03377e-07
1.20125e-06
-2.08747e-07
1.18473e-06
-2.13866e-07
1.16831e-06
-2.1882e-07
1.15197e-06
-2.23702e-07
1.13569e-06
-2.28606e-07
1.11948e-06
-2.33635e-07
1.10333e-06
-2.38896e-07
1.08723e-06
-2.44506e-07
1.07118e-06
-2.50596e-07
1.05518e-06
-2.57309e-07
1.03923e-06
-2.64811e-07
1.02331e-06
-2.73293e-07
1.00744e-06
-2.82982e-07
9.91589e-07
-2.9415e-07
9.75756e-07
-3.07127e-07
9.59918e-07
-3.22322e-07
9.44045e-07
-3.40246e-07
9.28094e-07
-3.61542e-07
9.12002e-07
-3.87033e-07
8.95677e-07
-4.17507e-07
8.78886e-07
-1.03372e-08
2.02806e-07
5.18584e-10
8.10024e-09
-1.51272e-08
1.55402e-06
-2.98832e-08
1.52746e-06
-4.41812e-08
1.5021e-06
-5.79481e-08
1.47785e-06
-7.11251e-08
1.45459e-06
-8.36673e-08
1.43224e-06
-9.55441e-08
1.4107e-06
-1.06738e-07
1.38988e-06
-1.17244e-07
1.36971e-06
-1.2707e-07
1.35011e-06
-1.36234e-07
1.33101e-06
-1.44764e-07
1.31234e-06
-1.52696e-07
1.29407e-06
-1.60075e-07
1.27613e-06
-1.66954e-07
1.25848e-06
-1.7339e-07
1.2411e-06
-1.79445e-07
1.22395e-06
-1.85188e-07
1.207e-06
-1.90691e-07
1.19024e-06
-1.9603e-07
1.17365e-06
-2.01287e-07
1.15722e-06
-2.06546e-07
1.14095e-06
-2.119e-07
1.12484e-06
-2.17447e-07
1.10888e-06
-2.23295e-07
1.09308e-06
-2.29563e-07
1.07745e-06
-2.36387e-07
1.06201e-06
-2.43922e-07
1.04676e-06
-2.5235e-07
1.03174e-06
-2.61891e-07
1.01698e-06
-2.72811e-07
1.00251e-06
-2.85441e-07
9.88386e-07
-3.00199e-07
9.74676e-07
-3.17621e-07
9.61467e-07
-3.38405e-07
9.48877e-07
-3.63469e-07
9.37066e-07
-3.94042e-07
9.2625e-07
-4.31338e-07
9.16561e-07
-1.00383e-08
1.94324e-07
5.17444e-10
8.14033e-09
-1.33837e-08
1.56741e-06
-2.64455e-08
1.54052e-06
-3.91144e-08
1.51477e-06
-5.13306e-08
1.49006e-06
-6.30464e-08
1.4663e-06
-7.4226e-08
1.44342e-06
-8.48449e-08
1.42132e-06
-9.48903e-08
1.39993e-06
-1.0436e-07
1.37918e-06
-1.13261e-07
1.35901e-06
-1.2161e-07
1.33936e-06
-1.29432e-07
1.32017e-06
-1.36761e-07
1.3014e-06
-1.43634e-07
1.283e-06
-1.50096e-07
1.26495e-06
-1.56198e-07
1.2472e-06
-1.61995e-07
1.22974e-06
-1.67543e-07
1.21255e-06
-1.72906e-07
1.1956e-06
-1.78147e-07
1.17889e-06
-1.83337e-07
1.16241e-06
-1.88545e-07
1.14616e-06
-1.93848e-07
1.13014e-06
-1.99326e-07
1.11436e-06
-2.05063e-07
1.09882e-06
-2.11151e-07
1.08354e-06
-2.17692e-07
1.06855e-06
-2.24795e-07
1.05387e-06
-2.32584e-07
1.03953e-06
-2.412e-07
1.02559e-06
-2.50803e-07
1.01211e-06
-2.61578e-07
9.99161e-07
-2.73738e-07
9.86836e-07
-2.87529e-07
9.75258e-07
-3.03234e-07
9.64582e-07
-3.2117e-07
9.55002e-07
-3.41686e-07
9.46766e-07
-3.64581e-07
9.39928e-07
-1.00438e-08
1.82536e-07
5.06354e-10
8.04258e-09
-1.18247e-08
1.57923e-06
-2.33694e-08
1.55207e-06
-3.45752e-08
1.52598e-06
-4.53926e-08
1.50088e-06
-5.57824e-08
1.47669e-06
-6.57149e-08
1.45335e-06
-7.51705e-08
1.43077e-06
-8.41388e-08
1.40889e-06
-9.26183e-08
1.38766e-06
-1.00616e-07
1.36701e-06
-1.08146e-07
1.34689e-06
-1.1523e-07
1.32725e-06
-1.21896e-07
1.30806e-06
-1.28175e-07
1.28928e-06
-1.34107e-07
1.27088e-06
-1.39732e-07
1.25283e-06
-1.45095e-07
1.2351e-06
-1.50244e-07
1.21769e-06
-1.55227e-07
1.20058e-06
-1.60097e-07
1.18376e-06
-1.64904e-07
1.16722e-06
-1.69702e-07
1.15096e-06
-1.74542e-07
1.13498e-06
-1.79476e-07
1.11929e-06
-1.84555e-07
1.1039e-06
-1.89828e-07
1.08881e-06
-1.95339e-07
1.07406e-06
-2.01129e-07
1.05966e-06
-2.07232e-07
1.04563e-06
-2.13671e-07
1.03203e-06
-2.20453e-07
1.01889e-06
-2.27562e-07
1.00627e-06
-2.34949e-07
9.94222e-07
-2.42511e-07
9.82821e-07
-2.50073e-07
9.72144e-07
-2.57348e-07
9.62277e-07
-2.63892e-07
9.5331e-07
-2.68509e-07
9.44985e-07
-1.02678e-08
1.69515e-07
4.7879e-10
7.87216e-09
-1.04192e-08
1.58965e-06
-2.05941e-08
1.56224e-06
-3.04749e-08
1.53586e-06
-4.00198e-08
1.51042e-06
-4.91953e-08
1.48587e-06
-5.79765e-08
1.46213e-06
-6.63463e-08
1.43914e-06
-7.42958e-08
1.41684e-06
-8.18234e-08
1.39519e-06
-8.89343e-08
1.37412e-06
-9.56401e-08
1.35359e-06
-1.01958e-07
1.33357e-06
-1.07911e-07
1.31401e-06
-1.13525e-07
1.29489e-06
-1.1883e-07
1.27618e-06
-1.2386e-07
1.25786e-06
-1.2865e-07
1.23989e-06
-1.33236e-07
1.22228e-06
-1.37656e-07
1.205e-06
-1.41947e-07
1.18805e-06
-1.46146e-07
1.17142e-06
-1.50285e-07
1.1551e-06
-1.54395e-07
1.13909e-06
-1.58503e-07
1.1234e-06
-1.62627e-07
1.10802e-06
-1.66777e-07
1.09296e-06
-1.70955e-07
1.07824e-06
-1.75144e-07
1.06384e-06
-1.79311e-07
1.0498e-06
-1.834e-07
1.03612e-06
-1.87323e-07
1.02282e-06
-1.90953e-07
1.0099e-06
-1.94116e-07
9.97385e-07
-1.96573e-07
9.85278e-07
-1.9801e-07
9.73581e-07
-1.98014e-07
9.62282e-07
-1.96057e-07
9.51352e-07
-1.91085e-07
9.40358e-07
-1.05574e-08
1.60623e-07
4.43719e-10
7.75757e-09
-9.14383e-09
1.59879e-06
-1.80739e-08
1.57117e-06
-2.67469e-08
1.54453e-06
-3.51264e-08
1.5188e-06
-4.31831e-08
1.49393e-06
-5.08946e-08
1.46984e-06
-5.82456e-08
1.44649e-06
-6.52273e-08
1.42383e-06
-7.1837e-08
1.4018e-06
-7.80778e-08
1.38036e-06
-8.39582e-08
1.35947e-06
-8.94911e-08
1.3391e-06
-9.46939e-08
1.31922e-06
-9.95871e-08
1.29979e-06
-1.04194e-07
1.28079e-06
-1.08541e-07
1.2622e-06
-1.12654e-07
1.24401e-06
-1.16562e-07
1.22619e-06
-1.20292e-07
1.20873e-06
-1.23871e-07
1.19163e-06
-1.27322e-07
1.17487e-06
-1.30667e-07
1.15844e-06
-1.33923e-07
1.14235e-06
-1.37099e-07
1.12657e-06
-1.40197e-07
1.11112e-06
-1.43208e-07
1.09598e-06
-1.4611e-07
1.08114e-06
-1.48867e-07
1.0666e-06
-1.51421e-07
1.05236e-06
-1.53695e-07
1.0384e-06
-1.55582e-07
1.0247e-06
-1.56947e-07
1.01127e-06
-1.57621e-07
9.9806e-07
-1.574e-07
9.85057e-07
-1.56039e-07
9.72219e-07
-1.53257e-07
9.595e-07
-1.4874e-07
9.46836e-07
-1.41894e-07
9.33767e-07
-1.0844e-08
1.57207e-07
4.07888e-10
7.76386e-09
-7.98133e-09
1.60678e-06
-1.57751e-08
1.57897e-06
-2.33424e-08
1.5521e-06
-3.06505e-08
1.52611e-06
-3.76725e-08
1.50095e-06
-4.43876e-08
1.47656e-06
-5.07809e-08
1.45288e-06
-5.68427e-08
1.42989e-06
-6.2569e-08
1.40752e-06
-6.79602e-08
1.38575e-06
-7.30212e-08
1.36453e-06
-7.7761e-08
1.34384e-06
-8.21919e-08
1.32365e-06
-8.6329e-08
1.30392e-06
-9.019e-08
1.28465e-06
-9.37944e-08
1.26581e-06
-9.71627e-08
1.24738e-06
-1.00316e-07
1.22934e-06
-1.03276e-07
1.21169e-06
-1.06063e-07
1.19442e-06
-1.08696e-07
1.1775e-06
-1.11189e-07
1.16094e-06
-1.13556e-07
1.14471e-06
-1.15803e-07
1.12882e-06
-1.17929e-07
1.11325e-06
-1.19927e-07
1.09797e-06
-1.21777e-07
1.08299e-06
-1.2345e-07
1.06827e-06
-1.249e-07
1.05381e-06
-1.26069e-07
1.03956e-06
-1.26879e-07
1.02551e-06
-1.27237e-07
1.01162e-06
-1.27034e-07
9.97856e-07
-1.26143e-07
9.84166e-07
-1.2443e-07
9.70506e-07
-1.21755e-07
9.56825e-07
-1.17984e-07
9.43064e-07
-1.1283e-07
9.28806e-07
-1.11275e-08
1.58443e-07
3.72455e-10
7.89767e-09
-6.91952e-09
1.6137e-06
-1.3674e-08
1.58572e-06
-2.02275e-08
1.55865e-06
-2.65494e-08
1.53243e-06
-3.26142e-08
1.50701e-06
-3.84016e-08
1.48234e-06
-4.3896e-08
1.45838e-06
-4.90868e-08
1.43508e-06
-5.39676e-08
1.4124e-06
-5.85361e-08
1.39032e-06
-6.27936e-08
1.36879e-06
-6.67449e-08
1.34779e-06
-7.03976e-08
1.3273e-06
-7.37619e-08
1.30729e-06
-7.68504e-08
1.28774e-06
-7.96774e-08
1.26863e-06
-8.22586e-08
1.24996e-06
-8.4611e-08
1.23169e-06
-8.67522e-08
1.21383e-06
-8.87002e-08
1.19636e-06
-9.04725e-08
1.17927e-06
-9.20861e-08
1.16255e-06
-9.35568e-08
1.14619e-06
-9.48978e-08
1.13016e-06
-9.61198e-08
1.11447e-06
-9.72291e-08
1.09908e-06
-9.82275e-08
1.08399e-06
-9.911e-08
1.06916e-06
-9.98646e-08
1.05456e-06
-1.00471e-07
1.04017e-06
-1.00899e-07
1.02594e-06
-1.01111e-07
1.01184e-06
-1.01058e-07
9.97803e-07
-1.00687e-07
9.83794e-07
-9.99376e-08
9.69757e-07
-9.87528e-08
9.5564e-07
-9.70813e-08
9.41393e-07
-9.47813e-08
9.26651e-07
-1.14274e-08
1.63568e-07
3.36933e-10
8.14755e-09
-5.95014e-09
1.61965e-06
-1.17548e-08
1.59153e-06
-1.73798e-08
1.56428e-06
-2.27956e-08
1.53785e-06
-2.79772e-08
1.51219e-06
-3.2904e-08
1.48727e-06
-3.75595e-08
1.46303e-06
-4.19313e-08
1.43945e-06
-4.60106e-08
1.41648e-06
-4.97918e-08
1.3941e-06
-5.32727e-08
1.37227e-06
-5.64538e-08
1.35097e-06
-5.93382e-08
1.33018e-06
-6.19312e-08
1.30988e-06
-6.42405e-08
1.29005e-06
-6.62757e-08
1.27067e-06
-6.80481e-08
1.25173e-06
-6.95711e-08
1.23322e-06
-7.08599e-08
1.21512e-06
-7.19314e-08
1.19744e-06
-7.28047e-08
1.18015e-06
-7.35008e-08
1.16325e-06
-7.40428e-08
1.14673e-06
-7.4456e-08
1.13058e-06
-7.47681e-08
1.11478e-06
-7.50084e-08
1.09932e-06
-7.52079e-08
1.08419e-06
-7.53984e-08
1.06935e-06
-7.56116e-08
1.05478e-06
-7.58771e-08
1.04044e-06
-7.62214e-08
1.02629e-06
-7.66649e-08
1.01228e-06
-7.72201e-08
9.98358e-07
-7.78894e-08
9.84464e-07
-7.86639e-08
9.70532e-07
-7.95235e-08
9.565e-07
-8.04385e-08
9.42308e-07
-8.1318e-08
9.27637e-07
-1.17593e-08
1.72557e-07
3.01514e-10
8.50214e-09
-5.06789e-09
1.62471e-06
-1.00074e-08
1.59647e-06
-1.47853e-08
1.56905e-06
-1.93725e-08
1.54244e-06
-2.3744e-08
1.51657e-06
-2.78784e-08
1.4914e-06
-3.17578e-08
1.46691e-06
-3.53679e-08
1.44306e-06
-3.86972e-08
1.41981e-06
-4.17368e-08
1.39714e-06
-4.44807e-08
1.37502e-06
-4.6925e-08
1.35342e-06
-4.9068e-08
1.33233e-06
-5.091e-08
1.31172e-06
-5.24532e-08
1.29159e-06
-5.37021e-08
1.27192e-06
-5.46628e-08
1.25269e-06
-5.53442e-08
1.2339e-06
-5.57576e-08
1.21554e-06
-5.59176e-08
1.1976e-06
-5.58427e-08
1.18007e-06
-5.55562e-08
1.16296e-06
-5.50867e-08
1.14626e-06
-5.447e-08
1.12996e-06
-5.37495e-08
1.11406e-06
-5.2978e-08
1.09855e-06
-5.22177e-08
1.08343e-06
-5.15417e-08
1.06867e-06
-5.10328e-08
1.05427e-06
-5.07827e-08
1.04019e-06
-5.08885e-08
1.02639e-06
-5.14484e-08
1.01284e-06
-5.2554e-08
9.99464e-07
-5.42819e-08
9.86191e-07
-5.66824e-08
9.72932e-07
-5.97695e-08
9.59587e-07
-6.35129e-08
9.46051e-07
-6.78222e-08
9.32019e-07
-1.21241e-08
1.86332e-07
2.68104e-10
8.95052e-09
-4.2694e-09
1.62898e-06
-8.42554e-09
1.60062e-06
-1.24357e-08
1.57307e-06
-1.62711e-08
1.54627e-06
-1.9906e-08
1.5202e-06
-2.33185e-08
1.49482e-06
-2.64891e-08
1.47009e-06
-2.94014e-08
1.44597e-06
-3.20411e-08
1.42245e-06
-3.43962e-08
1.39949e-06
-3.64566e-08
1.37708e-06
-3.8214e-08
1.35518e-06
-3.96616e-08
1.33378e-06
-4.0794e-08
1.31286e-06
-4.16075e-08
1.29241e-06
-4.20998e-08
1.27241e-06
-4.22703e-08
1.25286e-06
-4.21205e-08
1.23375e-06
-4.16547e-08
1.21507e-06
-4.08804e-08
1.19682e-06
-3.98097e-08
1.179e-06
-3.84607e-08
1.16161e-06
-3.68588e-08
1.14466e-06
-3.50398e-08
1.12814e-06
-3.30519e-08
1.11207e-06
-3.09592e-08
1.09646e-06
-2.88453e-08
1.08131e-06
-2.68168e-08
1.06664e-06
-2.50067e-08
1.05246e-06
-2.35772e-08
1.03876e-06
-2.27192e-08
1.02553e-06
-2.26495e-08
1.01277e-06
-2.36014e-08
1.00042e-06
-2.58076e-08
9.88398e-07
-2.94726e-08
9.76597e-07
-3.4734e-08
9.64848e-07
-4.16127e-08
9.5293e-07
-4.9984e-08
9.4043e-07
-1.24961e-08
2.07309e-07
2.49879e-10
9.46432e-09
-3.5524e-09
1.63254e-06
-7.00511e-09
1.60407e-06
-1.03259e-08
1.57639e-06
-1.34859e-08
1.54943e-06
-1.64595e-08
1.52317e-06
-1.92235e-08
1.49758e-06
-2.17574e-08
1.47262e-06
-2.40426e-08
1.44826e-06
-2.60627e-08
1.42447e-06
-2.78023e-08
1.40123e-06
-2.92476e-08
1.37852e-06
-3.0386e-08
1.35631e-06
-3.12054e-08
1.33459e-06
-3.16947e-08
1.31335e-06
-3.18431e-08
1.29255e-06
-3.16406e-08
1.27221e-06
-3.10778e-08
1.2523e-06
-3.0146e-08
1.23282e-06
-2.88379e-08
1.21376e-06
-2.71478e-08
1.19513e-06
-2.5073e-08
1.17693e-06
-2.26146e-08
1.15915e-06
-1.97798e-08
1.14182e-06
-1.65845e-08
1.12494e-06
-1.3057e-08
1.10854e-06
-9.24318e-09
1.09264e-06
-5.21301e-09
1.07728e-06
-1.06966e-09
1.0625e-06
3.03944e-09
1.04835e-06
6.90907e-09
1.03489e-06
1.02608e-08
1.02218e-06
1.27277e-08
1.0103e-06
1.38421e-08
9.99301e-07
1.30339e-08
9.89206e-07
9.64988e-09
9.79981e-07
3.01045e-09
9.71488e-07
-7.47276e-09
9.63413e-07
-2.21499e-08
9.55118e-07
-1.2741e-08
2.40011e-07
3.51195e-10
9.9168e-09
-2.9149e-09
1.63545e-06
-5.74247e-09
1.6069e-06
-8.45119e-09
1.57909e-06
-1.10126e-08
1.55199e-06
-1.34009e-08
1.52556e-06
-1.55927e-08
1.49977e-06
-1.75664e-08
1.47459e-06
-1.9302e-08
1.44999e-06
-2.07811e-08
1.42595e-06
-2.19858e-08
1.40244e-06
-2.28992e-08
1.37943e-06
-2.35046e-08
1.35692e-06
-2.37854e-08
1.33488e-06
-2.37249e-08
1.31329e-06
-2.33057e-08
1.29214e-06
-2.25099e-08
1.27141e-06
-2.13183e-08
1.25111e-06
-1.97109e-08
1.23121e-06
-1.76658e-08
1.21172e-06
-1.51599e-08
1.19263e-06
-1.21683e-08
1.17394e-06
-8.6648e-09
1.15565e-06
-4.62229e-09
1.13778e-06
-1.37204e-11
1.12034e-06
5.18591e-09
1.10334e-06
1.09961e-08
1.08683e-06
1.74252e-08
1.07085e-06
2.44607e-08
1.05546e-06
3.20539e-08
1.04075e-06
4.00956e-08
1.02684e-06
4.8379e-08
1.0139e-06
5.65441e-08
1.00214e-06
6.39977e-08
9.91848e-07
6.98042e-08
9.83399e-07
7.25489e-08
9.77237e-07
7.0191e-08
9.73845e-07
5.99636e-08
9.73641e-07
3.84038e-08
9.76678e-07
-1.19204e-08
3.04859e-07
1.62096e-09
9.48157e-09
-2.35446e-09
1.6378e-06
-4.63308e-09
1.60918e-06
-6.80551e-09
1.58127e-06
-8.84417e-09
1.55403e-06
-1.07238e-08
1.52744e-06
-1.2421e-08
1.50147e-06
-1.39141e-08
1.47609e-06
-1.51824e-08
1.45126e-06
-1.62061e-08
1.42697e-06
-1.69659e-08
1.4032e-06
-1.74427e-08
1.37991e-06
-1.76171e-08
1.35709e-06
-1.74692e-08
1.33473e-06
-1.6978e-08
1.31279e-06
-1.61213e-08
1.29128e-06
-1.48748e-08
1.27017e-06
-1.32117e-08
1.24944e-06
-1.1102e-08
1.2291e-06
-8.5117e-09
1.20913e-06
-5.40148e-09
1.18952e-06
-1.72546e-09
1.17026e-06
2.57059e-09
1.15135e-06
7.55154e-09
1.1328e-06
1.32958e-08
1.11459e-06
1.98991e-08
1.09674e-06
2.74788e-08
1.07925e-06
3.61795e-08
1.06215e-06
4.61792e-08
1.04546e-06
5.76939e-08
1.02924e-06
7.09799e-08
1.01356e-06
8.63254e-08
9.98554e-07
1.04021e-07
9.84442e-07
1.24279e-07
9.7159e-07
1.4706e-07
9.60619e-07
1.71699e-07
9.52598e-07
1.96167e-07
9.49377e-07
2.15634e-07
9.54174e-07
2.19728e-07
9.72584e-07
-1.30017e-09
5.08958e-07
5.10261e-10
3.2683e-10
-1.86763e-09
1.63967e-06
-3.67029e-09
1.61098e-06
-5.37946e-09
1.58298e-06
-6.96912e-09
1.55562e-06
-8.41522e-09
1.52889e-06
-9.69529e-09
1.50275e-06
-1.07881e-08
1.47718e-06
-1.16733e-08
1.45215e-06
-1.2331e-08
1.42763e-06
-1.27414e-08
1.40361e-06
-1.28848e-08
1.38005e-06
-1.27407e-08
1.35695e-06
-1.22878e-08
1.33427e-06
-1.15035e-08
1.31201e-06
-1.03634e-08
1.29014e-06
-8.84052e-09
1.26864e-06
-6.90494e-09
1.24751e-06
-4.52266e-09
1.22672e-06
-1.65451e-09
1.20626e-06
1.74531e-09
1.18612e-06
5.73131e-09
1.16627e-06
1.03694e-08
1.14672e-06
1.57408e-08
1.12743e-06
2.19473e-08
1.10839e-06
2.91191e-08
1.08957e-06
3.74264e-08
1.07095e-06
4.70962e-08
1.05248e-06
5.84399e-08
1.03412e-06
7.18945e-08
1.01578e-06
8.80917e-08
9.97362e-07
1.0797e-07
9.78675e-07
1.32964e-07
9.59448e-07
1.65326e-07
9.39228e-07
2.08676e-07
9.17268e-07
2.68961e-07
8.92313e-07
3.56108e-07
8.6223e-07
4.86918e-07
8.23364e-07
6.90071e-07
7.69431e-07
5.09429e-07
6.89601e-07
6.2634e-07
-1.16401e-07
-1.4495e-09
1.64112e-06
-2.84447e-09
1.61238e-06
-4.15904e-09
1.58429e-06
-5.36944e-09
1.55683e-06
-6.45366e-09
1.52997e-06
-7.39094e-09
1.50369e-06
-8.16154e-09
1.47795e-06
-8.74632e-09
1.45273e-06
-9.12648e-09
1.42801e-06
-9.28326e-09
1.40377e-06
-9.19763e-09
1.37997e-06
-8.85003e-09
1.3566e-06
-8.22002e-09
1.33364e-06
-7.28595e-09
1.31108e-06
-6.02462e-09
1.28888e-06
-4.41084e-09
1.26703e-06
-2.41693e-09
1.24551e-06
-1.21251e-11
1.22431e-06
2.83817e-09
1.20341e-06
6.17325e-09
1.18278e-06
1.00383e-08
1.16241e-06
1.44858e-08
1.14227e-06
1.95772e-08
1.12234e-06
2.53853e-08
1.10258e-06
3.19966e-08
1.08296e-06
3.9514e-08
1.06343e-06
4.80599e-08
1.04394e-06
5.77774e-08
1.0244e-06
6.88289e-08
1.00473e-06
8.13865e-08
9.84804e-07
9.56067e-08
9.64455e-07
1.1157e-07
9.43484e-07
1.29157e-07
9.21641e-07
1.47788e-07
8.98637e-07
1.65931e-07
8.7417e-07
1.80143e-07
8.48018e-07
1.83284e-07
8.20223e-07
1.61219e-07
7.91496e-07
8.68076e-08
7.64012e-07
7.42919e-07
-2.97718e-08
-1.09347e-09
1.64222e-06
-2.14258e-09
1.61343e-06
-3.12487e-09
1.58527e-06
-4.01967e-09
1.55773e-06
-4.80771e-09
1.53076e-06
-5.47083e-09
1.50435e-06
-5.9916e-09
1.47847e-06
-6.35313e-09
1.45309e-06
-6.53877e-09
1.4282e-06
-6.5319e-09
1.40376e-06
-6.31573e-09
1.37975e-06
-5.87311e-09
1.35616e-06
-5.18633e-09
1.33296e-06
-4.23699e-09
1.31013e-06
-3.00583e-09
1.28765e-06
-1.47262e-09
1.2655e-06
3.83937e-10
1.24366e-06
2.58629e-09
1.22211e-06
5.15801e-09
1.20084e-06
8.12369e-09
1.17981e-06
1.15087e-08
1.15902e-06
1.53386e-08
1.13844e-06
1.96384e-08
1.11804e-06
2.44308e-08
1.09778e-06
2.97334e-08
1.07765e-06
3.55549e-08
1.05761e-06
4.18878e-08
1.0376e-06
4.86977e-08
1.01759e-06
5.5907e-08
9.97524e-07
6.33701e-08
9.77341e-07
7.08368e-08
9.56988e-07
7.79019e-08
9.36419e-07
8.39371e-08
9.15606e-07
8.80105e-08
8.94563e-07
8.88067e-08
8.73374e-07
8.45933e-08
8.52231e-07
7.33334e-08
8.31483e-07
5.31653e-08
8.11664e-07
2.36864e-08
7.93491e-07
7.77709e-07
-1.11036e-08
-7.91172e-10
1.64301e-06
-1.54799e-09
1.61418e-06
-2.25213e-09
1.58598e-06
-2.88671e-09
1.55836e-06
-3.43596e-09
1.53131e-06
-3.88499e-09
1.5048e-06
-4.2195e-09
1.4788e-06
-4.42562e-09
1.4533e-06
-4.48971e-09
1.42826e-06
-4.39821e-09
1.40367e-06
-4.13755e-09
1.37949e-06
-3.69405e-09
1.35572e-06
-3.05388e-09
1.33232e-06
-2.20307e-09
1.30928e-06
-1.12758e-09
1.28657e-06
1.8658e-10
1.26418e-06
1.75309e-09
1.24209e-06
3.58493e-09
1.22028e-06
5.69387e-09
1.19873e-06
8.08964e-09
1.17742e-06
1.07789e-08
1.15633e-06
1.37635e-08
1.13545e-06
1.70389e-08
1.11476e-06
2.0591e-08
1.09423e-06
2.43925e-08
1.07385e-06
2.83982e-08
1.0536e-06
3.25388e-08
1.03346e-06
3.67131e-08
1.01342e-06
4.07789e-08
9.93458e-07
4.45423e-08
9.73577e-07
4.77478e-08
9.53783e-07
5.00701e-08
9.34097e-07
5.11127e-08
9.14564e-07
5.042e-08
8.95256e-07
4.75136e-08
8.76281e-07
4.1964e-08
8.57781e-07
3.35124e-08
8.39934e-07
2.22429e-08
8.22934e-07
8.77267e-09
8.06961e-07
7.92135e-07
-5.65376e-09
-5.32599e-10
1.64354e-06
-1.04073e-09
1.61469e-06
-1.51084e-09
1.58645e-06
-1.93042e-09
1.55878e-06
-2.28778e-09
1.53167e-06
-2.5719e-09
1.50508e-06
-2.77216e-09
1.479e-06
-2.87831e-09
1.45341e-06
-2.88029e-09
1.42826e-06
-2.76819e-09
1.40355e-06
-2.53217e-09
1.37926e-06
-2.16251e-09
1.35535e-06
-1.6496e-09
1.33181e-06
-9.84056e-10
1.30861e-06
-1.56927e-10
1.28574e-06
8.40077e-10
1.26318e-06
2.01418e-09
1.24092e-06
3.37102e-09
1.21892e-06
4.91394e-09
1.19719e-06
6.64306e-09
1.17569e-06
8.55414e-09
1.15442e-06
1.06371e-08
1.13337e-06
1.28741e-08
1.11252e-06
1.52378e-08
1.09187e-06
1.76884e-08
1.0714e-06
2.01713e-08
1.05112e-06
2.26142e-08
1.03102e-06
2.49245e-08
1.01111e-06
2.69876e-08
9.91395e-07
2.86662e-08
9.71899e-07
2.98028e-08
9.52646e-07
3.02251e-08
9.33675e-07
2.97573e-08
9.15031e-07
2.82381e-08
8.96775e-07
2.55454e-08
8.78973e-07
2.16281e-08
8.61698e-07
1.65394e-08
8.45023e-07
1.04647e-08
8.29009e-07
3.72749e-09
8.13698e-07
7.99104e-07
-3.24095e-09
-3.0633e-10
1.64385e-06
-5.9801e-10
1.61498e-06
-8.66708e-10
1.58672e-06
-1.10474e-09
1.55902e-06
-1.30494e-09
1.53187e-06
-1.46052e-09
1.50524e-06
-1.56497e-09
1.47911e-06
-1.61201e-09
1.45345e-06
-1.59551e-09
1.42825e-06
-1.50945e-09
1.40347e-06
-1.34794e-09
1.37909e-06
-1.10523e-09
1.3551e-06
-7.75766e-10
1.33148e-06
-3.54306e-10
1.30819e-06
1.63914e-10
1.28522e-06
7.82949e-10
1.26257e-06
1.50582e-09
1.24019e-06
2.3341e-09
1.21809e-06
3.26738e-09
1.19625e-06
4.3026e-09
1.17465e-06
5.43325e-09
1.15329e-06
6.64845e-09
1.13216e-06
7.93194e-09
1.11124e-06
9.26089e-09
1.09054e-06
1.06049e-08
1.07006e-06
1.19249e-08
1.0498e-06
1.31728e-08
1.02977e-06
1.4291e-08
1.00999e-06
1.52134e-08
9.90473e-07
1.58675e-08
9.71245e-07
1.61775e-08
9.52336e-07
1.607e-08
9.33782e-07
1.5481e-08
9.1562e-07
1.43643e-08
8.97892e-07
1.27014e-08
8.80636e-07
1.05102e-08
8.6389e-07
7.85073e-09
8.47682e-07
4.82615e-09
8.32033e-07
1.57577e-09
8.16949e-07
8.0242e-07
-1.73997e-09
-9.98829e-11
-1.94887e-10
-2.82203e-10
-3.5924e-10
-4.2358e-10
-4.72934e-10
-5.05111e-10
-5.17996e-10
-5.09532e-10
-4.77708e-10
-4.20567e-10
-3.36213e-10
-2.22842e-10
-7.87875e-11
9.74189e-11
3.06951e-10
5.50567e-10
8.28459e-10
1.14005e-09
1.48377e-09
1.85677e-09
2.25463e-09
2.67103e-09
3.09743e-09
3.52278e-09
3.93337e-09
4.31276e-09
4.64202e-09
4.90023e-09
5.0654e-09
5.11587e-09
5.03206e-09
4.79867e-09
4.40698e-09
3.85702e-09
3.15914e-09
2.3346e-09
1.41461e-09
4.37853e-10
-5.53414e-10
9.34347e-10
8.43175e-09
2.19555e-09
1.10108e-08
3.51842e-09
1.37702e-08
5.01389e-09
1.6744e-08
6.84935e-09
1.99452e-08
8.998e-09
2.34585e-08
1.05459e-08
2.70138e-08
1.24093e-08
3.04175e-08
1.47457e-08
3.43972e-08
1.77442e-08
3.91414e-08
2.16797e-08
4.48841e-08
2.69702e-08
5.19348e-08
3.42852e-08
6.07316e-08
4.472e-08
7.18683e-08
6.0209e-08
8.62354e-08
8.44748e-08
1.05291e-07
1.25062e-07
1.31194e-07
2.00359e-07
1.68207e-07
3.67367e-07
2.26787e-07
9.37471e-07
3.58062e-07
1.64763e-05
4.19291e-06
1.70989e-05
8.73687e-06
1.18714e-05
5.22752e-06
8.69114e-06
3.18023e-06
6.65456e-06
2.03658e-06
5.2797e-06
1.37486e-06
4.30262e-06
9.77076e-07
3.57428e-06
7.28342e-07
3.00757e-06
5.66708e-07
2.54971e-06
4.57863e-07
2.16747e-06
3.82239e-07
1.83914e-06
3.28331e-07
1.54997e-06
2.89164e-07
1.28958e-06
2.60392e-07
1.05034e-06
2.39239e-07
8.26435e-07
2.23908e-07
6.132e-07
2.13235e-07
4.06707e-07
2.06493e-07
2.03433e-07
2.03274e-07
2.03434e-07
2.37214e-08
1.25622e-08
6.30087e-08
2.96177e-08
1.29483e-07
5.30616e-08
2.58245e-07
8.51408e-08
5.97647e-07
1.40353e-07
5.66843e-06
8.52407e-07
9.10726e-06
3.58808e-06
6.47941e-06
2.6583e-06
4.67547e-06
1.83834e-06
3.38224e-06
1.33238e-06
2.40725e-06
1.01987e-06
1.62942e-06
8.29767e-07
9.69399e-07
7.20754e-07
3.71393e-07
6.69874e-07
-2.08796e-07
6.66425e-07
-8.1285e-07
7.09345e-07
-1.48922e-06
8.07564e-07
-2.305e-06
9.83991e-07
-3.36368e-06
1.28546e-06
-4.80968e-06
1.80406e-06
-3.33268e-06
2.71591e-06
1.92549e-06
3.4787e-06
3.91533e-06
3.23768e-06
4.38525e-06
2.71031e-06
4.23797e-06
2.18386e-06
3.86869e-06
1.74414e-06
3.44435e-06
1.40141e-06
3.03082e-06
1.14187e-06
2.65028e-06
9.47251e-07
2.3068e-06
8.01338e-07
1.99756e-06
6.91482e-07
1.71756e-06
6.08338e-07
1.46154e-06
5.45184e-07
1.22468e-06
4.97248e-07
1.00275e-06
4.61168e-07
7.92054e-07
4.34604e-07
5.8933e-07
4.15959e-07
3.91614e-07
4.04209e-07
1.96101e-07
3.98787e-07
3.99534e-07
2.05979e-07
2.45187e-08
4.31648e-07
2.73076e-07
-3.25492e-07
8.11424e-07
-1.08469e-06
8.44336e-07
-1.90619e-06
9.6186e-07
-2.24337e-06
1.18958e-06
-1.44262e-07
1.48897e-06
9.84343e-07
1.5297e-06
1.38146e-06
1.44122e-06
1.39787e-06
1.31597e-06
1.22095e-06
1.19679e-06
9.48762e-07
1.10195e-06
6.31103e-07
1.03841e-06
2.92277e-07
1.0087e-06
-5.58607e-08
1.01456e-06
-4.05378e-07
1.05886e-06
-7.4437e-07
1.14656e-06
-1.04517e-06
1.28479e-06
-1.24087e-06
1.48116e-06
-1.17367e-06
1.73686e-06
-4.83647e-07
2.02589e-06
7.57284e-07
2.23777e-06
1.73988e-06
2.25509e-06
2.32299e-06
2.1272e-06
2.58056e-06
1.92629e-06
2.61948e-06
1.70522e-06
2.52673e-06
1.49416e-06
2.36167e-06
1.30693e-06
2.16121e-06
1.14771e-06
1.94687e-06
1.01568e-06
1.7304e-06
9.07954e-07
1.51769e-06
8.21046e-07
1.31123e-06
7.51642e-07
1.11159e-06
6.96894e-07
9.18254e-07
6.54501e-07
7.30165e-07
6.22693e-07
5.45933e-07
6.00191e-07
3.63989e-07
5.86153e-07
1.82626e-07
5.8015e-07
5.8216e-07
5.40504e-08
7.41903e-09
-4.88278e-08
3.82897e-07
-1.90133e-07
9.5273e-07
-3.37178e-07
9.91381e-07
-4.23164e-07
1.04785e-06
-3.52575e-07
1.11899e-06
-5.22259e-08
1.18862e-06
2.50249e-07
1.22722e-06
4.57926e-07
1.23354e-06
5.55665e-07
1.21823e-06
5.58922e-07
1.19353e-06
4.91105e-07
1.16977e-06
3.74835e-07
1.15468e-06
2.29715e-07
1.15382e-06
7.30592e-08
1.17122e-06
-7.7934e-08
1.20985e-06
-2.03133e-07
1.27175e-06
-2.75808e-07
1.35747e-06
-2.59265e-07
1.46462e-06
-1.07561e-07
1.58516e-06
2.16761e-07
1.70157e-06
6.69477e-07
1.78505e-06
1.11438e-06
1.81019e-06
1.46568e-06
1.77589e-06
1.69589e-06
1.69609e-06
1.81236e-06
1.58875e-06
1.83685e-06
1.46967e-06
1.79343e-06
1.35036e-06
1.70305e-06
1.23808e-06
1.58197e-06
1.13677e-06
1.44185e-06
1.04807e-06
1.29067e-06
9.72232e-07
1.13355e-06
9.08762e-07
9.73625e-07
8.56816e-07
8.12633e-07
8.15493e-07
6.51349e-07
7.83977e-07
4.89905e-07
7.61635e-07
3.27985e-07
7.48073e-07
1.64966e-07
7.43169e-07
7.47126e-07
3.09941e-08
5.01307e-09
9.628e-09
4.09681e-07
-2.89759e-08
9.9134e-07
-5.4703e-08
1.01711e-06
-5.42485e-08
1.04739e-06
-1.5549e-08
1.0803e-06
6.1205e-08
1.11187e-06
1.50903e-07
1.13752e-06
2.2911e-07
1.15534e-06
2.81132e-07
1.1662e-06
3.01837e-07
1.17283e-06
2.92959e-07
1.17865e-06
2.60482e-07
1.18716e-06
2.12865e-07
1.20144e-06
1.60144e-07
1.22394e-06
1.13675e-07
1.25632e-06
8.62011e-08
1.29923e-06
9.17518e-08
1.35192e-06
1.44616e-07
1.41175e-06
2.56166e-07
1.47361e-06
4.28107e-07
1.52963e-06
6.4303e-07
1.57013e-06
8.66308e-07
1.58691e-06
1.06528e-06
1.57692e-06
1.2191e-06
1.54227e-06
1.31947e-06
1.48838e-06
1.36731e-06
1.42182e-06
1.36881e-06
1.34886e-06
1.33222e-06
1.27467e-06
1.2659e-06
1.20309e-06
1.17725e-06
1.13671e-06
1.07234e-06
1.07715e-06
9.55823e-07
1.02528e-06
8.31145e-07
9.81495e-07
7.00716e-07
9.45922e-07
5.66141e-07
9.18551e-07
4.28409e-07
8.99368e-07
2.88047e-07
8.88435e-07
1.45252e-07
8.85964e-07
8.92379e-07
2.97337e-08
4.78194e-09
3.08726e-08
4.17386e-07
2.95641e-08
9.92667e-07
3.32503e-08
1.01342e-06
4.52471e-08
1.0354e-06
6.74241e-08
1.05812e-06
9.87206e-08
1.08057e-06
1.34524e-07
1.10172e-06
1.68913e-07
1.12095e-06
1.96833e-07
1.13828e-06
2.15275e-07
1.15438e-06
2.23591e-07
1.17034e-06
2.23311e-07
1.18744e-06
2.17767e-07
1.20698e-06
2.11683e-07
1.23002e-06
2.10785e-07
1.25722e-06
2.21378e-07
1.28864e-06
2.49739e-07
1.32356e-06
3.01164e-07
1.36033e-06
3.78497e-07
1.39628e-06
4.80263e-07
1.42786e-06
5.99248e-07
1.45114e-06
7.23427e-07
1.46273e-06
8.39625e-07
1.46072e-06
9.3686e-07
1.44504e-06
1.00801e-06
1.41723e-06
1.04995e-06
1.37988e-06
1.06276e-06
1.33605e-06
1.04868e-06
1.28876e-06
1.01107e-06
1.2407e-06
9.53703e-07
1.19408e-06
8.80234e-07
1.15062e-06
7.93919e-07
1.11159e-06
6.97499e-07
1.07791e-06
5.9318e-07
1.05024e-06
4.82676e-07
1.02906e-06
3.67275e-07
1.01477e-06
2.47925e-07
1.00778e-06
1.25322e-07
1.00857e-06
1.0177e-06
3.06687e-08
4.73186e-09
4.1064e-08
4.19378e-07
5.01481e-08
9.83607e-07
6.10095e-08
1.00256e-06
7.45278e-08
1.02188e-06
9.10885e-08
1.04156e-06
1.10341e-07
1.06132e-06
1.31171e-07
1.08089e-06
1.52026e-07
1.10009e-06
1.71397e-07
1.11891e-06
1.88242e-07
1.13754e-06
2.02264e-07
1.15631e-06
2.14026e-07
1.17568e-06
2.24926e-07
1.19608e-06
2.3707e-07
1.21788e-06
2.53061e-07
1.24123e-06
2.75702e-07
1.266e-06
3.07604e-07
1.29165e-06
3.50681e-07
1.31725e-06
4.05554e-07
1.34141e-06
4.71e-07
1.36241e-06
5.43681e-07
1.37846e-06
6.18479e-07
1.38794e-06
6.89445e-07
1.38975e-06
7.50922e-07
1.38356e-06
7.98393e-07
1.36975e-06
8.28912e-07
1.34936e-06
8.41116e-07
1.32385e-06
8.34994e-07
1.29488e-06
8.11524e-07
1.26417e-06
7.72306e-07
1.23329e-06
7.19242e-07
1.20368e-06
6.54301e-07
1.17653e-06
5.79359e-07
1.15286e-06
4.96112e-07
1.13349e-06
4.06035e-07
1.11913e-06
3.10385e-07
1.11042e-06
2.10229e-07
1.10794e-06
1.06487e-07
1.11231e-06
1.12419e-06
3.17752e-08
4.68722e-09
4.69296e-08
4.19841e-07
5.84963e-08
9.72067e-07
7.07921e-08
9.90264e-07
8.40794e-08
1.00859e-06
9.84691e-08
1.02717e-06
1.13875e-07
1.04591e-06
1.30019e-07
1.06475e-06
1.46498e-07
1.08361e-06
1.62913e-07
1.1025e-06
1.78997e-07
1.12145e-06
1.94734e-07
1.14058e-06
2.1043e-07
1.15998e-06
2.26721e-07
1.17979e-06
2.44539e-07
1.20006e-06
2.65008e-07
1.22076e-06
2.89295e-07
1.24171e-06
3.18411e-07
1.26254e-06
3.52974e-07
1.28269e-06
3.92968e-07
1.30141e-06
4.37551e-07
1.31783e-06
4.84985e-07
1.33103e-06
5.32751e-07
1.34017e-06
5.77862e-07
1.34464e-06
6.17268e-07
1.34415e-06
6.48245e-07
1.33878e-06
6.68669e-07
1.32894e-06
6.77157e-07
1.31536e-06
6.73063e-07
1.29898e-06
6.56392e-07
1.28084e-06
6.2766e-07
1.26203e-06
5.87734e-07
1.24361e-06
5.37695e-07
1.22657e-06
4.78718e-07
1.21183e-06
4.1199e-07
1.20021e-06
3.38659e-07
1.19246e-06
2.59803e-07
1.18927e-06
1.76434e-07
1.19131e-06
8.95163e-08
1.19923e-06
1.2137e-06
3.28553e-08
4.64178e-09
5.11562e-08
4.20065e-07
6.28492e-08
9.60401e-07
7.49451e-08
9.78168e-07
8.75427e-08
9.95993e-07
1.00691e-07
1.01402e-06
1.14385e-07
1.03222e-06
1.28574e-07
1.05056e-06
1.43175e-07
1.06901e-06
1.58113e-07
1.08756e-06
1.73363e-07
1.1062e-06
1.88988e-07
1.12495e-06
2.05167e-07
1.1438e-06
2.22201e-07
1.16276e-06
2.40493e-07
1.18177e-06
2.60505e-07
1.20075e-06
2.82682e-07
1.21953e-06
3.07359e-07
1.23786e-06
3.34656e-07
1.25539e-06
3.64374e-07
1.27169e-06
3.95921e-07
1.28628e-06
4.28283e-07
1.29867e-06
4.60073e-07
1.30838e-06
4.89639e-07
1.31508e-06
5.15235e-07
1.31856e-06
5.35196e-07
1.31882e-06
5.48085e-07
1.31605e-06
5.52811e-07
1.31064e-06
5.48668e-07
1.30312e-06
5.35343e-07
1.29416e-06
5.12874e-07
1.2845e-06
4.81587e-07
1.27489e-06
4.42029e-07
1.26613e-06
3.94897e-07
1.25897e-06
3.40985e-07
1.25413e-06
2.81136e-07
1.25231e-06
2.1622e-07
1.25419e-06
1.47119e-07
1.26041e-06
7.4733e-08
1.27161e-06
1.28844e-06
3.38828e-08
4.5982e-09
5.45935e-08
4.20487e-07
6.56599e-08
9.49362e-07
7.70182e-08
9.6681e-07
8.8721e-08
9.8429e-07
1.00798e-07
1.00194e-06
1.13265e-07
1.01975e-06
1.26128e-07
1.03769e-06
1.39389e-07
1.05575e-06
1.53055e-07
1.07389e-06
1.67152e-07
1.09211e-06
1.81738e-07
1.11036e-06
1.9691e-07
1.12863e-06
2.12801e-07
1.14686e-06
2.29575e-07
1.165e-06
2.47396e-07
1.18293e-06
2.66399e-07
1.20053e-06
2.86642e-07
1.21762e-06
3.08061e-07
1.23397e-06
3.30423e-07
1.24933e-06
3.53293e-07
1.26341e-06
3.76023e-07
1.27593e-06
3.97773e-07
1.28663e-06
4.17553e-07
1.2953e-06
4.34299e-07
1.30181e-06
4.46958e-07
1.30616e-06
4.54565e-07
1.30844e-06
4.56317e-07
1.30888e-06
4.51618e-07
1.30782e-06
4.40098e-07
1.30568e-06
4.21617e-07
1.30298e-06
3.96247e-07
1.30026e-06
3.64238e-07
1.29814e-06
3.25994e-07
1.29721e-06
2.82034e-07
1.29809e-06
2.32964e-07
1.30138e-06
1.79462e-07
1.30769e-06
1.22263e-07
1.31761e-06
6.21574e-08
1.33172e-06
1.3506e-06
3.4849e-08
4.55798e-09
5.74986e-08
4.2129e-07
6.76602e-08
9.39227e-07
7.80637e-08
9.56407e-07
8.87442e-08
9.73609e-07
9.97208e-08
9.90967e-07
1.1101e-07
1.00846e-06
1.22626e-07
1.02608e-06
1.34583e-07
1.04379e-06
1.46899e-07
1.06158e-06
1.59597e-07
1.07941e-06
1.72709e-07
1.09725e-06
1.86276e-07
1.11506e-06
2.00347e-07
1.13279e-06
2.14971e-07
1.15037e-06
2.3018e-07
1.16772e-06
2.45978e-07
1.18473e-06
2.62317e-07
1.20128e-06
2.79073e-07
1.21721e-06
2.96029e-07
1.23238e-06
3.12856e-07
1.24659e-06
3.2911e-07
1.25968e-06
3.44243e-07
1.2715e-06
3.57618e-07
1.28192e-06
3.68552e-07
1.29088e-06
3.7635e-07
1.29836e-06
3.80356e-07
1.30444e-06
3.79992e-07
1.30925e-06
3.7479e-07
1.31302e-06
3.64422e-07
1.31605e-06
3.48701e-07
1.3187e-06
3.27591e-07
1.32137e-06
3.01193e-07
1.32454e-06
2.69737e-07
1.32867e-06
2.33563e-07
1.33426e-06
1.93107e-07
1.34184e-06
1.48891e-07
1.35191e-06
1.01509e-07
1.36499e-06
5.16307e-08
1.3816e-06
1.40223e-06
3.57477e-08
4.52149e-09
5.99565e-08
4.2257e-07
6.90992e-08
9.30112e-07
7.84487e-08
9.47057e-07
8.80312e-08
9.64027e-07
9.78574e-08
9.81141e-07
1.07938e-07
9.98383e-07
1.18281e-07
1.01573e-06
1.28897e-07
1.03318e-06
1.39794e-07
1.05068e-06
1.50981e-07
1.06822e-06
1.62467e-07
1.08577e-06
1.7426e-07
1.10327e-06
1.86362e-07
1.12069e-06
1.98768e-07
1.13797e-06
2.11454e-07
1.15503e-06
2.24373e-07
1.17181e-06
2.37438e-07
1.18821e-06
2.50519e-07
1.20413e-06
2.63426e-07
1.21947e-06
2.75906e-07
1.23411e-06
2.8764e-07
1.24795e-06
2.98249e-07
1.26089e-06
3.07301e-07
1.27287e-06
3.14334e-07
1.28384e-06
3.18875e-07
1.29382e-06
3.20467e-07
1.30284e-06
3.18692e-07
1.31102e-06
3.13198e-07
1.31851e-06
3.03715e-07
1.32553e-06
2.90067e-07
1.33234e-06
2.72181e-07
1.33926e-06
2.50088e-07
1.34663e-06
2.2392e-07
1.35483e-06
1.93904e-07
1.36428e-06
1.60357e-07
1.37539e-06
1.23678e-07
1.38859e-06
8.43447e-08
1.40432e-06
4.29094e-08
1.42303e-06
1.44514e-06
3.65763e-08
4.48861e-09
6.20129e-08
4.24391e-07
7.00968e-08
9.22054e-07
7.83561e-08
9.38798e-07
8.68112e-08
9.55572e-07
9.54659e-08
9.72486e-07
1.04324e-07
9.89525e-07
1.13387e-07
1.00667e-06
1.22655e-07
1.02391e-06
1.32129e-07
1.04121e-06
1.41804e-07
1.05855e-06
1.51672e-07
1.0759e-06
1.61723e-07
1.09322e-06
1.71935e-07
1.11048e-06
1.82278e-07
1.12762e-06
1.92707e-07
1.14461e-06
2.03156e-07
1.16136e-06
2.13533e-07
1.17784e-06
2.23715e-07
1.19395e-06
2.33544e-07
1.20964e-06
2.42823e-07
1.22483e-06
2.51314e-07
1.23945e-06
2.58744e-07
1.25346e-06
2.64807e-07
1.26681e-06
2.69179e-07
1.27947e-06
2.71525e-07
1.29147e-06
2.71521e-07
1.30285e-06
2.68863e-07
1.31368e-06
2.63287e-07
1.32409e-06
2.54581e-07
1.33424e-06
2.42598e-07
1.34433e-06
2.27259e-07
1.3546e-06
2.08566e-07
1.36532e-06
1.86596e-07
1.3768e-06
1.61506e-07
1.38937e-06
1.3353e-07
1.40336e-06
1.02976e-07
1.41914e-06
7.02251e-08
1.43708e-06
3.57266e-08
1.45753e-06
1.48086e-06
3.73364e-08
4.45914e-09
6.37139e-08
4.26796e-07
7.07421e-08
9.15051e-07
7.79163e-08
9.31624e-07
8.52524e-08
9.48236e-07
9.27496e-08
9.64989e-07
1.00406e-07
9.81869e-07
1.08217e-07
9.98861e-07
1.16178e-07
1.01595e-06
1.2428e-07
1.03311e-06
1.3251e-07
1.05032e-06
1.40852e-07
1.06756e-06
1.49283e-07
1.08479e-06
1.57774e-07
1.10199e-06
1.66283e-07
1.11911e-06
1.74758e-07
1.13613e-06
1.83131e-07
1.15299e-06
1.91316e-07
1.16965e-06
1.99205e-07
1.18606e-06
2.06667e-07
1.20218e-06
2.13547e-07
1.21795e-06
2.19663e-07
1.23334e-06
2.24812e-07
1.24831e-06
2.2877e-07
1.26285e-06
2.31303e-07
1.27694e-06
2.32168e-07
1.29061e-06
2.31129e-07
1.30389e-06
2.27963e-07
1.31685e-06
2.22472e-07
1.32958e-06
2.14494e-07
1.34222e-06
2.03909e-07
1.35491e-06
1.90649e-07
1.36786e-06
1.74703e-07
1.38127e-06
1.56122e-07
1.39539e-06
1.35016e-07
1.41047e-06
1.11563e-07
1.42681e-06
8.60018e-08
1.4447e-06
5.86347e-08
1.46444e-06
2.9826e-08
1.48634e-06
1.51069e-06
3.80328e-08
4.43315e-09
6.51132e-08
4.29821e-07
7.11136e-08
9.09075e-07
7.72334e-08
9.25504e-07
8.34856e-08
9.41984e-07
8.98664e-08
9.58608e-07
9.63699e-08
9.75365e-07
1.02989e-07
9.92242e-07
1.09713e-07
1.00922e-06
1.16528e-07
1.02629e-06
1.23419e-07
1.04343e-06
1.30363e-07
1.06061e-06
1.37333e-07
1.07782e-06
1.44296e-07
1.09503e-06
1.51208e-07
1.1122e-06
1.58019e-07
1.12932e-06
1.64663e-07
1.14635e-06
1.71064e-07
1.16325e-06
1.77129e-07
1.18e-06
1.82753e-07
1.19655e-06
1.87809e-07
1.21289e-06
1.92158e-07
1.22899e-06
1.95645e-07
1.24482e-06
1.98102e-07
1.26039e-06
1.99354e-07
1.27569e-06
1.99224e-07
1.29074e-06
1.97534e-07
1.30558e-06
1.94119e-07
1.32026e-06
1.88831e-07
1.33487e-06
1.81545e-07
1.3495e-06
1.72168e-07
1.36429e-06
1.60645e-07
1.37938e-06
1.46962e-07
1.39495e-06
1.31154e-07
1.41119e-06
1.13304e-07
1.42832e-06
9.35468e-08
1.44657e-06
7.2071e-08
1.46618e-06
4.91174e-08
1.4874e-06
2.4979e-08
1.51048e-06
1.53567e-06
3.8671e-08
4.41087e-09
6.62629e-08
4.335e-07
7.12746e-08
9.04087e-07
7.63845e-08
9.20394e-07
8.16035e-08
9.36765e-07
8.69258e-08
9.53286e-07
9.23434e-08
9.69948e-07
9.78465e-08
9.86739e-07
1.03423e-07
1.00365e-06
1.09056e-07
1.02066e-06
1.14727e-07
1.03776e-06
1.20414e-07
1.05492e-06
1.26087e-07
1.07215e-06
1.31713e-07
1.0894e-06
1.37251e-07
1.10666e-06
1.42653e-07
1.12392e-06
1.47861e-07
1.14114e-06
1.52808e-07
1.1583e-06
1.57417e-07
1.17539e-06
1.61599e-07
1.19237e-06
1.65254e-07
1.20924e-06
1.68273e-07
1.22597e-06
1.70535e-07
1.24256e-06
1.71912e-07
1.25901e-06
1.72272e-07
1.27533e-06
1.71478e-07
1.29153e-06
1.694e-07
1.30766e-06
1.65912e-07
1.32375e-06
1.60902e-07
1.33988e-06
1.54275e-07
1.35613e-06
1.45959e-07
1.37261e-06
1.3591e-07
1.38943e-06
1.24117e-07
1.40674e-06
1.10606e-07
1.4247e-06
9.54398e-08
1.44349e-06
7.87246e-08
1.46329e-06
6.06092e-08
1.48429e-06
4.12857e-08
1.50672e-06
2.099e-08
1.53077e-06
1.55666e-06
3.92557e-08
4.39366e-09
6.71893e-08
4.37868e-07
7.12562e-08
9.00042e-07
7.5408e-08
9.16242e-07
7.96535e-08
9.32519e-07
8.39852e-08
9.48954e-07
8.83938e-08
9.65539e-07
9.28676e-08
9.82265e-07
9.73931e-08
9.99121e-07
1.01954e-07
1.0161e-06
1.0653e-07
1.03318e-06
1.11098e-07
1.05036e-06
1.15631e-07
1.06761e-06
1.20097e-07
1.08493e-06
1.24459e-07
1.1023e-06
1.28672e-07
1.1197e-06
1.32687e-07
1.13712e-06
1.36447e-07
1.15454e-06
1.39886e-07
1.17195e-06
1.42931e-07
1.18933e-06
1.45502e-07
1.20667e-06
1.47512e-07
1.22396e-06
1.48865e-07
1.24121e-06
1.49462e-07
1.25842e-06
1.492e-07
1.27559e-06
1.47977e-07
1.29275e-06
1.45691e-07
1.30994e-06
1.42247e-07
1.32719e-06
1.37559e-07
1.34457e-06
1.31554e-07
1.36214e-06
1.24177e-07
1.37998e-06
1.15395e-07
1.39821e-06
1.05199e-07
1.41694e-06
9.36081e-08
1.4363e-06
8.06735e-08
1.45642e-06
6.64788e-08
1.47748e-06
5.11424e-08
1.49963e-06
3.48184e-08
1.52304e-06
1.76962e-08
1.54789e-06
1.57435e-06
3.97829e-08
4.38483e-09
6.78609e-08
4.42961e-07
7.10357e-08
8.96888e-07
7.42912e-08
9.12987e-07
7.76327e-08
9.29178e-07
8.10505e-08
9.45536e-07
8.45338e-08
9.62056e-07
8.80702e-08
9.78728e-07
9.16452e-08
9.95546e-07
9.52425e-08
1.0125e-06
9.8843e-08
1.02958e-06
1.02425e-07
1.04677e-06
1.05962e-07
1.06407e-06
1.09426e-07
1.08147e-06
1.12784e-07
1.09895e-06
1.15997e-07
1.11649e-06
1.19021e-07
1.1341e-06
1.21808e-07
1.15176e-06
1.24304e-07
1.16945e-06
1.26449e-07
1.18718e-06
1.28176e-07
1.20494e-06
1.29416e-07
1.22272e-06
1.30093e-07
1.24053e-06
1.30128e-07
1.25838e-06
1.29442e-07
1.27628e-06
1.27953e-07
1.29424e-06
1.25584e-07
1.31231e-06
1.2226e-07
1.33052e-06
1.17916e-07
1.34891e-06
1.12495e-07
1.36756e-06
1.05955e-07
1.38652e-06
9.82709e-08
1.4059e-06
8.94358e-08
1.42577e-06
7.94658e-08
1.44627e-06
6.84014e-08
1.46749e-06
5.63096e-08
1.48957e-06
4.32856e-08
1.51266e-06
2.94529e-08
1.53688e-06
1.49642e-08
1.56238e-06
1.58932e-06
4.02253e-08
4.38856e-09
6.81693e-08
4.48803e-07
7.05315e-08
8.94545e-07
7.29735e-08
9.10545e-07
7.54958e-08
9.26655e-07
7.80872e-08
9.42945e-07
8.07359e-08
9.59407e-07
8.34292e-08
9.76035e-07
8.61534e-08
9.92822e-07
8.8893e-08
1.00976e-06
9.16307e-08
1.02684e-06
9.43466e-08
1.04406e-06
9.70182e-08
1.0614e-06
9.96198e-08
1.07887e-06
1.02122e-07
1.09644e-06
1.04493e-07
1.11412e-06
1.06694e-07
1.1319e-06
1.08685e-07
1.14976e-06
1.1042e-07
1.16772e-06
1.1185e-07
1.18575e-06
1.1292e-07
1.20387e-06
1.13574e-07
1.22207e-06
1.1375e-07
1.24036e-06
1.13386e-07
1.25874e-06
1.12417e-07
1.27724e-06
1.10781e-07
1.29588e-06
1.08415e-07
1.31468e-06
1.05263e-07
1.33367e-06
1.01271e-07
1.3529e-06
9.63961e-08
1.37243e-06
9.06061e-08
1.39231e-06
8.38808e-08
1.41262e-06
7.62159e-08
1.43344e-06
6.76246e-08
1.45486e-06
5.81398e-08
1.47697e-06
4.78154e-08
1.4999e-06
3.6728e-08
1.52374e-06
2.49771e-08
1.54863e-06
1.26859e-08
1.57467e-06
1.602e-06
4.05251e-08
4.40313e-09
6.79805e-08
4.55387e-07
6.96513e-08
8.92892e-07
7.13881e-08
9.08808e-07
7.31912e-08
9.24852e-07
7.50506e-08
9.41085e-07
7.69566e-08
9.57501e-07
7.88988e-08
9.74093e-07
8.08658e-08
9.90855e-07
8.28449e-08
1.00778e-06
8.48217e-08
1.02486e-06
8.67796e-08
1.0421e-06
8.86993e-08
1.05948e-06
9.05592e-08
1.07701e-06
9.23343e-08
1.09467e-06
9.39968e-08
1.11246e-06
9.55153e-08
1.13038e-06
9.68551e-08
1.14842e-06
9.7978e-08
1.16659e-06
9.88424e-08
1.18489e-06
9.94039e-08
1.20331e-06
9.96149e-08
1.22186e-06
9.94261e-08
1.24055e-06
9.87863e-08
1.25938e-06
9.76439e-08
1.27839e-06
9.59476e-08
1.29758e-06
9.36482e-08
1.31698e-06
9.06996e-08
1.33662e-06
8.70605e-08
1.35654e-06
8.26965e-08
1.37679e-06
7.75818e-08
1.39743e-06
7.17009e-08
1.4185e-06
6.50507e-08
1.44009e-06
5.76422e-08
1.46227e-06
4.95021e-08
1.48511e-06
4.0674e-08
1.50873e-06
3.12199e-08
1.5332e-06
2.12202e-08
1.55863e-06
1.07743e-08
1.58512e-06
1.61278e-06
4.06379e-08
4.41284e-09
6.73098e-08
4.62692e-07
6.84127e-08
8.91805e-07
6.95458e-08
9.07675e-07
7.07172e-08
9.23681e-07
7.19245e-08
9.39878e-07
7.31642e-08
9.56261e-07
7.44313e-08
9.72826e-07
7.57194e-08
9.89567e-07
7.70201e-08
1.00648e-06
7.83227e-08
1.02356e-06
7.96146e-08
1.04081e-06
8.08805e-08
1.05822e-06
8.21025e-08
1.07579e-06
8.326e-08
1.09351e-06
8.43294e-08
1.11139e-06
8.52841e-08
1.12942e-06
8.60948e-08
1.14761e-06
8.6729e-08
1.16596e-06
8.71518e-08
1.18446e-06
8.73255e-08
1.20313e-06
8.72106e-08
1.22197e-06
8.67656e-08
1.24099e-06
8.59484e-08
1.2602e-06
8.47163e-08
1.27962e-06
8.30272e-08
1.29927e-06
8.08409e-08
1.31916e-06
7.81199e-08
1.33934e-06
7.48307e-08
1.35983e-06
7.09455e-08
1.38068e-06
6.64436e-08
1.40193e-06
6.13125e-08
1.42363e-06
5.55499e-08
1.44585e-06
4.91648e-08
1.46865e-06
4.21789e-08
1.4921e-06
3.46277e-08
1.51628e-06
2.65614e-08
1.54126e-06
1.80451e-08
1.56714e-06
9.15948e-09
1.59401e-06
1.62194e-06
4.06417e-08
4.40631e-09
6.64659e-08
4.70771e-07
6.70206e-08
8.91265e-07
6.75719e-08
9.07123e-07
6.8138e-08
9.23115e-07
6.87252e-08
9.39291e-07
6.93373e-08
9.55649e-07
6.99753e-08
9.72188e-07
7.06378e-08
9.88904e-07
7.13208e-08
1.0058e-06
7.20178e-08
1.02287e-06
7.27197e-08
1.04011e-06
7.34147e-08
1.05752e-06
7.40884e-08
1.07511e-06
7.47234e-08
1.09288e-06
7.52997e-08
1.11081e-06
7.57944e-08
1.12893e-06
7.61821e-08
1.14723e-06
7.64347e-08
1.16571e-06
7.65219e-08
1.18438e-06
7.64113e-08
1.20324e-06
7.60688e-08
1.22231e-06
7.5459e-08
1.2416e-06
7.45459e-08
1.26111e-06
7.32936e-08
1.28087e-06
7.16665e-08
1.30089e-06
6.9631e-08
1.3212e-06
6.71557e-08
1.34181e-06
6.4213e-08
1.36277e-06
6.07798e-08
1.38411e-06
5.68389e-08
1.40587e-06
5.238e-08
1.42809e-06
4.74011e-08
1.45083e-06
4.19096e-08
1.47414e-06
3.59231e-08
1.49809e-06
2.94705e-08
1.52273e-06
2.25925e-08
1.54814e-06
1.53424e-08
1.57439e-06
7.78561e-09
1.60156e-06
1.62972e-06
4.07015e-08
4.39664e-09
6.57678e-08
4.79781e-07
6.56649e-08
8.91381e-07
6.55628e-08
9.07226e-07
6.54809e-08
9.23197e-07
6.54284e-08
9.39343e-07
6.54124e-08
9.55665e-07
6.54369e-08
9.72163e-07
6.55035e-08
9.88838e-07
6.56112e-08
1.00569e-06
6.57561e-08
1.02272e-06
6.59316e-08
1.03993e-06
6.61283e-08
1.05733e-06
6.63338e-08
1.07491e-06
6.65329e-08
1.09268e-06
6.67078e-08
1.11064e-06
6.68378e-08
1.1288e-06
6.68998e-08
1.14716e-06
6.68685e-08
1.16574e-06
6.67164e-08
1.18453e-06
6.64145e-08
1.20355e-06
6.59324e-08
1.2228e-06
6.52387e-08
1.24229e-06
6.43017e-08
1.26205e-06
6.30899e-08
1.28208e-06
6.15727e-08
1.30241e-06
5.97209e-08
1.32305e-06
5.75078e-08
1.34403e-06
5.49096e-08
1.36537e-06
5.19068e-08
1.38712e-06
4.84848e-08
1.40929e-06
4.46348e-08
1.43194e-06
4.03549e-08
1.45511e-06
3.56511e-08
1.47885e-06
3.05375e-08
1.5032e-06
2.5038e-08
1.52823e-06
1.91859e-08
1.55399e-06
1.30247e-08
1.58056e-06
6.60816e-09
1.60798e-06
1.63633e-06
4.08789e-08
4.39998e-09
6.51147e-08
4.89903e-07
6.42354e-08
8.92272e-07
6.33939e-08
9.08067e-07
6.26052e-08
9.23985e-07
6.18781e-08
9.4007e-07
6.12194e-08
9.56324e-07
6.06342e-08
9.72748e-07
6.01255e-08
9.89346e-07
5.96933e-08
1.00612e-06
5.9335e-08
1.02308e-06
5.90447e-08
1.04022e-06
5.88139e-08
1.05756e-06
5.86306e-08
1.07509e-06
5.84801e-08
1.09283e-06
5.83447e-08
1.11077e-06
5.82045e-08
1.12894e-06
5.80368e-08
1.14733e-06
5.78171e-08
1.16596e-06
5.75191e-08
1.18483e-06
5.71154e-08
1.20395e-06
5.65774e-08
1.22333e-06
5.58761e-08
1.243e-06
5.49825e-08
1.26294e-06
5.38681e-08
1.2832e-06
5.25055e-08
1.30377e-06
5.08686e-08
1.32469e-06
4.89341e-08
1.34596e-06
4.66811e-08
1.36763e-06
4.40926e-08
1.3897e-06
4.11559e-08
1.41223e-06
3.78634e-08
1.43524e-06
3.42132e-08
1.45876e-06
3.02101e-08
1.48285e-06
2.58659e-08
1.50754e-06
2.12001e-08
1.53289e-06
1.62404e-08
1.55895e-06
1.10228e-08
1.58577e-06
5.59179e-09
1.61341e-06
1.64192e-06
4.1114e-08
4.41904e-09
6.40679e-08
5.01326e-07
6.2357e-08
8.93992e-07
6.07285e-08
9.09696e-07
5.91972e-08
9.25517e-07
5.77733e-08
9.41494e-07
5.64658e-08
9.57632e-07
5.52814e-08
9.73933e-07
5.42239e-08
9.90404e-07
5.32942e-08
1.00705e-06
5.24894e-08
1.02388e-06
5.18031e-08
1.04091e-06
5.12254e-08
1.05813e-06
5.07428e-08
1.07557e-06
5.03387e-08
1.09323e-06
4.99937e-08
1.11112e-06
4.96859e-08
1.12925e-06
4.93911e-08
1.14763e-06
4.90838e-08
1.16627e-06
4.87371e-08
1.18517e-06
4.83231e-08
1.20436e-06
4.78139e-08
1.22384e-06
4.71813e-08
1.24363e-06
4.63977e-08
1.26373e-06
4.54365e-08
1.28416e-06
4.42723e-08
1.30494e-06
4.28816e-08
1.32608e-06
4.12431e-08
1.3476e-06
3.93385e-08
1.36953e-06
3.71527e-08
1.39189e-06
3.46747e-08
1.41471e-06
3.18977e-08
1.43801e-06
2.88201e-08
1.46184e-06
2.5446e-08
1.48622e-06
2.17853e-08
1.5112e-06
1.78544e-08
1.53683e-06
1.36767e-08
1.56313e-06
9.28236e-09
1.59017e-06
4.70874e-09
1.61798e-06
1.64663e-06
4.13362e-08
4.45016e-09
6.21671e-08
5.14326e-07
5.95904e-08
8.96578e-07
5.71397e-08
9.12146e-07
5.48384e-08
9.27818e-07
5.27039e-08
9.43629e-07
5.0751e-08
9.59584e-07
4.89898e-08
9.75694e-07
4.74259e-08
9.91968e-07
4.60598e-08
1.00842e-06
4.48869e-08
1.02506e-06
4.38975e-08
1.0419e-06
4.30775e-08
1.05895e-06
4.24089e-08
1.07624e-06
4.18699e-08
1.09377e-06
4.14363e-08
1.11155e-06
4.10816e-08
1.1296e-06
4.07778e-08
1.14793e-06
4.04961e-08
1.16655e-06
4.02071e-08
1.18546e-06
3.98814e-08
1.20469e-06
3.94901e-08
1.22424e-06
3.90052e-08
1.24411e-06
3.83996e-08
1.26433e-06
3.76478e-08
1.28491e-06
3.67261e-08
1.30586e-06
3.56127e-08
1.32719e-06
3.42887e-08
1.34893e-06
3.27376e-08
1.37108e-06
3.09462e-08
1.39368e-06
2.89051e-08
1.41675e-06
2.66087e-08
1.44031e-06
2.40558e-08
1.46439e-06
2.12502e-08
1.48903e-06
1.82007e-08
1.51425e-06
1.49216e-08
1.5401e-06
1.1433e-08
1.56662e-06
7.761e-09
1.59384e-06
3.93742e-09
1.62181e-06
1.65057e-06
4.1518e-08
4.49593e-09
5.90388e-08
5.29373e-07
5.54954e-08
9.00128e-07
5.21406e-08
9.15501e-07
4.90122e-08
9.30946e-07
4.61405e-08
9.465e-07
4.35478e-08
9.62177e-07
4.12484e-08
9.77993e-07
3.92474e-08
9.93969e-07
3.75416e-08
1.01012e-06
3.61196e-08
1.02648e-06
3.49636e-08
1.04305e-06
3.40497e-08
1.05987e-06
3.33499e-08
1.07694e-06
3.2833e-08
1.09429e-06
3.24657e-08
1.11192e-06
3.22137e-08
1.12985e-06
3.20425e-08
1.1481e-06
3.19181e-08
1.16667e-06
3.18072e-08
1.18557e-06
3.1678e-08
1.20482e-06
3.15002e-08
1.22441e-06
3.12453e-08
1.24437e-06
3.08869e-08
1.26469e-06
3.04006e-08
1.2854e-06
2.97644e-08
1.30649e-06
2.89588e-08
1.328e-06
2.79668e-08
1.34992e-06
2.67743e-08
1.37227e-06
2.53703e-08
1.39509e-06
2.37471e-08
1.41837e-06
2.19006e-08
1.44216e-06
1.98306e-08
1.46646e-06
1.7541e-08
1.49132e-06
1.50403e-08
1.51675e-06
1.23415e-08
1.5428e-06
9.46255e-09
1.5695e-06
6.42651e-09
1.59688e-06
3.26134e-09
1.62497e-06
1.65383e-06
4.16289e-08
4.56905e-09
5.42174e-08
5.47249e-07
4.94799e-08
9.04871e-07
4.50486e-08
9.19932e-07
4.09829e-08
9.35012e-07
3.73288e-08
9.50155e-07
3.41155e-08
9.6539e-07
3.13557e-08
9.80753e-07
2.90457e-08
9.96279e-07
2.7168e-08
1.012e-06
2.56937e-08
1.02795e-06
2.45854e-08
1.04416e-06
2.37999e-08
1.06065e-06
2.32911e-08
1.07745e-06
2.30114e-08
1.09457e-06
2.2914e-08
1.11202e-06
2.29533e-08
1.12982e-06
2.30862e-08
1.14797e-06
2.32725e-08
1.16649e-06
2.34748e-08
1.18537e-06
2.36592e-08
1.20463e-06
2.37946e-08
1.22428e-06
2.38531e-08
1.24431e-06
2.38096e-08
1.26474e-06
2.3642e-08
1.28556e-06
2.33307e-08
1.30681e-06
2.28592e-08
1.32847e-06
2.22133e-08
1.35056e-06
2.13819e-08
1.37311e-06
2.03566e-08
1.39611e-06
1.91321e-08
1.4196e-06
1.77063e-08
1.44358e-06
1.60804e-08
1.46809e-06
1.42593e-08
1.49314e-06
1.22515e-08
1.51876e-06
1.00696e-08
1.54498e-06
7.73044e-09
1.57184e-06
5.25486e-09
1.59935e-06
2.6682e-09
1.62756e-06
1.6565e-06
4.15616e-08
4.68068e-09
4.68369e-08
5.69211e-07
4.05052e-08
9.11206e-07
3.47063e-08
9.25731e-07
2.95408e-08
9.40177e-07
2.50732e-08
9.54622e-07
2.13295e-08
9.69134e-07
1.83004e-08
9.83782e-07
1.59486e-08
9.9863e-07
1.42166e-08
1.01373e-06
1.30339e-08
1.02914e-06
1.23239e-08
1.04487e-06
1.20086e-08
1.06097e-06
1.20127e-08
1.07745e-06
1.22655e-08
1.09431e-06
1.27024e-08
1.11158e-06
1.32655e-08
1.12925e-06
1.39037e-08
1.14733e-06
1.45722e-08
1.16582e-06
1.52318e-08
1.18471e-06
1.5849e-08
1.20402e-06
1.63946e-08
1.22373e-06
1.68437e-08
1.24386e-06
1.71748e-08
1.2644e-06
1.737e-08
1.28537e-06
1.74139e-08
1.30676e-06
1.72942e-08
1.32859e-06
1.70009e-08
1.35086e-06
1.65267e-08
1.37358e-06
1.58667e-08
1.39677e-06
1.50187e-08
1.42044e-06
1.3983e-08
1.44462e-06
1.27629e-08
1.46931e-06
1.13647e-08
1.49454e-06
9.79766e-09
1.52033e-06
8.07459e-09
1.54671e-06
6.21165e-09
1.5737e-06
4.22863e-09
1.60133e-06
2.14902e-09
1.62964e-06
1.65865e-06
4.11566e-08
4.85548e-09
3.5357e-08
5.97523e-07
2.66481e-08
9.19917e-07
1.89802e-08
9.33399e-07
1.25283e-08
9.46629e-07
7.35118e-09
9.59799e-07
3.41276e-09
9.73073e-07
6.1098e-10
9.86584e-07
-1.19416e-09
1.00044e-06
-2.15838e-09
1.0147e-06
-2.4373e-09
1.02941e-06
-2.1764e-09
1.04461e-06
-1.50571e-09
1.0603e-06
-5.37707e-10
1.07648e-06
6.32591e-10
1.09314e-06
1.92634e-09
1.11029e-06
3.27891e-09
1.1279e-06
4.63783e-09
1.14597e-06
5.96071e-09
1.16449e-06
7.21343e-09
1.18346e-06
8.36855e-09
1.20286e-06
9.40406e-09
1.2227e-06
1.03023e-08
1.24296e-06
1.10491e-08
1.26366e-06
1.16334e-08
1.28479e-06
1.20464e-08
1.30635e-06
1.22818e-08
1.32835e-06
1.23351e-08
1.3508e-06
1.22038e-08
1.37371e-06
1.18874e-08
1.39709e-06
1.13874e-08
1.42094e-06
1.07071e-08
1.4453e-06
9.85238e-09
1.47016e-06
8.83121e-09
1.49556e-06
7.6542e-09
1.52151e-06
6.33463e-09
1.54803e-06
4.88866e-09
1.57515e-06
3.33547e-09
1.60289e-06
1.69739e-09
1.63128e-06
1.66034e-06
4.01127e-08
5.28184e-09
1.67585e-08
6.36893e-07
3.75383e-09
9.32923e-07
-6.62712e-09
9.4378e-07
-1.42826e-08
9.54285e-07
-1.9425e-08
9.64942e-07
-2.24267e-08
9.76074e-07
-2.37087e-08
9.87866e-07
-2.36747e-08
1.0004e-06
-2.26779e-08
1.0137e-06
-2.101e-08
1.02775e-06
-1.89024e-08
1.0425e-06
-1.65326e-08
1.05793e-06
-1.40345e-08
1.07398e-06
-1.15063e-08
1.09061e-06
-9.0195e-09
1.1078e-06
-6.62532e-09
1.12551e-06
-4.35991e-09
1.14371e-06
-2.24855e-09
1.16238e-06
-3.08658e-10
1.18152e-06
1.44799e-09
1.2011e-06
3.01361e-09
1.22113e-06
4.38334e-09
1.24159e-06
5.5544e-09
1.26249e-06
6.52561e-09
1.28381e-06
7.29705e-09
1.30558e-06
7.86989e-09
1.32778e-06
8.24633e-09
1.35043e-06
8.42956e-09
1.37353e-06
8.42389e-09
1.39709e-06
8.23482e-09
1.42113e-06
7.8692e-09
1.44566e-06
7.33538e-09
1.4707e-06
6.64344e-09
1.49625e-06
5.80534e-09
1.52234e-06
4.83518e-09
1.549e-06
3.74933e-09
1.57623e-06
2.56668e-09
1.60407e-06
1.30877e-09
1.63254e-06
1.66165e-06
3.66568e-08
7.80994e-09
-1.97992e-08
7.01968e-07
-4.07252e-08
9.53849e-07
-5.34923e-08
9.56547e-07
-5.97682e-08
9.60561e-07
-6.13856e-08
9.66559e-07
-5.99047e-08
9.74593e-07
-5.65089e-08
9.8447e-07
-5.2036e-08
9.95929e-07
-4.70503e-08
1.00871e-06
-4.19164e-08
1.02261e-06
-3.68603e-08
1.03745e-06
-3.20155e-08
1.05308e-06
-2.74556e-08
1.06942e-06
-2.32167e-08
1.08638e-06
-1.93115e-08
1.1039e-06
-1.57398e-08
1.12193e-06
-1.24936e-08
1.14046e-06
-9.56113e-09
1.15945e-06
-6.92935e-09
1.17889e-06
-4.58478e-09
1.19876e-06
-2.51444e-09
1.21906e-06
-7.06067e-10
1.23978e-06
8.51724e-10
1.26093e-06
2.16952e-09
1.2825e-06
3.25723e-09
1.30449e-06
4.12424e-09
1.32691e-06
4.77961e-09
1.34977e-06
5.23233e-09
1.37308e-06
5.49147e-09
1.39683e-06
5.56651e-09
1.42106e-06
5.46747e-09
1.44576e-06
5.20525e-09
1.47096e-06
4.7918e-09
1.49666e-06
4.24039e-09
1.5229e-06
3.56582e-09
1.54967e-06
2.78472e-09
1.57701e-06
1.91572e-09
1.60494e-06
9.79686e-10
1.63347e-06
1.66263e-06
1.37959e-08
7.63898e-09
-1.26837e-07
8.47766e-07
-1.49736e-07
9.76748e-07
-1.49421e-07
9.56232e-07
-1.38871e-07
9.50011e-07
-1.24612e-07
9.523e-07
-1.09775e-07
9.59756e-07
-9.57452e-08
9.70441e-07
-8.30415e-08
9.83225e-07
-7.17697e-08
9.97443e-07
-6.18556e-08
1.0127e-06
-5.3159e-08
1.02875e-06
-4.55269e-08
1.04545e-06
-3.88165e-08
1.06271e-06
-3.2903e-08
1.08046e-06
-2.7681e-08
1.09867e-06
-2.30627e-08
1.11732e-06
-1.89758e-08
1.13637e-06
-1.53605e-08
1.15584e-06
-1.21675e-08
1.17569e-06
-9.35574e-09
1.19595e-06
-6.89082e-09
1.2166e-06
-4.74382e-09
1.23764e-06
-2.89011e-09
1.25908e-06
-1.30844e-09
1.28091e-06
1.97368e-11
1.30316e-06
1.11089e-09
1.32582e-06
1.97992e-09
1.3489e-06
2.6406e-09
1.37241e-06
3.10597e-09
1.39637e-06
3.38869e-09
1.42078e-06
3.50133e-09
1.44565e-06
3.45675e-09
1.471e-06
3.2683e-09
1.49685e-06
2.95015e-09
1.52321e-06
2.51755e-09
1.5501e-06
1.98707e-09
1.57754e-06
1.37691e-09
1.60555e-06
7.07143e-10
1.63414e-06
1.66334e-06
-7.46114e-07
6.37352e-07
-6.21955e-07
7.23608e-07
-4.3746e-07
7.92253e-07
-3.20031e-07
8.38804e-07
-2.42778e-07
8.72758e-07
-1.90034e-07
8.99556e-07
-1.52597e-07
9.22319e-07
-1.2499e-07
9.42834e-07
-1.03903e-07
9.62137e-07
-8.7288e-08
9.80828e-07
-7.38519e-08
9.99262e-07
-6.27524e-08
1.01765e-06
-5.3426e-08
1.03613e-06
-4.54841e-08
1.05477e-06
-3.86512e-08
1.07363e-06
-3.27266e-08
1.09275e-06
-2.75607e-08
1.11215e-06
-2.30392e-08
1.13185e-06
-1.90735e-08
1.15187e-06
-1.55931e-08
1.17221e-06
-1.25416e-08
1.1929e-06
-9.87283e-09
1.21393e-06
-7.54869e-09
1.23531e-06
-5.53714e-09
1.25706e-06
-3.81091e-09
1.27919e-06
-2.34652e-09
1.3017e-06
-1.12337e-09
1.3246e-06
-1.23131e-10
1.3479e-06
6.70829e-10
1.37162e-06
1.27389e-09
1.39577e-06
1.70058e-09
1.42035e-06
1.96494e-09
1.44538e-06
2.08084e-09
1.47089e-06
2.06229e-09
1.49687e-06
1.92371e-09
1.52335e-06
1.68022e-09
1.55035e-06
1.34793e-09
1.57788e-06
9.44212e-10
1.60595e-06
4.87975e-10
1.6346e-06
1.66383e-06
-1.38322e-07
7.45902e-07
-1.85561e-07
7.70847e-07
-1.92766e-07
7.99457e-07
-1.8195e-07
8.27988e-07
-1.64223e-07
8.5503e-07
-1.4494e-07
8.80274e-07
-1.26498e-07
9.03876e-07
-1.09816e-07
9.26152e-07
-9.51123e-08
9.47434e-07
-8.22994e-08
9.68016e-07
-7.11746e-08
9.88137e-07
-6.15113e-08
1.00799e-06
-5.30974e-08
1.02771e-06
-4.57482e-08
1.04742e-06
-3.93086e-08
1.06719e-06
-3.36505e-08
1.08709e-06
-2.86685e-08
1.10717e-06
-2.42763e-08
1.12746e-06
-2.04024e-08
1.148e-06
-1.69875e-08
1.1688e-06
-1.39819e-08
1.18989e-06
-1.13437e-08
1.21129e-06
-9.03717e-09
1.23301e-06
-7.03153e-09
1.25506e-06
-5.30006e-09
1.27746e-06
-3.81929e-09
1.30022e-06
-2.5684e-09
1.32335e-06
-1.52867e-09
1.34686e-06
-6.83066e-10
1.37077e-06
-1.58471e-11
1.3951e-06
4.87783e-10
1.41985e-06
8.41974e-10
1.44503e-06
1.06052e-09
1.47067e-06
1.15713e-09
1.49677e-06
1.14569e-09
1.52336e-06
1.04054e-09
1.55045e-06
8.56718e-10
1.57806e-06
6.10233e-10
1.6062e-06
3.18372e-10
1.63489e-06
1.66415e-06
-4.43441e-08
7.79142e-07
-6.96409e-08
7.96144e-07
-8.53782e-08
8.15195e-07
-9.29172e-08
8.35527e-07
-9.43863e-08
8.56499e-07
-9.17808e-08
8.77668e-07
-8.66775e-08
8.98773e-07
-8.02128e-08
9.19688e-07
-7.31554e-08
9.40377e-07
-6.59983e-08
9.60858e-07
-5.90413e-08
9.8118e-07
-5.24543e-08
1.0014e-06
-4.63236e-08
1.02158e-06
-4.06835e-08
1.04178e-06
-3.55366e-08
1.06204e-06
-3.08681e-08
1.08242e-06
-2.66533e-08
1.10295e-06
-2.28632e-08
1.12367e-06
-1.94675e-08
1.1446e-06
-1.64365e-08
1.16577e-06
-1.37413e-08
1.1872e-06
-1.13554e-08
1.2089e-06
-9.25383e-09
1.2309e-06
-7.41372e-09
1.25322e-06
-5.81406e-09
1.27586e-06
-4.43555e-09
1.29884e-06
-3.26043e-09
1.32217e-06
-2.27229e-09
1.34587e-06
-1.45589e-09
1.36996e-06
-7.9693e-10
1.39444e-06
-2.81893e-10
1.41933e-06
1.022e-10
1.44465e-06
3.67968e-10
1.4704e-06
5.27886e-10
1.49661e-06
5.94498e-10
1.5233e-06
5.80628e-10
1.55047e-06
4.99614e-10
1.57814e-06
3.65549e-10
1.60633e-06
1.93539e-10
1.63506e-06
1.66434e-06
-1.97306e-08
7.93219e-07
-3.22145e-08
8.08628e-07
-4.21476e-08
8.25128e-07
-4.91876e-08
8.42567e-07
-5.34451e-08
8.60757e-07
-5.52887e-08
8.79512e-07
-5.51912e-08
8.98675e-07
-5.363e-08
9.18126e-07
-5.1034e-08
9.3778e-07
-4.77603e-08
9.57585e-07
-4.40913e-08
9.77511e-07
-4.02412e-08
9.97551e-07
-3.63663e-08
1.01771e-06
-3.25768e-08
1.03799e-06
-2.89471e-08
1.05841e-06
-2.55245e-08
1.079e-06
-2.23368e-08
1.09977e-06
-1.93975e-08
1.12073e-06
-1.67102e-08
1.14191e-06
-1.42718e-08
1.16333e-06
-1.20744e-08
1.185e-06
-1.01075e-08
1.20694e-06
-8.35884e-09
1.22916e-06
-6.81527e-09
1.25167e-06
-5.46339e-09
1.27451e-06
-4.2899e-09
1.29766e-06
-3.2818e-09
1.32116e-06
-2.42654e-09
1.34502e-06
-1.71205e-09
1.36924e-06
-1.12678e-09
1.39385e-06
-6.59588e-10
1.41886e-06
-2.99677e-10
1.44429e-06
-3.65042e-11
1.47014e-06
1.4037e-10
1.49644e-06
2.41418e-10
1.5232e-06
2.77308e-10
1.55043e-06
2.59083e-10
1.57816e-06
1.98354e-10
1.60639e-06
1.07516e-10
1.63515e-06
1.66445e-06
-1.01071e-08
8.00085e-07
-1.65377e-08
8.15058e-07
-2.21519e-08
8.30742e-07
-2.66951e-08
8.4711e-07
-3.00506e-08
8.64112e-07
-3.22214e-08
8.81683e-07
-3.3298e-08
8.99752e-07
-3.34245e-08
9.18253e-07
-3.27701e-08
9.37126e-07
-3.15074e-08
9.56322e-07
-2.97979e-08
9.75802e-07
-2.77847e-08
9.95537e-07
-2.55879e-08
1.01551e-06
-2.33052e-08
1.03571e-06
-2.1013e-08
1.05612e-06
-1.8769e-08
1.07676e-06
-1.66147e-08
1.09761e-06
-1.45791e-08
1.11869e-06
-1.26806e-08
1.14001e-06
-1.09296e-08
1.16158e-06
-9.33064e-09
1.1834e-06
-7.88355e-09
1.20549e-06
-6.58517e-09
1.22786e-06
-5.43008e-09
1.25052e-06
-4.41145e-09
1.27349e-06
-3.52156e-09
1.29677e-06
-2.75223e-09
1.32039e-06
-2.09511e-09
1.34436e-06
-1.54183e-09
1.36869e-06
-1.08412e-09
1.3934e-06
-7.1386e-10
1.41849e-06
-4.23084e-10
1.444e-06
-2.03932e-10
1.46992e-06
-4.85923e-11
1.49628e-06
5.07806e-11
1.5231e-06
1.02174e-10
1.55038e-06
1.13839e-10
1.57815e-06
9.44284e-11
1.60641e-06
5.31594e-11
1.63519e-06
1.6645e-06
-5.02134e-09
8.03367e-07
-8.16451e-09
8.18202e-07
-1.10203e-08
8.33598e-07
-1.34683e-08
8.49558e-07
-1.54276e-08
8.66071e-07
-1.68599e-08
8.83115e-07
-1.77663e-08
9.00658e-07
-1.81791e-08
9.18666e-07
-1.8153e-08
9.371e-07
-1.77557e-08
9.55925e-07
-1.706e-08
9.75106e-07
-1.61379e-08
9.94615e-07
-1.50559e-08
1.01443e-06
-1.38729e-08
1.03452e-06
-1.26386e-08
1.05489e-06
-1.13935e-08
1.07551e-06
-1.01694e-08
1.09639e-06
-8.99025e-09
1.11752e-06
-7.87311e-09
1.1389e-06
-6.82949e-09
1.16054e-06
-5.86635e-09
1.18244e-06
-4.98712e-09
1.20461e-06
-4.19252e-09
1.22706e-06
-3.48127e-09
1.24981e-06
-2.85071e-09
1.27286e-06
-2.29721e-09
1.29622e-06
-1.81651e-09
1.31991e-06
-1.404e-09
1.34395e-06
-1.05488e-09
1.36834e-06
-7.64279e-10
1.39311e-06
-5.27314e-10
1.41826e-06
-3.39138e-10
1.44381e-06
-1.94933e-10
1.46978e-06
-8.98869e-11
1.49618e-06
-1.9154e-11
1.52303e-06
2.2201e-11
1.55034e-06
3.92733e-11
1.57813e-06
3.74014e-11
1.60642e-06
2.22649e-11
1.63521e-06
1.66452e-06
-1.53612e-09
-2.4856e-09
-3.36183e-09
-4.1302e-09
-4.76473e-09
-5.24979e-09
-5.58024e-09
-5.76033e-09
-5.80185e-09
-5.72183e-09
-5.54032e-09
-5.27844e-09
-4.95678e-09
-4.59437e-09
-4.20791e-09
-3.81153e-09
-3.41665e-09
-3.03221e-09
-2.66484e-09
-2.31922e-09
-1.99841e-09
-1.70414e-09
-1.43714e-09
-1.19735e-09
-9.8415e-10
-7.96524e-10
-6.33186e-10
-4.92684e-10
-3.73465e-10
-2.7393e-10
-1.92458e-10
-1.27427e-10
-7.72164e-11
-4.02039e-11
-1.4752e-11
8.07662e-13
8.19755e-12
9.2217e-12
5.79859e-12
)
;

boundaryField
{
    top
    {
        type            calculated;
        value           nonuniform List<scalar> 
80
(
1.64395e-06
1.61508e-06
1.5868e-06
1.5591e-06
1.53193e-06
1.50529e-06
1.47914e-06
1.45347e-06
1.42824e-06
1.40344e-06
1.37904e-06
1.35502e-06
1.33136e-06
1.30804e-06
1.28505e-06
1.26236e-06
1.23995e-06
1.21782e-06
1.19594e-06
1.17431e-06
1.15292e-06
1.13176e-06
1.11082e-06
1.09011e-06
1.06963e-06
1.04939e-06
1.02939e-06
1.00966e-06
9.90214e-07
9.7108e-07
9.52286e-07
9.33866e-07
9.15854e-07
8.98283e-07
8.81186e-07
8.64588e-07
8.48507e-07
8.32953e-07
8.17925e-07
8.03411e-07
8.04349e-07
8.19151e-07
8.34474e-07
8.50327e-07
8.66706e-07
8.836e-07
9.00989e-07
9.18846e-07
9.37141e-07
9.55845e-07
9.74925e-07
9.94353e-07
1.01411e-06
1.03416e-06
1.0545e-06
1.07511e-06
1.09599e-06
1.11713e-06
1.13853e-06
1.16019e-06
1.18212e-06
1.20432e-06
1.2268e-06
1.24957e-06
1.27264e-06
1.29603e-06
1.31975e-06
1.34381e-06
1.36822e-06
1.39301e-06
1.41817e-06
1.44374e-06
1.46973e-06
1.49614e-06
1.523e-06
1.55032e-06
1.57812e-06
1.60641e-06
1.63521e-06
1.66453e-06
)
;
    }
    inlet
    {
        type            calculated;
        value           nonuniform List<scalar> 
80
(
-1.71012e-16
-1.67951e-16
-1.65069e-16
-1.62138e-16
-1.59282e-16
-1.5646e-16
-1.53709e-16
-1.51013e-16
-1.48346e-16
-1.45736e-16
-1.43165e-16
-1.40647e-16
-1.38167e-16
-1.35735e-16
-1.33353e-16
-1.31004e-16
-1.28696e-16
-1.26397e-16
-1.24204e-16
-1.22022e-16
-6.59078e-15
-1.19607e-05
-3.08042e-06
-1.35267e-06
-7.9827e-07
-5.27325e-07
-3.71758e-07
-2.74022e-07
-2.08997e-07
-1.63673e-07
-1.30985e-07
-1.06741e-07
-8.83019e-08
-7.39545e-08
-6.25108e-08
-5.30039e-08
-4.50418e-08
-3.83042e-08
-3.25531e-08
-2.74115e-08
-9.71782e-09
-1.21203e-08
-1.47413e-08
-1.77129e-08
-2.11211e-08
-2.51955e-08
-3.00006e-08
-3.58623e-08
-4.32808e-08
-5.288e-08
-6.55725e-08
-8.27486e-08
-1.06635e-07
-1.40875e-07
-1.91868e-07
-2.7184e-07
-4.05326e-07
-6.51043e-07
-1.18586e-06
-2.92408e-06
-3.40154e-05
-1.0986e-09
-1.26213e-13
-1.28476e-13
-1.30779e-13
-1.33125e-13
-1.35512e-13
-1.37942e-13
-1.40415e-13
-1.42933e-13
-1.45496e-13
-1.48105e-13
-1.50761e-13
-1.53465e-13
-1.56216e-13
-1.59018e-13
-1.61869e-13
-1.64772e-13
-1.67727e-13
-1.70734e-13
)
;
    }
    axis
    {
        type            calculated;
        value           uniform 0;
    }
    frontAndBack
    {
        type            empty;
        value           nonuniform 0();
    }
}


// ************************************************************************* //
