/*--------------------------------*- C++ -*----------------------------------*\
  =========                 |
  \\      /  F ield         | OpenFOAM: The Open Source CFD Toolbox
   \\    /   O peration     | Website:  https://openfoam.org
    \\  /    A nd           | Version:  7
     \\/     M anipulation  |
\*---------------------------------------------------------------------------*/
FoamFile
{
    version     2.0;
    format      ascii;
    class       surfaceScalarField;
    location    "15000";
    object      phib;
}
// * * * * * * * * * * * * * * * * * * * * * * * * * * * * * * * * * * * * * //

dimensions      [0 3 -1 0 0 0 0];

internalField   nonuniform List<scalar> 
6280
(
-2.98599e-21
-1.71013e-16
-5.95755e-21
-1.68e-16
-8.95204e-21
-1.6504e-16
-1.20073e-20
-1.62133e-16
-1.51638e-20
-1.59277e-16
-1.84674e-20
-1.56471e-16
-2.19722e-20
-1.53714e-16
-2.57449e-20
-1.51006e-16
-2.98709e-20
-1.48345e-16
-3.44633e-20
-1.45732e-16
-3.96772e-20
-1.43164e-16
-4.57318e-20
-1.40641e-16
-5.29483e-20
-1.38162e-16
-6.1813e-20
-1.35726e-16
-7.30887e-20
-1.33333e-16
-8.80144e-20
-1.3098e-16
-1.08671e-19
-1.28667e-16
-1.38668e-19
-1.2639e-16
-1.84442e-19
-1.24148e-16
-1.42728e-17
-1.21932e-16
-1.16441e-06
-1.19733e-16
-2.48647e-05
-1.15133e-16
-2.60438e-05
-1.02493e-16
-2.65465e-05
-9.12779e-17
-2.68748e-05
-8.10122e-17
-2.7119e-05
-7.15027e-17
-2.73119e-05
-6.26374e-17
-2.74696e-05
-5.43404e-17
-2.76018e-05
-4.65549e-17
-2.77146e-05
-3.92368e-17
-2.78123e-05
-3.23499e-17
-2.78977e-05
-2.5864e-17
-2.79733e-05
-1.97534e-17
-2.80405e-05
-2.31127e-17
-2.78754e-05
-2.25458e-07
-2.46476e-05
-3.28174e-06
-2.10847e-05
-3.6088e-06
-1.68128e-05
-4.31088e-06
-1.10175e-05
-5.82813e-06
-8.41069e-06
-2.63456e-06
-2.90423e-21
-1.7101e-16
-5.79049e-21
-1.67997e-16
-8.691e-21
-1.65038e-16
-1.16376e-20
-1.6213e-16
-1.46634e-20
-1.59274e-16
-1.78038e-20
-1.56467e-16
-2.10983e-20
-1.53711e-16
-2.45918e-20
-1.51002e-16
-2.83363e-20
-1.48342e-16
-3.23919e-20
-1.45727e-16
-3.6827e-20
-1.43159e-16
-4.17148e-20
-1.40636e-16
-4.71229e-20
-1.38156e-16
-5.30843e-20
-1.3572e-16
-5.95299e-20
-1.33326e-16
-6.61328e-20
-1.30974e-16
-7.19662e-20
-1.28661e-16
-7.47553e-20
-1.26388e-16
-6.92707e-20
-1.24153e-16
-4.38995e-20
-1.21958e-16
2.61777e-20
-1.19804e-16
6.83685e-20
-1.17701e-16
4.4672e-20
-1.15641e-16
2.72409e-20
-1.13611e-16
1.35036e-20
-1.11614e-16
1.66714e-21
-1.0965e-16
-9.4779e-21
-1.07719e-16
-2.09e-20
-1.05821e-16
-3.35715e-20
-1.03956e-16
-4.86948e-20
-1.02122e-16
-6.79736e-20
-1.00319e-16
-9.40146e-20
-9.8545e-17
-2.164e-19
-9.67977e-17
-3.69447e-08
-9.50743e-17
-1.13116e-05
-9.31892e-17
-1.54384e-05
-8.81609e-17
-1.93551e-05
-8.2903e-17
-2.38464e-05
-1.36917e-16
-2.80298e-05
-1.75653e-06
-3.47907e-05
-1.71188e-06
-2.75137e-21
-1.71007e-16
-5.47897e-21
-1.67994e-16
-8.20638e-21
-1.65035e-16
-1.09558e-20
-1.62127e-16
-1.37484e-20
-1.59271e-16
-1.66044e-20
-1.56465e-16
-1.95428e-20
-1.53708e-16
-2.25801e-20
-1.50999e-16
-2.57284e-20
-1.48338e-16
-2.89907e-20
-1.45724e-16
-3.23544e-20
-1.43156e-16
-3.57777e-20
-1.40632e-16
-3.91691e-20
-1.38153e-16
-4.23528e-20
-1.35717e-16
-4.50165e-20
-1.33324e-16
-4.66362e-20
-1.30972e-16
-4.63872e-20
-1.28661e-16
-4.30798e-20
-1.26391e-16
-3.52575e-20
-1.24161e-16
-2.1835e-20
-1.21971e-16
-4.22497e-21
-1.19822e-16
7.86767e-21
-1.17713e-16
9.6358e-21
-1.15642e-16
6.89351e-21
-1.13608e-16
2.23619e-21
-1.11609e-16
-3.18548e-21
-1.09644e-16
-8.82902e-21
-1.07713e-16
-1.43542e-20
-1.05816e-16
-1.93782e-20
-1.03951e-16
-2.32489e-20
-1.02118e-16
-2.47287e-20
-1.00318e-16
-2.14643e-20
-9.85482e-17
-9.04813e-21
-9.68102e-17
2.06376e-20
-9.5104e-17
3.20354e-20
-9.34315e-17
1.6843e-20
-9.17896e-17
2.92206e-21
-9.01745e-17
-2.03245e-09
-8.89555e-17
-2.25618e-06
-1.3952e-07
-3.78959e-05
7.16014e-07
-2.54562e-21
-1.71004e-16
-5.06123e-21
-1.67992e-16
-7.56065e-21
-1.65032e-16
-1.00556e-20
-1.62125e-16
-1.25553e-20
-1.59268e-16
-1.50656e-20
-1.56462e-16
-1.75879e-20
-1.53705e-16
-2.01169e-20
-1.50997e-16
-2.26377e-20
-1.48336e-16
-2.51213e-20
-1.45722e-16
-2.75184e-20
-1.43153e-16
-2.97507e-20
-1.4063e-16
-3.17007e-20
-1.38151e-16
-3.3199e-20
-1.35716e-16
-3.40154e-20
-1.33323e-16
-3.38573e-20
-1.30972e-16
-3.23941e-20
-1.28663e-16
-2.93281e-20
-1.26394e-16
-2.45485e-20
-1.24166e-16
-1.83879e-20
-1.21977e-16
-1.19214e-20
-1.19828e-16
-6.94583e-21
-1.17718e-16
-4.42914e-21
-1.15645e-16
-3.92925e-21
-1.13609e-16
-4.77657e-21
-1.11608e-16
-6.38498e-21
-1.09643e-16
-8.28235e-21
-1.07712e-16
-1.00669e-20
-1.05814e-16
-1.13555e-20
-1.0395e-16
-1.17497e-20
-1.02118e-16
-1.08392e-20
-1.00319e-16
-8.28596e-21
-9.85508e-17
-4.07566e-21
-9.68144e-17
8.87266e-22
-9.5109e-17
3.50338e-21
-9.34341e-17
2.90128e-21
-9.1789e-17
1.08486e-21
-9.01727e-17
-2.11316e-12
-8.92145e-17
-2.19961e-07
-1.07355e-07
-3.82798e-05
1.27229e-07
-2.30808e-21
-1.71002e-16
-4.5811e-21
-1.6799e-16
-6.82396e-21
-1.6503e-16
-9.0394e-21
-1.62123e-16
-1.12272e-20
-1.59266e-16
-1.3383e-20
-1.5646e-16
-1.54974e-20
-1.53703e-16
-1.75538e-20
-1.50995e-16
-1.95264e-20
-1.48334e-16
-2.1378e-20
-1.4572e-16
-2.30567e-20
-1.43152e-16
-2.44936e-20
-1.40629e-16
-2.56012e-20
-1.3815e-16
-2.62744e-20
-1.35715e-16
-2.63964e-20
-1.33323e-16
-2.58534e-20
-1.30973e-16
-2.4561e-20
-1.28664e-16
-2.25046e-20
-1.26396e-16
-1.979e-20
-1.24168e-16
-1.66849e-20
-1.2198e-16
-1.36136e-20
-1.19831e-16
-1.10451e-20
-1.1772e-16
-9.25933e-21
-1.15647e-16
-8.259e-21
-1.1361e-16
-7.88847e-21
-1.11609e-16
-7.93178e-21
-1.09643e-16
-8.1645e-21
-1.07711e-16
-8.37665e-21
-1.05814e-16
-8.3844e-21
-1.0395e-16
-8.04324e-21
-1.02118e-16
-7.27046e-21
-1.00319e-16
-6.08035e-21
-9.8552e-17
-4.62643e-21
-9.68158e-17
-3.22371e-21
-9.51104e-17
-2.27675e-21
-9.34351e-17
-1.93688e-21
-9.17893e-17
-2.06419e-21
-9.01726e-17
-6.8117e-12
-8.93381e-17
-1.53561e-07
-1.1e-07
-3.85637e-05
9.78735e-08
-2.05853e-21
-1.71e-16
-4.07902e-21
-1.67988e-16
-6.05947e-21
-1.65028e-16
-7.99614e-21
-1.62121e-16
-9.88271e-21
-1.59264e-16
-1.17094e-20
-1.56458e-16
-1.3462e-20
-1.53701e-16
-1.51211e-20
-1.50993e-16
-1.66608e-20
-1.48332e-16
-1.80483e-20
-1.45718e-16
-1.92434e-20
-1.43151e-16
-2.01991e-20
-1.40628e-16
-2.08634e-20
-1.38149e-16
-2.11835e-20
-1.35715e-16
-2.11126e-20
-1.33323e-16
-2.062e-20
-1.30973e-16
-1.97035e-20
-1.28665e-16
-1.84035e-20
-1.26397e-16
-1.68116e-20
-1.2417e-16
-1.50697e-20
-1.21982e-16
-1.33494e-20
-1.19833e-16
-1.18118e-20
-1.17722e-16
-1.05597e-20
-1.15648e-16
-9.61887e-21
-1.13611e-16
-8.95289e-21
-1.11609e-16
-8.48801e-21
-1.09643e-16
-8.13555e-21
-1.07712e-16
-7.80859e-21
-1.05814e-16
-7.43443e-21
-1.0395e-16
-6.96455e-21
-1.02119e-16
-6.38284e-21
-1.0032e-16
-5.71077e-21
-9.85526e-17
-5.00625e-21
-9.68165e-17
-4.35094e-21
-9.5111e-17
-3.8222e-21
-9.34356e-17
-3.4559e-21
-9.17897e-17
-3.267e-21
-9.01728e-17
-9.11854e-12
-8.94105e-17
-1.49716e-07
-1.15784e-07
-3.88408e-05
9.60597e-08
-1.81281e-21
-1.70998e-16
-3.58681e-21
-1.67986e-16
-5.3154e-21
-1.65026e-16
-6.99096e-21
-1.62119e-16
-8.60406e-21
-1.59263e-16
-1.01429e-20
-1.56457e-16
-1.15929e-20
-1.537e-16
-1.2936e-20
-1.50992e-16
-1.41512e-20
-1.48331e-16
-1.5214e-20
-1.45717e-16
-1.60976e-20
-1.4315e-16
-1.6774e-20
-1.40627e-16
-1.72165e-20
-1.38149e-16
-1.74029e-20
-1.35714e-16
-1.73193e-20
-1.33323e-16
-1.69653e-20
-1.30973e-16
-1.63582e-20
-1.28665e-16
-1.55359e-20
-1.26398e-16
-1.45564e-20
-1.24171e-16
-1.34925e-20
-1.21983e-16
-1.24213e-20
-1.19834e-16
-1.14104e-20
-1.17723e-16
-1.05058e-20
-1.15649e-16
-9.72599e-21
-1.13611e-16
-9.0654e-21
-1.1161e-16
-8.50132e-21
-1.09644e-16
-8.00248e-21
-1.07712e-16
-7.53675e-21
-1.05815e-16
-7.0773e-21
-1.03951e-16
-6.60709e-21
-1.02119e-16
-6.12117e-21
-1.0032e-16
-5.62671e-21
-9.85531e-17
-5.14021e-21
-9.6817e-17
-4.68204e-21
-9.51115e-17
-4.26929e-21
-9.3436e-17
-3.9096e-21
-9.17901e-17
-3.63287e-21
-9.01731e-17
-1.03065e-11
-8.94719e-17
-1.50591e-07
-1.22596e-07
-3.91172e-05
9.56648e-08
-1.58185e-21
-1.70997e-16
-3.12598e-21
-1.67984e-16
-4.62329e-21
-1.65025e-16
-6.06429e-21
-1.62117e-16
-7.43858e-21
-1.59261e-16
-8.73452e-21
-1.56455e-16
-9.93904e-21
-1.53699e-16
-1.10376e-20
-1.50991e-16
-1.20145e-20
-1.4833e-16
-1.28531e-20
-1.45717e-16
-1.35373e-20
-1.43149e-16
-1.40518e-20
-1.40627e-16
-1.43848e-20
-1.38149e-16
-1.45288e-20
-1.35714e-16
-1.44836e-20
-1.33323e-16
-1.42573e-20
-1.30974e-16
-1.38674e-20
-1.28666e-16
-1.33413e-20
-1.26399e-16
-1.2714e-20
-1.24172e-16
-1.20247e-20
-1.21984e-16
-1.13122e-20
-1.19835e-16
-1.06099e-20
-1.17723e-16
-9.94198e-21
-1.15649e-16
-9.32144e-21
-1.13612e-16
-8.75123e-21
-1.1161e-16
-8.22657e-21
-1.09644e-16
-7.73821e-21
-1.07713e-16
-7.27559e-21
-1.05815e-16
-6.82947e-21
-1.03951e-16
-6.39368e-21
-1.0212e-16
-5.96592e-21
-1.00321e-16
-5.54748e-21
-9.85536e-17
-5.14218e-21
-9.68174e-17
-4.75455e-21
-9.51119e-17
-4.38803e-21
-9.34364e-17
-4.04355e-21
-9.17904e-17
-3.75641e-21
-9.01734e-17
-1.13442e-11
-8.9566e-17
-1.51508e-07
-1.32016e-07
-3.93932e-05
9.54042e-08
-1.37199e-21
-1.70995e-16
-2.70869e-21
-1.67983e-16
-4.00002e-21
-1.65024e-16
-5.23607e-21
-1.62116e-16
-6.40676e-21
-1.5926e-16
-7.50162e-21
-1.56454e-16
-8.50985e-21
-1.53698e-16
-9.42035e-21
-1.5099e-16
-1.02221e-20
-1.48329e-16
-1.09045e-20
-1.45716e-16
-1.14583e-20
-1.43148e-16
-1.18761e-20
-1.40626e-16
-1.21534e-20
-1.38148e-16
-1.22898e-20
-1.35714e-16
-1.22891e-20
-1.33323e-16
-1.21605e-20
-1.30974e-16
-1.1918e-20
-1.28666e-16
-1.15801e-20
-1.26399e-16
-1.11683e-20
-1.24172e-16
-1.07054e-20
-1.21984e-16
-1.02131e-20
-1.19835e-16
-9.71027e-21
-1.17724e-16
-9.21132e-21
-1.1565e-16
-8.72578e-21
-1.13612e-16
-8.25857e-21
-1.11611e-16
-7.81087e-21
-1.09645e-16
-7.38141e-21
-1.07713e-16
-6.96774e-21
-1.05816e-16
-6.56731e-21
-1.03951e-16
-6.1782e-21
-1.0212e-16
-5.79948e-21
-1.00321e-16
-5.43113e-21
-9.85539e-17
-5.07379e-21
-9.68178e-17
-4.72823e-21
-9.51122e-17
-4.39491e-21
-9.34367e-17
-4.07364e-21
-9.17907e-17
-3.8053e-21
-9.01737e-17
-1.2632e-11
-8.96814e-17
-1.52069e-07
-1.43294e-07
-3.96685e-05
9.5203e-08
-1.18596e-21
-1.70994e-16
-2.33982e-21
-1.67982e-16
-3.45157e-21
-1.65022e-16
-4.51175e-21
-1.62115e-16
-5.51121e-21
-1.59259e-16
-6.44105e-21
-1.56453e-16
-7.29265e-21
-1.53697e-16
-8.05783e-21
-1.50989e-16
-8.72905e-21
-1.48329e-16
-9.29982e-21
-1.45715e-16
-9.76508e-21
-1.43148e-16
-1.01217e-20
-1.40626e-16
-1.03688e-20
-1.38148e-16
-1.05084e-20
-1.35714e-16
-1.05454e-20
-1.33323e-16
-1.04876e-20
-1.30974e-16
-1.03455e-20
-1.28666e-16
-1.01316e-20
-1.26399e-16
-9.85977e-21
-1.24172e-16
-9.54412e-21
-1.21985e-16
-9.19797e-21
-1.19836e-16
-8.83307e-21
-1.17724e-16
-8.45895e-21
-1.1565e-16
-8.08273e-21
-1.13613e-16
-7.70922e-21
-1.11611e-16
-7.34125e-21
-1.09645e-16
-6.98022e-21
-1.07713e-16
-6.62662e-21
-1.05816e-16
-6.28043e-21
-1.03952e-16
-5.94156e-21
-1.02121e-16
-5.60994e-21
-1.00322e-16
-5.28563e-21
-9.85542e-17
-4.96876e-21
-9.68181e-17
-4.65938e-21
-9.51125e-17
-4.35743e-21
-9.3437e-17
-4.06256e-21
-9.1791e-17
-3.82092e-21
-9.0174e-17
-1.41076e-11
-8.98116e-17
-1.52253e-07
-1.5629e-07
-3.99426e-05
9.50316e-08
-1.02394e-21
-1.70993e-16
-2.01927e-21
-1.67981e-16
-2.97669e-21
-1.65021e-16
-3.88762e-21
-1.62114e-16
-4.74408e-21
-1.59258e-16
-5.53873e-21
-1.56452e-16
-6.26482e-21
-1.53696e-16
-6.91637e-21
-1.50988e-16
-7.4883e-21
-1.48328e-16
-7.97667e-21
-1.45715e-16
-8.3789e-21
-1.43148e-16
-8.69399e-21
-1.40625e-16
-8.92271e-21
-1.38148e-16
-9.06771e-21
-1.35714e-16
-9.1335e-21
-1.33323e-16
-9.12632e-21
-1.30974e-16
-9.05389e-21
-1.28666e-16
-8.92493e-21
-1.26399e-16
-8.74872e-21
-1.24173e-16
-8.53455e-21
-1.21985e-16
-8.29121e-21
-1.19836e-16
-8.02655e-21
-1.17725e-16
-7.74726e-21
-1.15651e-16
-7.45872e-21
-1.13613e-16
-7.16505e-21
-1.11612e-16
-6.86922e-21
-1.09645e-16
-6.57334e-21
-1.07714e-16
-6.27879e-21
-1.05816e-16
-5.98653e-21
-1.03952e-16
-5.6972e-21
-1.02121e-16
-5.41126e-21
-1.00322e-16
-5.12907e-21
-9.85545e-17
-4.85089e-21
-9.68184e-17
-4.57691e-21
-9.51128e-17
-4.30725e-21
-9.34373e-17
-4.04193e-21
-9.17913e-17
-3.83331e-21
-9.01743e-17
-1.58811e-11
-8.99895e-17
-1.52041e-07
-1.72338e-07
-4.02153e-05
9.48973e-08
-8.84539e-22
-1.70992e-16
-1.74397e-21
-1.6798e-16
-2.56996e-21
-1.65021e-16
-3.35501e-21
-1.62113e-16
-4.09235e-21
-1.59258e-16
-4.77599e-21
-1.56452e-16
-5.4007e-21
-1.53696e-16
-5.96208e-21
-1.50988e-16
-6.45672e-21
-1.48328e-16
-6.88223e-21
-1.45714e-16
-7.23739e-21
-1.43147e-16
-7.52224e-21
-1.40625e-16
-7.7381e-21
-1.38148e-16
-7.88759e-21
-1.35714e-16
-7.97452e-21
-1.33323e-16
-8.00373e-21
-1.30974e-16
-7.98093e-21
-1.28666e-16
-7.91234e-21
-1.264e-16
-7.80445e-21
-1.24173e-16
-7.66366e-21
-1.21985e-16
-7.49607e-21
-1.19836e-16
-7.30721e-21
-1.17725e-16
-7.10192e-21
-1.15651e-16
-6.8843e-21
-1.13613e-16
-6.65767e-21
-1.11612e-16
-6.42466e-21
-1.09646e-16
-6.18733e-21
-1.07714e-16
-5.94723e-21
-1.05816e-16
-5.70551e-21
-1.03952e-16
-5.46308e-21
-1.02121e-16
-5.22061e-21
-1.00322e-16
-4.97866e-21
-9.85548e-17
-4.73766e-21
-9.68186e-17
-4.49799e-21
-9.5113e-17
-4.25999e-21
-9.34375e-17
-4.02398e-21
-9.17915e-17
-3.85042e-21
-9.01745e-17
-1.81481e-11
-9.02064e-17
-1.51455e-07
-1.91368e-07
-4.04863e-05
9.48089e-08
-7.65547e-22
-1.70991e-16
-1.50927e-21
-1.67979e-16
-2.22393e-21
-1.6502e-16
-2.90311e-21
-1.62113e-16
-3.54116e-21
-1.59257e-16
-4.13323e-21
-1.56451e-16
-4.67525e-21
-1.53695e-16
-5.164e-21
-1.50987e-16
-5.59711e-21
-1.48327e-16
-5.97315e-21
-1.45714e-16
-6.29163e-21
-1.43147e-16
-6.55305e-21
-1.40625e-16
-6.75881e-21
-1.38147e-16
-6.91124e-21
-1.35714e-16
-7.01344e-21
-1.33323e-16
-7.06917e-21
-1.30974e-16
-7.08269e-21
-1.28666e-16
-7.05857e-21
-1.264e-16
-7.00147e-21
-1.24173e-16
-6.916e-21
-1.21985e-16
-6.80654e-21
-1.19836e-16
-6.67711e-21
-1.17725e-16
-6.53128e-21
-1.15651e-16
-6.37217e-21
-1.13614e-16
-6.20237e-21
-1.11612e-16
-6.02404e-21
-1.09646e-16
-5.83889e-21
-1.07714e-16
-5.6483e-21
-1.05817e-16
-5.45332e-21
-1.03953e-16
-5.25479e-21
-1.02121e-16
-5.05337e-21
-1.00322e-16
-4.84959e-21
-9.8555e-17
-4.6439e-21
-9.68188e-17
-4.43672e-21
-9.51132e-17
-4.2285e-21
-9.34377e-17
-4.01967e-21
-9.17917e-17
-3.88054e-21
-9.01747e-17
-2.09863e-11
-9.04912e-17
-1.50541e-07
-2.14358e-07
-4.07553e-05
9.47996e-08
-6.64421e-22
-1.70991e-16
-1.30999e-21
-1.67978e-16
-1.93055e-21
-1.65019e-16
-2.52069e-21
-1.62112e-16
-3.07575e-21
-1.59256e-16
-3.59183e-21
-1.56451e-16
-4.06574e-21
-1.53694e-16
-4.49509e-21
-1.50987e-16
-4.87822e-21
-1.48327e-16
-5.21428e-21
-1.45714e-16
-5.50316e-21
-1.43147e-16
-5.7455e-21
-1.40625e-16
-5.94264e-21
-1.38147e-16
-6.09654e-21
-1.35713e-16
-6.20972e-21
-1.33322e-16
-6.28511e-21
-1.30974e-16
-6.32596e-21
-1.28666e-16
-6.3357e-21
-1.264e-16
-6.31779e-21
-1.24173e-16
-6.27564e-21
-1.21985e-16
-6.21251e-21
-1.19836e-16
-6.13137e-21
-1.17725e-16
-6.0349e-21
-1.15651e-16
-5.92546e-21
-1.13614e-16
-5.80503e-21
-1.11612e-16
-5.67525e-21
-1.09646e-16
-5.53745e-21
-1.07714e-16
-5.39264e-21
-1.05817e-16
-5.2416e-21
-1.03953e-16
-5.0849e-21
-1.02121e-16
-4.92292e-21
-1.00322e-16
-4.75596e-21
-9.85551e-17
-4.58425e-21
-9.6819e-17
-4.40803e-21
-9.51134e-17
-4.22758e-21
-9.34379e-17
-4.04328e-21
-9.17919e-17
-3.93863e-21
-9.01749e-17
-2.46954e-11
-9.08493e-17
-1.49359e-07
-2.4233e-07
-4.10223e-05
9.49432e-08
-5.78603e-22
-1.7099e-16
-1.14098e-21
-1.67978e-16
-1.68197e-21
-1.65019e-16
-2.19707e-21
-1.62112e-16
-2.68247e-21
-1.59256e-16
-3.13503e-21
-1.5645e-16
-3.55225e-21
-1.53694e-16
-3.93234e-21
-1.50986e-16
-4.27413e-21
-1.48326e-16
-4.5771e-21
-1.45713e-16
-4.84135e-21
-1.43146e-16
-5.06756e-21
-1.40624e-16
-5.25692e-21
-1.38147e-16
-5.41109e-21
-1.35713e-16
-5.53211e-21
-1.33322e-16
-5.6223e-21
-1.30974e-16
-5.68422e-21
-1.28666e-16
-5.72049e-21
-1.26399e-16
-5.7338e-21
-1.24173e-16
-5.72676e-21
-1.21985e-16
-5.70183e-21
-1.19836e-16
-5.66131e-21
-1.17725e-16
-5.60725e-21
-1.15651e-16
-5.54142e-21
-1.13614e-16
-5.46534e-21
-1.11612e-16
-5.38019e-21
-1.09646e-16
-5.2869e-21
-1.07714e-16
-5.1861e-21
-1.05817e-16
-5.07817e-21
-1.03953e-16
-4.96322e-21
-1.02122e-16
-4.8412e-21
-1.00323e-16
-4.71188e-21
-9.85553e-17
-4.57495e-21
-9.68191e-17
-4.4301e-21
-9.51136e-17
-4.27709e-21
-9.34381e-17
-4.11593e-21
-9.17921e-17
-4.04797e-21
-9.01751e-17
-2.97774e-11
-9.13523e-17
-1.47988e-07
-2.77746e-07
-4.12873e-05
9.5362e-08
-5.05702e-22
-1.7099e-16
-9.97466e-22
-1.67977e-16
-1.471e-21
-1.65018e-16
-1.92262e-21
-1.62111e-16
-2.34919e-21
-1.59255e-16
-2.74821e-21
-1.5645e-16
-3.11774e-21
-1.53694e-16
-3.4564e-21
-1.50986e-16
-3.76337e-21
-1.48326e-16
-4.03837e-21
-1.45713e-16
-4.28159e-21
-1.43146e-16
-4.4937e-21
-1.40624e-16
-4.67574e-21
-1.38147e-16
-4.82914e-21
-1.35713e-16
-4.95557e-21
-1.33322e-16
-5.05694e-21
-1.30974e-16
-5.13531e-21
-1.28666e-16
-5.1928e-21
-1.26399e-16
-5.23155e-21
-1.24173e-16
-5.25364e-21
-1.21985e-16
-5.26108e-21
-1.19836e-16
-5.25568e-21
-1.17725e-16
-5.23912e-21
-1.15651e-16
-5.2128e-21
-1.13614e-16
-5.17791e-21
-1.11612e-16
-5.13536e-21
-1.09646e-16
-5.08576e-21
-1.07714e-16
-5.02943e-21
-1.05817e-16
-4.96635e-21
-1.03953e-16
-4.89619e-21
-1.02122e-16
-4.81826e-21
-1.00323e-16
-4.73155e-21
-9.85554e-17
-4.63474e-21
-9.68192e-17
-4.52626e-21
-9.51137e-17
-4.40434e-21
-9.34382e-17
-4.26719e-21
-9.17922e-17
-4.24174e-21
-9.01752e-17
-3.71835e-11
-9.20581e-17
-1.46532e-07
-3.23001e-07
-4.15509e-05
9.62282e-08
-4.43573e-22
-1.70989e-16
-8.75174e-22
-1.67977e-16
-1.29128e-21
-1.65018e-16
-1.68886e-21
-1.62111e-16
-2.06539e-21
-1.59255e-16
-2.41888e-21
-1.56449e-16
-2.7478e-21
-1.53693e-16
-3.05111e-21
-1.50986e-16
-3.32825e-21
-1.48326e-16
-3.57907e-21
-1.45713e-16
-3.80384e-21
-1.43146e-16
-4.00319e-21
-1.40624e-16
-4.17805e-21
-1.38147e-16
-4.32967e-21
-1.35713e-16
-4.45946e-21
-1.33322e-16
-4.56905e-21
-1.30973e-16
-4.66016e-21
-1.28666e-16
-4.73459e-21
-1.26399e-16
-4.79414e-21
-1.24173e-16
-4.8406e-21
-1.21985e-16
-4.87568e-21
-1.19836e-16
-4.90099e-21
-1.17725e-16
-4.91799e-21
-1.15651e-16
-4.92799e-21
-1.13614e-16
-4.93208e-21
-1.11612e-16
-4.93112e-21
-1.09646e-16
-4.92568e-21
-1.07714e-16
-4.91603e-21
-1.05817e-16
-4.90205e-21
-1.03953e-16
-4.88322e-21
-1.02122e-16
-4.85847e-21
-1.00323e-16
-4.82616e-21
-9.85554e-17
-4.78393e-21
-9.68193e-17
-4.72864e-21
-9.51137e-17
-4.65622e-21
-9.34383e-17
-4.56162e-21
-9.17923e-17
-4.61287e-21
-9.01754e-17
-4.92908e-11
-9.31204e-17
-1.45034e-07
-3.86837e-07
-4.18138e-05
9.78332e-08
-3.90348e-22
-1.70989e-16
-7.70405e-22
-1.67977e-16
-1.13729e-21
-1.65018e-16
-1.48854e-21
-1.62111e-16
-1.82214e-21
-1.59255e-16
-2.13647e-21
-1.56449e-16
-2.43037e-21
-1.53693e-16
-2.70305e-21
-1.50986e-16
-2.95413e-21
-1.48326e-16
-3.18358e-21
-1.45713e-16
-3.39169e-21
-1.43146e-16
-3.57907e-21
-1.40624e-16
-3.74657e-21
-1.38147e-16
-3.89529e-21
-1.35713e-16
-4.02648e-21
-1.33322e-16
-4.14157e-21
-1.30973e-16
-4.24206e-21
-1.28666e-16
-4.32954e-21
-1.26399e-16
-4.40565e-21
-1.24173e-16
-4.472e-21
-1.21985e-16
-4.53019e-21
-1.19836e-16
-4.58178e-21
-1.17725e-16
-4.62826e-21
-1.15651e-16
-4.67102e-21
-1.13614e-16
-4.71131e-21
-1.11612e-16
-4.75028e-21
-1.09646e-16
-4.78885e-21
-1.07714e-16
-4.82773e-21
-1.05817e-16
-4.86735e-21
-1.03953e-16
-4.90775e-21
-1.02122e-16
-4.94846e-21
-1.00323e-16
-4.98834e-21
-9.85554e-17
-5.02538e-21
-9.68192e-17
-5.05633e-21
-9.51137e-17
-5.07637e-21
-9.34382e-17
-5.07852e-21
-9.17923e-17
-5.31186e-21
-9.01754e-17
-7.30923e-11
-9.50601e-17
-1.43434e-07
-4.89956e-07
-4.20772e-05
1.00588e-07
-3.44437e-22
-1.70988e-16
-6.80013e-22
-1.67976e-16
-1.00439e-21
-1.65017e-16
-1.31557e-21
-1.6211e-16
-1.61192e-21
-1.59254e-16
-1.89219e-21
-1.56449e-16
-2.15546e-21
-1.53693e-16
-2.40115e-21
-1.50985e-16
-2.62901e-21
-1.48325e-16
-2.83908e-21
-1.45712e-16
-3.0317e-21
-1.43145e-16
-3.20743e-21
-1.40624e-16
-3.36706e-21
-1.38146e-16
-3.51157e-21
-1.35713e-16
-3.64211e-21
-1.33322e-16
-3.75995e-21
-1.30973e-16
-3.86645e-21
-1.28666e-16
-3.96308e-21
-1.26399e-16
-4.05134e-21
-1.24172e-16
-4.13278e-21
-1.21985e-16
-4.209e-21
-1.19836e-16
-4.28159e-21
-1.17725e-16
-4.35215e-21
-1.15651e-16
-4.42231e-21
-1.13614e-16
-4.49368e-21
-1.11612e-16
-4.56791e-21
-1.09646e-16
-4.64663e-21
-1.07714e-16
-4.73149e-21
-1.05817e-16
-4.82412e-21
-1.03953e-16
-4.92615e-21
-1.02121e-16
-5.0391e-21
-1.00323e-16
-5.16438e-21
-9.85552e-17
-5.30308e-21
-9.68191e-17
-5.4558e-21
-9.51135e-17
-5.62228e-21
-9.34381e-17
-5.8008e-21
-9.17921e-17
-6.4253e-21
-9.01752e-17
-1.24893e-10
-9.88684e-17
-1.41746e-07
-6.62936e-07
-4.23426e-05
1.04816e-07
-3.04506e-22
-1.70988e-16
-6.01367e-22
-1.67976e-16
-8.88683e-22
-1.65017e-16
-1.16484e-21
-1.6211e-16
-1.42855e-21
-1.59254e-16
-1.67878e-21
-1.56449e-16
-1.91486e-21
-1.53693e-16
-2.13633e-21
-1.50985e-16
-2.34307e-21
-1.48325e-16
-2.53516e-21
-1.45712e-16
-2.71294e-21
-1.43145e-16
-2.87695e-21
-1.40624e-16
-3.02792e-21
-1.38146e-16
-3.16673e-21
-1.35713e-16
-3.29441e-21
-1.33322e-16
-3.41212e-21
-1.30973e-16
-3.52111e-21
-1.28666e-16
-3.62272e-21
-1.26399e-16
-3.71837e-21
-1.24172e-16
-3.80955e-21
-1.21985e-16
-3.8978e-21
-1.19836e-16
-3.98476e-21
-1.17725e-16
-4.07212e-21
-1.15651e-16
-4.16169e-21
-1.13614e-16
-4.2554e-21
-1.11612e-16
-4.35534e-21
-1.09646e-16
-4.46381e-21
-1.07714e-16
-4.58339e-21
-1.05817e-16
-4.71702e-21
-1.03953e-16
-4.86811e-21
-1.02121e-16
-5.04071e-21
-1.00322e-16
-5.23963e-21
-9.8555e-17
-5.4708e-21
-9.68189e-17
-5.74146e-21
-9.51133e-17
-6.06073e-21
-9.34378e-17
-6.44008e-21
-9.17917e-17
-7.69515e-21
-9.01747e-17
-2.29738e-10
-1.05849e-16
-1.40634e-07
-9.1629e-07
-4.26118e-05
1.10201e-07
-2.69457e-22
-1.70988e-16
-5.32303e-22
-1.67976e-16
-7.86991e-22
-1.65017e-16
-1.03222e-21
-1.6211e-16
-1.26694e-21
-1.59254e-16
-1.49035e-21
-1.56448e-16
-1.70191e-21
-1.53692e-16
-1.9013e-21
-1.50985e-16
-2.08845e-21
-1.48325e-16
-2.26348e-21
-1.45712e-16
-2.42671e-21
-1.43145e-16
-2.57864e-21
-1.40623e-16
-2.71994e-21
-1.38146e-16
-2.85139e-21
-1.35712e-16
-2.97392e-21
-1.33322e-16
-3.08855e-21
-1.30973e-16
-3.19642e-21
-1.28666e-16
-3.29872e-21
-1.26399e-16
-3.39674e-21
-1.24172e-16
-3.49185e-21
-1.21985e-16
-3.58548e-21
-1.19836e-16
-3.67916e-21
-1.17725e-16
-3.77453e-21
-1.15651e-16
-3.87334e-21
-1.13613e-16
-3.97751e-21
-1.11612e-16
-4.08916e-21
-1.09646e-16
-4.21071e-21
-1.07714e-16
-4.34493e-21
-1.05817e-16
-4.49507e-21
-1.03952e-16
-4.66502e-21
-1.02121e-16
-4.85953e-21
-1.00322e-16
-5.08451e-21
-9.85548e-17
-5.34739e-21
-9.68186e-17
-5.65772e-21
-9.5113e-17
-6.02793e-21
-9.34374e-17
-6.47439e-21
-9.17913e-17
-8.38832e-21
-9.01742e-17
-3.78996e-10
-1.15775e-16
-1.42133e-07
-1.18735e-06
-4.28874e-05
1.1526e-07
-2.38401e-22
-1.70988e-16
-4.71069e-22
-1.67976e-16
-6.96736e-22
-1.65016e-16
-9.14341e-22
-1.62109e-16
-1.12303e-21
-1.59254e-16
-1.32217e-21
-1.56448e-16
-1.51133e-21
-1.53692e-16
-1.69026e-21
-1.50985e-16
-1.85894e-21
-1.48325e-16
-2.01749e-21
-1.45712e-16
-2.16621e-21
-1.43145e-16
-2.30555e-21
-1.40623e-16
-2.43609e-21
-1.38146e-16
-2.55852e-21
-1.35712e-16
-2.67363e-21
-1.33321e-16
-2.78233e-21
-1.30973e-16
-2.88558e-21
-1.28666e-16
-2.98441e-21
-1.26399e-16
-3.07993e-21
-1.24172e-16
-3.1733e-21
-1.21985e-16
-3.26574e-21
-1.19836e-16
-3.35851e-21
-1.17725e-16
-3.45298e-21
-1.15651e-16
-3.55054e-21
-1.13613e-16
-3.65274e-21
-1.11612e-16
-3.7612e-21
-1.09646e-16
-3.8777e-21
-1.07714e-16
-4.00422e-21
-1.05816e-16
-4.14297e-21
-1.03952e-16
-4.29645e-21
-1.02121e-16
-4.46751e-21
-1.00322e-16
-4.65944e-21
-9.85546e-17
-4.87604e-21
-9.68184e-17
-5.1217e-21
-9.51127e-17
-5.40144e-21
-9.34371e-17
-5.72093e-21
-9.1791e-17
-7.9567e-21
-9.01738e-17
-4.72085e-10
-1.25099e-16
-1.48161e-07
-1.38241e-06
-4.31723e-05
1.1864e-07
-2.10631e-22
-1.70987e-16
-4.16274e-22
-1.67975e-16
-6.1588e-22
-1.65016e-16
-8.08569e-22
-1.62109e-16
-9.9364e-22
-1.59254e-16
-1.17057e-21
-1.56448e-16
-1.339e-21
-1.53692e-16
-1.49875e-21
-1.50985e-16
-1.64979e-21
-1.48325e-16
-1.79225e-21
-1.45712e-16
-1.92638e-21
-1.43145e-16
-2.05257e-21
-1.40623e-16
-2.1713e-21
-1.38146e-16
-2.28316e-21
-1.35712e-16
-2.38882e-21
-1.33321e-16
-2.48902e-21
-1.30973e-16
-2.58455e-21
-1.28665e-16
-2.67626e-21
-1.26399e-16
-2.76503e-21
-1.24172e-16
-2.85177e-21
-1.21985e-16
-2.93741e-21
-1.19836e-16
-3.02286e-21
-1.17725e-16
-3.10908e-21
-1.15651e-16
-3.19697e-21
-1.13613e-16
-3.28745e-21
-1.11612e-16
-3.38136e-21
-1.09646e-16
-3.47953e-21
-1.07714e-16
-3.58267e-21
-1.05816e-16
-3.69138e-21
-1.03952e-16
-3.80608e-21
-1.02121e-16
-3.92689e-21
-1.00322e-16
-4.05352e-21
-9.85545e-17
-4.18509e-21
-9.68182e-17
-4.3198e-21
-9.51126e-17
-4.4545e-21
-9.3437e-17
-4.58409e-21
-9.17909e-17
-6.6406e-21
-9.01737e-17
-4.39214e-10
-1.30337e-16
-1.58033e-07
-1.47004e-06
-4.34696e-05
1.21161e-07
-1.85595e-22
-1.70987e-16
-3.66839e-22
-1.67975e-16
-5.42843e-22
-1.65016e-16
-7.12864e-22
-1.62109e-16
-8.76307e-22
-1.59253e-16
-1.03272e-21
-1.56448e-16
-1.18181e-21
-1.53692e-16
-1.32342e-21
-1.50984e-16
-1.4575e-21
-1.48325e-16
-1.58417e-21
-1.45712e-16
-1.70362e-21
-1.43145e-16
-1.81616e-21
-1.40623e-16
-1.9222e-21
-1.38146e-16
-2.02219e-21
-1.35712e-16
-2.1167e-21
-1.33321e-16
-2.20629e-21
-1.30973e-16
-2.29161e-21
-1.28665e-16
-2.3733e-21
-1.26399e-16
-2.45204e-21
-1.24172e-16
-2.52848e-21
-1.21984e-16
-2.60326e-21
-1.19836e-16
-2.67699e-21
-1.17724e-16
-2.75021e-21
-1.15651e-16
-2.82338e-21
-1.13613e-16
-2.89683e-21
-1.11612e-16
-2.97077e-21
-1.09645e-16
-3.04518e-21
-1.07714e-16
-3.1198e-21
-1.05816e-16
-3.19404e-21
-1.03952e-16
-3.26687e-21
-1.02121e-16
-3.33674e-21
-1.00322e-16
-3.40141e-21
-9.85544e-17
-3.45774e-21
-9.68182e-17
-3.50151e-21
-9.51125e-17
-3.52711e-21
-9.34369e-17
-3.52718e-21
-9.17909e-17
-5.1404e-21
-9.01738e-17
-3.43994e-10
-1.30981e-16
-1.69862e-07
-1.47216e-06
-4.37826e-05
1.24814e-07
-1.62877e-22
-1.70987e-16
-3.21946e-22
-1.67975e-16
-4.76436e-22
-1.65016e-16
-6.25699e-22
-1.62109e-16
-7.69211e-22
-1.59253e-16
-9.06575e-22
-1.56448e-16
-1.03752e-21
-1.53692e-16
-1.16188e-21
-1.50984e-16
-1.27962e-21
-1.48324e-16
-1.39078e-21
-1.45712e-16
-1.49553e-21
-1.43145e-16
-1.59409e-21
-1.40623e-16
-1.68676e-21
-1.38146e-16
-1.77393e-21
-1.35712e-16
-1.85599e-21
-1.33321e-16
-1.93342e-21
-1.30973e-16
-2.00669e-21
-1.28665e-16
-2.0763e-21
-1.26399e-16
-2.14274e-21
-1.24172e-16
-2.20648e-21
-1.21984e-16
-2.26796e-21
-1.19835e-16
-2.32755e-21
-1.17724e-16
-2.38555e-21
-1.1565e-16
-2.44212e-21
-1.13613e-16
-2.4973e-21
-1.11612e-16
-2.55093e-21
-1.09645e-16
-2.60263e-21
-1.07714e-16
-2.65174e-21
-1.05816e-16
-2.69724e-21
-1.03952e-16
-2.73773e-21
-1.02121e-16
-2.77134e-21
-1.00322e-16
-2.79566e-21
-9.85544e-17
-2.80768e-21
-9.68182e-17
-2.80373e-21
-9.51125e-17
-2.77949e-21
-9.3437e-17
-2.72993e-21
-9.17909e-17
-3.9191e-21
-9.01738e-17
-2.56015e-10
-1.28244e-16
-1.82834e-07
-1.41721e-06
-4.41149e-05
1.30902e-07
-1.4217e-22
-1.70987e-16
-2.80998e-22
-1.67975e-16
-4.15793e-22
-1.65016e-16
-5.4597e-22
-1.62109e-16
-6.71052e-22
-1.59253e-16
-7.90668e-22
-1.56448e-16
-9.04549e-22
-1.53692e-16
-1.01253e-21
-1.50984e-16
-1.11453e-21
-1.48324e-16
-1.21056e-21
-1.45711e-16
-1.30071e-21
-1.43145e-16
-1.38514e-21
-1.40623e-16
-1.46407e-21
-1.38146e-16
-1.53776e-21
-1.35712e-16
-1.60654e-21
-1.33321e-16
-1.67074e-21
-1.30972e-16
-1.73074e-21
-1.28665e-16
-1.78691e-21
-1.26399e-16
-1.83964e-21
-1.24172e-16
-1.88929e-21
-1.21984e-16
-1.93618e-21
-1.19835e-16
-1.98059e-21
-1.17724e-16
-2.02275e-21
-1.1565e-16
-2.06277e-21
-1.13613e-16
-2.10065e-21
-1.11612e-16
-2.13623e-21
-1.09645e-16
-2.16919e-21
-1.07714e-16
-2.19898e-21
-1.05816e-16
-2.22482e-21
-1.03952e-16
-2.24564e-21
-1.02121e-16
-2.26007e-21
-1.00322e-16
-2.26645e-21
-9.85544e-17
-2.26282e-21
-9.68182e-17
-2.24696e-21
-9.51126e-17
-2.21645e-21
-9.3437e-17
-2.1688e-21
-9.17909e-17
-3.04367e-21
-9.01739e-17
-1.91834e-10
-1.23362e-16
-1.97203e-07
-1.32314e-06
-4.4471e-05
1.39963e-07
-1.23256e-22
-1.70987e-16
-2.43572e-22
-1.67975e-16
-3.60308e-22
-1.65016e-16
-4.72919e-22
-1.62109e-16
-5.8095e-22
-1.59253e-16
-6.84039e-22
-1.56448e-16
-7.81911e-22
-1.53692e-16
-8.74374e-22
-1.50984e-16
-9.61314e-22
-1.48324e-16
-1.04269e-21
-1.45711e-16
-1.11853e-21
-1.43144e-16
-1.18891e-21
-1.40623e-16
-1.25398e-21
-1.38145e-16
-1.31391e-21
-1.35712e-16
-1.36892e-21
-1.33321e-16
-1.41928e-21
-1.30972e-16
-1.46526e-21
-1.28665e-16
-1.50716e-21
-1.26399e-16
-1.5453e-21
-1.24172e-16
-1.58e-21
-1.21984e-16
-1.61157e-21
-1.19835e-16
-1.64031e-21
-1.17724e-16
-1.66651e-21
-1.1565e-16
-1.6904e-21
-1.13613e-16
-1.71216e-21
-1.11612e-16
-1.73192e-21
-1.09645e-16
-1.74971e-21
-1.07714e-16
-1.76543e-21
-1.05816e-16
-1.77887e-21
-1.03952e-16
-1.78967e-21
-1.02121e-16
-1.7973e-21
-1.00322e-16
-1.80107e-21
-9.85544e-17
-1.80013e-21
-9.68182e-17
-1.79351e-21
-9.51126e-17
-1.78017e-21
-9.3437e-17
-1.75906e-21
-9.1791e-17
-2.409e-21
-9.01739e-17
-1.44871e-10
-1.17243e-16
-2.13667e-07
-1.1981e-06
-4.48566e-05
1.5234e-07
-1.05989e-22
-1.70987e-16
-2.09386e-22
-1.67975e-16
-3.09583e-22
-1.65016e-16
-4.06053e-22
-1.62109e-16
-4.98352e-22
-1.59253e-16
-5.86112e-22
-1.56447e-16
-6.6904e-22
-1.53691e-16
-7.46914e-22
-1.50984e-16
-8.19577e-22
-1.48324e-16
-8.86931e-22
-1.45711e-16
-9.48936e-22
-1.43144e-16
-1.0056e-21
-1.40623e-16
-1.05698e-21
-1.38145e-16
-1.10317e-21
-1.35712e-16
-1.1443e-21
-1.33321e-16
-1.18055e-21
-1.30972e-16
-1.21213e-21
-1.28665e-16
-1.23926e-21
-1.26399e-16
-1.26221e-21
-1.24172e-16
-1.2813e-21
-1.21984e-16
-1.29686e-21
-1.19835e-16
-1.30925e-21
-1.17724e-16
-1.31891e-21
-1.1565e-16
-1.32627e-21
-1.13613e-16
-1.33183e-21
-1.11612e-16
-1.33611e-21
-1.09645e-16
-1.33966e-21
-1.07714e-16
-1.34306e-21
-1.05816e-16
-1.34685e-21
-1.03952e-16
-1.35158e-21
-1.02121e-16
-1.35772e-21
-1.00322e-16
-1.36562e-21
-9.85544e-17
-1.37551e-21
-9.68182e-17
-1.38743e-21
-9.51126e-17
-1.40122e-21
-9.3437e-17
-1.41654e-21
-9.1791e-17
-1.89691e-21
-9.01739e-17
-1.0675e-10
-1.10439e-16
-2.33053e-07
-1.0437e-06
-4.52783e-05
1.685e-07
-9.02733e-23
-1.70987e-16
-1.7826e-22
-1.67975e-16
-2.63367e-22
-1.65015e-16
-3.45079e-22
-1.62109e-16
-4.22947e-22
-1.59253e-16
-4.96591e-22
-1.56447e-16
-5.65696e-22
-1.53691e-16
-6.30002e-22
-1.50984e-16
-6.89304e-22
-1.48324e-16
-7.43449e-22
-1.45711e-16
-7.92326e-22
-1.43144e-16
-8.35865e-22
-1.40623e-16
-8.74038e-22
-1.38145e-16
-9.06849e-22
-1.35712e-16
-9.34339e-22
-1.33321e-16
-9.56584e-22
-1.30972e-16
-9.73697e-22
-1.28665e-16
-9.85834e-22
-1.26398e-16
-9.93198e-22
-1.24172e-16
-9.96049e-22
-1.21984e-16
-9.94715e-22
-1.19835e-16
-9.8961e-22
-1.17724e-16
-9.81248e-22
-1.1565e-16
-9.70263e-22
-1.13613e-16
-9.5743e-22
-1.11612e-16
-9.43685e-22
-1.09645e-16
-9.30143e-22
-1.07714e-16
-9.18101e-22
-1.05816e-16
-9.09037e-22
-1.03952e-16
-9.04581e-22
-1.02121e-16
-9.06466e-22
-1.00322e-16
-9.16439e-22
-9.85544e-17
-9.36134e-22
-9.68182e-17
-9.66911e-22
-9.51125e-17
-1.00967e-21
-9.3437e-17
-1.06466e-21
-9.17909e-17
-1.41077e-21
-9.01739e-17
-7.2298e-11
-1.03271e-16
-2.5615e-07
-8.57095e-07
-4.57446e-05
1.89101e-07
-7.60499e-23
-1.70987e-16
-1.50082e-22
-1.67974e-16
-2.21515e-22
-1.65015e-16
-2.89833e-22
-1.62108e-16
-3.54582e-22
-1.59253e-16
-4.15367e-22
-1.56447e-16
-4.71845e-22
-1.53691e-16
-5.23721e-22
-1.50984e-16
-5.70741e-22
-1.48324e-16
-6.12692e-22
-1.45711e-16
-6.49394e-22
-1.43144e-16
-6.80698e-22
-1.40623e-16
-7.06483e-22
-1.38145e-16
-7.26655e-22
-1.35712e-16
-7.41146e-22
-1.33321e-16
-7.49915e-22
-1.30972e-16
-7.52952e-22
-1.28665e-16
-7.50284e-22
-1.26398e-16
-7.41986e-22
-1.24172e-16
-7.28194e-22
-1.21984e-16
-7.09123e-22
-1.19835e-16
-6.85092e-22
-1.17724e-16
-6.56558e-22
-1.1565e-16
-6.24157e-22
-1.13613e-16
-5.88747e-22
-1.11612e-16
-5.5147e-22
-1.09645e-16
-5.13815e-22
-1.07714e-16
-4.77681e-22
-1.05816e-16
-4.45439e-22
-1.03952e-16
-4.19975e-22
-1.02121e-16
-4.04692e-22
-1.00322e-16
-4.0345e-22
-9.85544e-17
-4.20407e-22
-9.68181e-17
-4.59705e-22
-9.51125e-17
-5.24989e-22
-9.34369e-17
-6.18709e-22
-9.17908e-17
-8.64254e-22
-9.01737e-17
-3.98213e-11
-9.62647e-17
-2.83447e-07
-6.32153e-07
-4.62647e-05
2.14677e-07
-6.32782e-23
-1.70986e-16
-1.24781e-22
-1.67974e-16
-1.83933e-22
-1.65015e-16
-2.40222e-22
-1.62108e-16
-2.93189e-22
-1.59253e-16
-3.42424e-22
-1.56447e-16
-3.8756e-22
-1.53691e-16
-4.28267e-22
-1.50984e-16
-4.64249e-22
-1.48324e-16
-4.95236e-22
-1.45711e-16
-5.20982e-22
-1.43144e-16
-5.4126e-22
-1.40623e-16
-5.55856e-22
-1.38145e-16
-5.64571e-22
-1.35712e-16
-5.67214e-22
-1.33321e-16
-5.63608e-22
-1.30972e-16
-5.53582e-22
-1.28665e-16
-5.36984e-22
-1.26399e-16
-5.13683e-22
-1.24172e-16
-4.83579e-22
-1.21984e-16
-4.4662e-22
-1.19835e-16
-4.02829e-22
-1.17724e-16
-3.52333e-22
-1.1565e-16
-2.95416e-22
-1.13613e-16
-2.32582e-22
-1.11612e-16
-1.64647e-22
-1.09645e-16
-9.28583e-23
-1.07714e-16
-1.90537e-23
-1.05816e-16
5.4141e-23
-1.03952e-16
1.2307e-22
-1.02121e-16
1.82774e-22
-1.00322e-16
2.26716e-22
-9.85544e-17
2.46567e-22
-9.68182e-17
2.32171e-22
-9.51125e-17
1.71891e-22
-9.34368e-17
5.36245e-23
-9.17907e-17
-1.44662e-22
-9.01735e-17
-1.13947e-11
-9.09106e-17
-3.12979e-07
-3.61297e-07
-4.6844e-05
2.43604e-07
-5.19225e-23
-1.70986e-16
-1.0229e-22
-1.67974e-16
-1.50539e-22
-1.65015e-16
-1.96165e-22
-1.62108e-16
-2.38708e-22
-1.59253e-16
-2.77749e-22
-1.56447e-16
-3.12906e-22
-1.53691e-16
-3.43823e-22
-1.50984e-16
-3.70169e-22
-1.48324e-16
-3.91628e-22
-1.45711e-16
-4.07898e-22
-1.43144e-16
-4.18682e-22
-1.40623e-16
-4.23684e-22
-1.38145e-16
-4.22606e-22
-1.35712e-16
-4.15139e-22
-1.33321e-16
-4.00963e-22
-1.30972e-16
-3.79739e-22
-1.28665e-16
-3.51106e-22
-1.26399e-16
-3.14677e-22
-1.24172e-16
-2.7004e-22
-1.21984e-16
-2.16751e-22
-1.19835e-16
-1.54344e-22
-1.17724e-16
-8.23359e-23
-1.15651e-16
-2.44399e-25
-1.13613e-16
9.23756e-23
-1.11612e-16
1.95872e-22
-1.09646e-16
3.10392e-22
-1.07714e-16
4.35714e-22
-1.05816e-16
5.70969e-22
-1.03952e-16
7.14214e-22
-1.02121e-16
8.61765e-22
-1.00322e-16
1.00721e-21
-9.85546e-17
1.13998e-21
-9.68183e-17
1.24341e-21
-9.51126e-17
1.2923e-21
-9.34369e-17
1.2503e-21
-9.17906e-17
1.06812e-21
-9.01734e-17
7.02057e-22
-8.93868e-17
-3.20339e-07
-5.54813e-08
-4.74419e-05
2.548e-07
-4.19396e-23
-1.70986e-16
-8.25282e-23
-1.67974e-16
-1.21225e-22
-1.65015e-16
-1.57539e-22
-1.62108e-16
-1.91021e-22
-1.59253e-16
-2.21254e-22
-1.56447e-16
-2.47849e-22
-1.53691e-16
-2.70441e-22
-1.50984e-16
-2.88676e-22
-1.48324e-16
-3.02211e-22
-1.45711e-16
-3.10704e-22
-1.43144e-16
-3.1381e-22
-1.40623e-16
-3.11175e-22
-1.38145e-16
-3.02426e-22
-1.35712e-16
-2.87165e-22
-1.33321e-16
-2.64961e-22
-1.30972e-16
-2.35337e-22
-1.28665e-16
-1.97758e-22
-1.26399e-16
-1.51617e-22
-1.24172e-16
-9.62154e-23
-1.21984e-16
-3.07352e-23
-1.19836e-16
4.57894e-23
-1.17725e-16
1.34514e-22
-1.15651e-16
2.36836e-22
-1.13613e-16
3.54458e-22
-1.11612e-16
4.89473e-22
-1.09646e-16
6.44459e-22
-1.07714e-16
8.22581e-22
-1.05817e-16
1.02769e-21
-1.03952e-16
1.26435e-21
-1.02121e-16
1.5377e-21
-1.00322e-16
1.8529e-21
-9.85549e-17
2.21376e-21
-9.68186e-17
2.61955e-21
-9.5113e-17
3.05844e-21
-9.34373e-17
3.49428e-21
-9.17911e-17
3.84104e-21
-9.01737e-17
3.94946e-21
-8.85846e-17
-3.85518e-08
-8.7023e-17
-8.54805e-17
9.69097e-09
-3.32677e-23
-1.70986e-16
-6.5378e-23
-1.67974e-16
-9.58233e-23
-1.65015e-16
-1.2414e-22
-1.62108e-16
-1.49899e-22
-1.59253e-16
-1.727e-22
-1.56447e-16
-1.92166e-22
-1.53691e-16
-2.07934e-22
-1.50984e-16
-2.19649e-22
-1.48324e-16
-2.2696e-22
-1.45711e-16
-2.29514e-22
-1.43144e-16
-2.26947e-22
-1.40623e-16
-2.1888e-22
-1.38145e-16
-2.0491e-22
-1.35712e-16
-1.84601e-22
-1.33321e-16
-1.57474e-22
-1.30972e-16
-1.22996e-22
-1.28665e-16
-8.05612e-23
-1.26399e-16
-2.94715e-23
-1.24172e-16
3.10888e-23
-1.21985e-16
1.02091e-22
-1.19836e-16
1.84708e-22
-1.17725e-16
2.80388e-22
-1.15651e-16
3.90943e-22
-1.13613e-16
5.18693e-22
-1.11612e-16
6.66668e-22
-1.09646e-16
8.38916e-22
-1.07714e-16
1.04098e-21
-1.05817e-16
1.28064e-21
-1.03953e-16
1.56916e-21
-1.02122e-16
1.92325e-21
-1.00323e-16
2.36846e-21
-9.85553e-17
2.94491e-21
-9.68192e-17
3.7171e-21
-9.51138e-17
4.79094e-21
-9.34384e-17
6.34329e-21
-9.17926e-17
8.67338e-21
-9.0176e-17
1.22921e-20
-8.85882e-17
9.07435e-21
-8.70288e-17
-8.54966e-17
-2.0672e-18
-2.58196e-23
-1.70986e-16
-5.0668e-23
-1.67974e-16
-7.4084e-23
-1.65015e-16
-9.56448e-23
-1.62108e-16
-1.14958e-22
-1.59253e-16
-1.31653e-22
-1.56447e-16
-1.4538e-22
-1.53691e-16
-1.55796e-22
-1.50984e-16
-1.62568e-22
-1.48324e-16
-1.65361e-22
-1.45711e-16
-1.63836e-22
-1.43144e-16
-1.57644e-22
-1.40623e-16
-1.46421e-22
-1.38145e-16
-1.29783e-22
-1.35712e-16
-1.07315e-22
-1.33321e-16
-7.85694e-23
-1.30972e-16
-4.30523e-23
-1.28665e-16
-2.15981e-25
-1.26399e-16
5.05557e-23
-1.24172e-16
1.09963e-22
-1.21985e-16
1.7881e-22
-1.19836e-16
2.58033e-22
-1.17725e-16
3.48725e-22
-1.15651e-16
4.52184e-22
-1.13614e-16
5.69949e-22
-1.11612e-16
7.03855e-22
-1.09646e-16
8.56082e-22
-1.07714e-16
1.02918e-21
-1.05817e-16
1.22603e-21
-1.03953e-16
1.44972e-21
-1.02122e-16
1.70302e-21
-1.00323e-16
1.98738e-21
-9.85556e-17
2.30064e-21
-9.68195e-17
2.63252e-21
-9.51141e-17
2.9557e-21
-9.34387e-17
3.20885e-21
-9.17929e-17
3.2648e-21
-9.01761e-17
2.87175e-21
-8.85878e-17
1.54629e-21
-8.70275e-17
-8.54945e-17
-5.28728e-19
-1.94777e-23
-1.70986e-16
-3.81654e-23
-1.67974e-16
-5.56627e-23
-1.65015e-16
-7.16015e-23
-1.62108e-16
-8.56388e-23
-1.59253e-16
-9.74507e-23
-1.56447e-16
-1.06727e-22
-1.53691e-16
-1.13167e-22
-1.50984e-16
-1.16474e-22
-1.48324e-16
-1.16351e-22
-1.45711e-16
-1.12501e-22
-1.43144e-16
-1.04616e-22
-1.40623e-16
-9.2383e-23
-1.38145e-16
-7.54726e-23
-1.35712e-16
-5.35422e-23
-1.33321e-16
-2.62316e-23
-1.30972e-16
6.83899e-24
-1.28665e-16
4.60691e-23
-1.26399e-16
9.18786e-23
-1.24172e-16
1.44706e-22
-1.21985e-16
2.05002e-22
-1.19836e-16
2.73224e-22
-1.17725e-16
3.49815e-22
-1.15651e-16
4.3518e-22
-1.13614e-16
5.29635e-22
-1.11612e-16
6.33333e-22
-1.09646e-16
7.46138e-22
-1.07715e-16
8.67442e-22
-1.05817e-16
9.9586e-22
-1.03953e-16
1.1288e-21
-1.02122e-16
1.2618e-21
-1.00323e-16
1.38765e-21
-9.85557e-17
1.49515e-21
-9.68196e-17
1.56771e-21
-9.51142e-17
1.5819e-21
-9.34387e-17
1.50684e-21
-9.17928e-17
1.30627e-21
-9.01759e-17
9.47022e-22
-8.85874e-17
4.21921e-22
-8.7027e-17
-8.54939e-17
-1.97193e-19
-1.4093e-23
-1.70986e-16
-2.75741e-23
-1.67974e-16
-4.01167e-23
-1.65015e-16
-5.14203e-23
-1.62108e-16
-6.1204e-23
-1.59253e-16
-6.92025e-23
-1.56447e-16
-7.51611e-23
-1.53691e-16
-7.88327e-23
-1.50984e-16
-7.99743e-23
-1.48324e-16
-7.83444e-23
-1.45711e-16
-7.37013e-23
-1.43144e-16
-6.58013e-23
-1.40623e-16
-5.43981e-23
-1.38145e-16
-3.92429e-23
-1.35712e-16
-2.00854e-23
-1.33321e-16
3.3235e-24
-1.30973e-16
3.12274e-23
-1.28665e-16
6.38577e-23
-1.26399e-16
1.01424e-22
-1.24172e-16
1.44099e-22
-1.21985e-16
1.92002e-22
-1.19836e-16
2.45167e-22
-1.17725e-16
3.03511e-22
-1.15651e-16
3.66784e-22
-1.13614e-16
4.34499e-22
-1.11612e-16
5.05851e-22
-1.09646e-16
5.79607e-22
-1.07715e-16
6.53963e-22
-1.05817e-16
7.26385e-22
-1.03953e-16
7.93423e-22
-1.02122e-16
8.50522e-22
-1.00323e-16
8.91889e-22
-9.85558e-17
9.1046e-22
-9.68197e-17
8.98122e-22
-9.51141e-17
8.46349e-22
-9.34387e-17
7.47495e-22
-9.17927e-17
5.9695e-22
-9.01757e-17
3.96208e-22
-8.85872e-17
1.56266e-22
-8.70267e-17
-8.54937e-17
-1.00407e-19
-9.48708e-24
-1.70986e-16
-1.85384e-23
-1.67974e-16
-2.69123e-23
-1.65015e-16
-3.43861e-23
-1.62108e-16
-4.07518e-23
-1.59253e-16
-4.58127e-23
-1.56447e-16
-4.93799e-23
-1.53691e-16
-5.12708e-23
-1.50984e-16
-5.13061e-23
-1.48324e-16
-4.93091e-23
-1.45711e-16
-4.51051e-23
-1.43144e-16
-3.85203e-23
-1.40623e-16
-2.93839e-23
-1.38145e-16
-1.75288e-23
-1.35712e-16
-2.79531e-24
-1.33321e-16
1.49641e-23
-1.30973e-16
3.58782e-23
-1.28665e-16
6.00473e-23
-1.26399e-16
8.7531e-23
-1.24172e-16
1.18332e-22
-1.21985e-16
1.52373e-22
-1.19836e-16
1.89476e-22
-1.17725e-16
2.29324e-22
-1.15651e-16
2.71428e-22
-1.13614e-16
3.1508e-22
-1.11612e-16
3.59307e-22
-1.09646e-16
4.02822e-22
-1.07715e-16
4.43975e-22
-1.05817e-16
4.80724e-22
-1.03953e-16
5.10626e-22
-1.02122e-16
5.30871e-22
-1.00323e-16
5.38393e-22
-9.85558e-17
5.30061e-22
-9.68197e-17
5.03e-22
-9.51141e-17
4.55036e-22
-9.34386e-17
3.85257e-22
-9.17926e-17
2.94614e-22
-9.01757e-17
1.86405e-22
-8.85871e-17
6.6397e-23
-8.70266e-17
-8.54935e-17
-5.75572e-20
-5.4566e-24
-1.70986e-16
-1.06522e-23
-1.67974e-16
-1.54385e-23
-1.65015e-16
-1.96786e-23
-1.62108e-16
-2.32447e-23
-1.59253e-16
-2.6016e-23
-1.56447e-16
-2.78765e-23
-1.53691e-16
-2.87145e-23
-1.50984e-16
-2.84205e-23
-1.48324e-16
-2.68875e-23
-1.45711e-16
-2.40106e-23
-1.43144e-16
-1.96872e-23
-1.40623e-16
-1.38186e-23
-1.38145e-16
-6.31118e-24
-1.35712e-16
2.91977e-24
-1.33321e-16
1.39465e-23
-1.30973e-16
2.68229e-23
-1.28665e-16
4.15769e-23
-1.26399e-16
5.82012e-23
-1.24172e-16
7.66413e-23
-1.21985e-16
9.67813e-23
-1.19836e-16
1.18428e-22
-1.17725e-16
1.4129e-22
-1.15651e-16
1.64962e-22
-1.13614e-16
1.88903e-22
-1.11612e-16
2.12416e-22
-1.09646e-16
2.34644e-22
-1.07715e-16
2.54562e-22
-1.05817e-16
2.70994e-22
-1.03953e-16
2.82644e-22
-1.02122e-16
2.88167e-22
-1.00323e-16
2.86252e-22
-9.85558e-17
2.75759e-22
-9.68196e-17
2.55868e-22
-9.51141e-17
2.26247e-22
-9.34386e-17
1.87216e-22
-9.17926e-17
1.39843e-22
-9.01756e-17
8.59673e-23
-8.85871e-17
2.80689e-23
-8.70265e-17
-8.54935e-17
-3.09007e-20
-1.77919e-24
-3.47148e-24
-5.02682e-24
-6.39907e-24
-7.54514e-24
-8.42427e-24
-8.99743e-24
-9.22696e-24
-9.07618e-24
-8.50931e-24
-7.49147e-24
-5.98889e-24
-3.96945e-24
-1.40343e-24
1.7353e-24
5.46765e-24
9.80714e-24
1.47572e-23
2.03075e-23
2.64301e-23
3.30742e-23
4.01612e-23
4.75785e-23
5.51738e-23
6.27505e-23
7.00643e-23
7.68224e-23
8.26874e-23
8.72867e-23
9.0229e-23
9.11279e-23
8.96351e-23
8.54777e-23
7.85006e-23
6.87042e-23
5.62732e-23
4.15858e-23
2.51982e-23
7.79938e-24
-9.82828e-21
7.84965e-06
-1.04939e-05
1.50134e-05
-7.176e-06
2.00851e-05
-5.08682e-06
2.41866e-05
-4.11975e-06
2.81344e-05
-3.96961e-06
3.14542e-05
-3.34539e-06
3.14273e-05
-1.61668e-09
3.1395e-05
-1.47079e-14
3.13583e-05
-2.02298e-14
3.13161e-05
-2.606e-14
3.12673e-05
-3.22104e-14
3.12101e-05
-3.86965e-14
3.1142e-05
-4.55355e-14
3.10597e-05
-5.27466e-14
3.0958e-05
-6.03516e-14
3.08284e-05
-6.83756e-14
3.06567e-05
-7.6849e-14
3.04132e-05
-8.58095e-14
3.00194e-05
-9.53086e-14
2.90912e-05
-1.05427e-13
9.35944e-06
-1.16324e-13
2.8576e-12
-1.2378e-13
2.10903e-16
-1.26075e-13
1.54404e-16
-1.28374e-13
1.18223e-16
-1.30697e-13
9.37973e-17
-1.33053e-13
7.64389e-17
-1.35446e-13
6.34994e-17
-1.3788e-13
5.34315e-17
-1.40355e-13
4.52972e-17
-1.42874e-13
3.85065e-17
-1.45438e-13
3.26735e-17
-1.48047e-13
2.75363e-17
-1.50702e-13
2.29103e-17
-1.53405e-13
1.866e-17
-1.56157e-13
1.46822e-17
-1.58957e-13
1.08939e-17
-1.61808e-13
7.22542e-18
-1.6471e-13
3.61413e-18
-1.67663e-13
-1.7067e-13
3.43267e-05
-4.65616e-05
3.01856e-05
-3.09272e-06
2.4993e-05
-1.28806e-13
2.06761e-05
-8.18346e-14
1.62467e-05
-8.67012e-14
7.00155e-06
-9.12359e-14
3.2642e-11
-9.48644e-14
1.15091e-16
-9.65951e-14
8.30377e-17
-9.83426e-14
6.0069e-17
-1.00116e-13
4.27529e-17
-1.01917e-13
2.89384e-17
-1.03748e-13
1.72164e-17
-1.05611e-13
6.59584e-18
-1.07506e-13
-3.70813e-18
-1.09434e-13
-1.44358e-17
-1.11396e-13
-2.64477e-17
-1.13392e-13
-4.09355e-17
-1.15422e-13
-5.97368e-17
-1.17487e-13
-8.54168e-17
-1.19585e-13
-5.91862e-17
-1.21713e-13
3.41954e-17
-1.23883e-13
6.95337e-17
-1.2611e-13
7.78791e-17
-1.28382e-13
7.52636e-17
-1.30694e-13
6.87054e-17
-1.33046e-13
6.11695e-17
-1.35439e-13
5.38254e-17
-1.37873e-13
4.70673e-17
-1.40349e-13
4.09674e-17
-1.42868e-13
3.54754e-17
-1.45432e-13
3.05027e-17
-1.48042e-13
2.59559e-17
-1.50698e-13
2.17495e-17
-1.53401e-13
1.78082e-17
-1.56153e-13
1.40664e-17
-1.58954e-13
1.04661e-17
-1.61804e-13
6.95481e-18
-1.64706e-13
3.48262e-18
-1.6766e-13
-1.70666e-13
2.11345e-06
-4.81409e-05
1.22345e-09
-1.44962e-06
-5.78053e-18
-1.14652e-13
-1.92634e-17
-8.99953e-14
-3.38528e-17
-9.16073e-14
-3.98408e-17
-9.32462e-14
-2.56199e-18
-9.49134e-14
1.74813e-17
-9.66151e-14
2.45338e-17
-9.83497e-14
2.48253e-17
-1.00116e-13
2.16833e-17
-1.01914e-13
1.68494e-17
-1.03743e-13
1.1208e-17
-1.05605e-13
5.19065e-18
-1.075e-13
-9.9205e-19
-1.09428e-13
-7.19925e-18
-1.11389e-13
-1.32195e-17
-1.13386e-13
-1.85616e-17
-1.15417e-13
-2.2037e-17
-1.17483e-13
-2.08437e-17
-1.19586e-13
-8.58926e-18
-1.21726e-13
1.34489e-17
-1.23905e-13
3.08991e-17
-1.26128e-13
4.12547e-17
-1.28392e-13
4.5829e-17
-1.30699e-13
4.65202e-17
-1.33047e-13
4.48731e-17
-1.35437e-13
4.19417e-17
-1.3787e-13
3.83818e-17
-1.40345e-13
3.45752e-17
-1.42864e-13
3.07308e-17
-1.45429e-13
2.69532e-17
-1.48038e-13
2.32866e-17
-1.50694e-13
1.97411e-17
-1.53398e-13
1.63076e-17
-1.56149e-13
1.29673e-17
-1.5895e-13
9.69542e-18
-1.61801e-13
6.46422e-18
-1.64703e-13
3.24332e-18
-1.67657e-13
-1.70663e-13
1.08587e-07
-4.81419e-05
-1.12484e-18
-1.34798e-06
-3.37664e-18
-1.12307e-13
-5.98806e-18
-8.99927e-14
-7.51513e-18
-9.16058e-14
-6.26151e-18
-9.32475e-14
-9.27499e-19
-9.49187e-14
4.44426e-18
-9.66205e-14
8.13246e-18
-9.83534e-14
9.86826e-18
-1.00118e-13
9.9261e-18
-1.01914e-13
8.7217e-18
-1.03742e-13
6.65683e-18
-1.05603e-13
4.07959e-18
-1.07497e-13
1.29748e-18
-1.09425e-13
-1.38406e-18
-1.11387e-13
-3.60751e-18
-1.13383e-13
-4.89817e-18
-1.15415e-13
-4.60437e-18
-1.17484e-13
-1.91021e-18
-1.19589e-13
3.84954e-18
-1.21731e-13
1.18895e-17
-1.23913e-13
1.97906e-17
-1.26135e-13
2.60296e-17
-1.28399e-13
3.01178e-17
-1.30703e-13
3.21864e-17
-1.33049e-13
3.26213e-17
-1.35438e-13
3.18501e-17
-1.37869e-13
3.02451e-17
-1.40343e-13
2.80947e-17
-1.42862e-13
2.56064e-17
-1.45426e-13
2.29214e-17
-1.48035e-13
2.01311e-17
-1.50691e-13
1.7291e-17
-1.53395e-13
1.44318e-17
-1.56147e-13
1.15675e-17
-1.58947e-13
8.70039e-18
-1.61798e-13
5.8248e-18
-1.647e-13
2.92969e-18
-1.67654e-13
-1.7066e-13
6.08861e-08
-4.81204e-05
6.27023e-12
-1.29252e-06
-5.14593e-19
-1.10245e-13
-9.7149e-19
-8.99923e-14
-9.63418e-19
-9.16058e-14
-2.76141e-19
-9.32482e-14
1.08696e-18
-9.49201e-14
2.67994e-18
-9.66221e-14
4.06885e-18
-9.83547e-14
4.99272e-18
-1.00119e-13
5.36043e-18
-1.01914e-13
5.20276e-18
-1.03742e-13
4.62599e-18
-1.05602e-13
3.78035e-18
-1.07496e-13
2.84405e-18
-1.09424e-13
2.01879e-18
-1.11386e-13
1.53088e-18
-1.13383e-13
1.62945e-18
-1.15415e-13
2.56829e-18
-1.17484e-13
4.54934e-18
-1.19591e-13
7.6029e-18
-1.21734e-13
1.14198e-17
-1.23917e-13
1.53851e-17
-1.26139e-13
1.89188e-17
-1.28402e-13
2.16505e-17
-1.30706e-13
2.34329e-17
-1.33051e-13
2.42826e-17
-1.35438e-13
2.43092e-17
-1.37869e-13
2.36594e-17
-1.40343e-13
2.24815e-17
-1.42861e-13
2.09073e-17
-1.45424e-13
1.9044e-17
-1.48034e-13
1.69748e-17
-1.50689e-13
1.47606e-17
-1.53393e-13
1.24443e-17
-1.56144e-13
1.00543e-17
-1.58945e-13
7.60827e-18
-1.61796e-13
5.11553e-18
-1.64698e-13
2.57959e-18
-1.67651e-13
-1.70658e-13
5.82242e-08
-4.80998e-05
1.90132e-11
-1.24316e-06
6.54883e-19
-1.08325e-13
5.90503e-19
-8.99923e-14
8.03559e-19
-9.1606e-14
1.19741e-18
-9.32486e-14
1.75321e-18
-9.49206e-14
2.38906e-18
-9.66227e-14
2.99979e-18
-9.83554e-14
3.49563e-18
-1.00119e-13
3.82315e-18
-1.01915e-13
3.97083e-18
-1.03742e-13
3.96586e-18
-1.05602e-13
3.86741e-18
-1.07496e-13
3.75935e-18
-1.09424e-13
3.74341e-18
-1.11386e-13
3.93152e-18
-1.13383e-13
4.4352e-18
-1.15416e-13
5.34848e-18
-1.17485e-13
6.72187e-18
-1.19592e-13
8.52916e-18
-1.21736e-13
1.06423e-17
-1.23919e-13
1.28476e-17
-1.26142e-13
1.49112e-17
-1.28404e-13
1.6638e-17
-1.30707e-13
1.79017e-17
-1.33052e-13
1.86465e-17
-1.35439e-13
1.8874e-17
-1.37869e-13
1.86238e-17
-1.40343e-13
1.79559e-17
-1.4286e-13
1.69371e-17
-1.45423e-13
1.56324e-17
-1.48032e-13
1.40995e-17
-1.50688e-13
1.23871e-17
-1.53391e-13
1.05345e-17
-1.56142e-13
8.57201e-18
-1.58943e-13
6.52256e-18
-1.61794e-13
4.40298e-18
-1.64695e-13
2.22564e-18
-1.67649e-13
-1.70655e-13
5.99024e-08
-4.80829e-05
2.40187e-11
-1.19567e-06
1.09148e-18
-1.06549e-13
1.08349e-18
-8.99925e-14
1.32357e-18
-9.16062e-14
1.61767e-18
-9.32489e-14
1.95958e-18
-9.4921e-14
2.32951e-18
-9.66231e-14
2.69989e-18
-9.83557e-14
3.0439e-18
-1.00119e-13
3.34306e-18
-1.01915e-13
3.59208e-18
-1.03742e-13
3.80097e-18
-1.05603e-13
3.99455e-18
-1.07496e-13
4.21022e-18
-1.09424e-13
4.4942e-18
-1.11386e-13
4.89629e-18
-1.13383e-13
5.46286e-18
-1.15417e-13
6.22787e-18
-1.17486e-13
7.20238e-18
-1.19593e-13
8.36466e-18
-1.21737e-13
9.65543e-18
-1.23921e-13
1.09838e-17
-1.26143e-13
1.22441e-17
-1.28405e-13
1.33359e-17
-1.30708e-13
1.4179e-17
-1.33053e-13
1.47209e-17
-1.3544e-13
1.49377e-17
-1.37869e-13
1.4829e-17
-1.40342e-13
1.44122e-17
-1.4286e-13
1.37157e-17
-1.45423e-13
1.27733e-17
-1.48031e-13
1.162e-17
-1.50687e-13
1.02891e-17
-1.5339e-13
8.81063e-18
-1.56141e-13
7.21092e-18
-1.58941e-13
5.51225e-18
-1.61792e-13
3.73353e-18
-1.64694e-13
1.89115e-18
-1.67647e-13
-1.70654e-13
6.19364e-08
-4.807e-05
2.60751e-11
-1.14937e-06
1.25228e-18
-1.05075e-13
1.25722e-18
-8.99927e-14
1.4932e-18
-9.16065e-14
1.74875e-18
-9.32491e-14
2.02235e-18
-9.49213e-14
2.30905e-18
-9.66234e-14
2.60172e-18
-9.8356e-14
2.89322e-18
-1.0012e-13
3.17886e-18
-1.01915e-13
3.45836e-18
-1.03743e-13
3.7371e-18
-1.05603e-13
4.02642e-18
-1.07497e-13
4.34285e-18
-1.09424e-13
4.70636e-18
-1.11386e-13
5.13769e-18
-1.13384e-13
5.65478e-18
-1.15417e-13
6.26859e-18
-1.17487e-13
6.97886e-18
-1.19594e-13
7.77063e-18
-1.21738e-13
8.61302e-18
-1.23921e-13
9.46132e-18
-1.26144e-13
1.02625e-17
-1.28406e-13
1.09623e-17
-1.30709e-13
1.15124e-17
-1.33054e-13
1.18751e-17
-1.3544e-13
1.20259e-17
-1.37869e-13
1.19532e-17
-1.40342e-13
1.16571e-17
-1.4286e-13
1.11468e-17
-1.45422e-13
1.04378e-17
-1.48031e-13
9.54911e-18
-1.50686e-13
8.50172e-18
-1.53389e-13
7.31668e-18
-1.5614e-13
6.01436e-18
-1.5894e-13
4.61393e-18
-1.61791e-13
3.13336e-18
-1.64692e-13
1.58975e-18
-1.67646e-13
-1.70652e-13
6.39405e-08
-4.80607e-05
2.69869e-11
-1.10398e-06
1.32682e-18
-1.0383e-13
1.33098e-18
-8.9993e-14
1.5547e-18
-9.16067e-14
1.7882e-18
-9.32494e-14
2.03141e-18
-9.49215e-14
2.28339e-18
-9.66236e-14
2.54269e-18
-9.83563e-14
2.80799e-18
-1.0012e-13
3.07882e-18
-1.01915e-13
3.35631e-18
-1.03743e-13
3.64363e-18
-1.05603e-13
3.94614e-18
-1.07497e-13
4.271e-18
-1.09425e-13
4.6264e-18
-1.11387e-13
5.02025e-18
-1.13384e-13
5.45849e-18
-1.15417e-13
5.94327e-18
-1.17487e-13
6.47104e-18
-1.19594e-13
7.0313e-18
-1.21739e-13
7.60603e-18
-1.23922e-13
8.17059e-18
-1.26144e-13
8.69567e-18
-1.28407e-13
9.15025e-18
-1.3071e-13
9.50473e-18
-1.33054e-13
9.73364e-18
-1.3544e-13
9.81756e-18
-1.3787e-13
9.74399e-18
-1.40342e-13
9.50735e-18
-1.42859e-13
9.10831e-18
-1.45422e-13
8.55267e-18
-1.4803e-13
7.85014e-18
-1.50685e-13
7.01312e-18
-1.53388e-13
6.05567e-18
-1.56139e-13
4.9928e-18
-1.58939e-13
3.83993e-18
-1.61789e-13
2.61274e-18
-1.64691e-13
1.32721e-18
-1.67644e-13
-1.70651e-13
6.5866e-08
-4.80551e-05
2.73217e-11
-1.05928e-06
1.36972e-18
-1.0264e-13
1.36779e-18
-8.99932e-14
1.57563e-18
-9.16069e-14
1.7901e-18
-9.32496e-14
2.01151e-18
-9.49217e-14
2.23996e-18
-9.66239e-14
2.47546e-18
-9.83565e-14
2.71816e-18
-1.0012e-13
2.96852e-18
-1.01916e-13
3.22755e-18
-1.03743e-13
3.49699e-18
-1.05604e-13
3.77922e-18
-1.07497e-13
4.07711e-18
-1.09425e-13
4.3936e-18
-1.11387e-13
4.73107e-18
-1.13385e-13
5.09058e-18
-1.15418e-13
5.47096e-18
-1.17488e-13
5.86809e-18
-1.19595e-13
6.27425e-18
-1.21739e-13
6.67793e-18
-1.23922e-13
7.06419e-18
-1.26145e-13
7.41547e-18
-1.28407e-13
7.71288e-18
-1.3071e-13
7.93768e-18
-1.33054e-13
8.07278e-18
-1.3544e-13
8.10389e-18
-1.3787e-13
8.02044e-18
-1.40342e-13
7.81585e-18
-1.42859e-13
7.48765e-18
-1.45421e-13
7.03708e-18
-1.4803e-13
6.46864e-18
-1.50685e-13
5.78945e-18
-1.53387e-13
5.00874e-18
-1.56138e-13
4.13729e-18
-1.58938e-13
3.18714e-18
-1.61789e-13
2.17132e-18
-1.6469e-13
1.10388e-18
-1.67643e-13
-1.7065e-13
6.76972e-08
-4.80527e-05
2.72672e-11
-1.01506e-06
1.39525e-18
-1.01585e-13
1.38636e-18
-8.99933e-14
1.57604e-18
-9.16071e-14
1.77098e-18
-9.32498e-14
1.97146e-18
-9.49219e-14
2.17776e-18
-9.66241e-14
2.39011e-18
-9.83567e-14
2.60883e-18
-1.0012e-13
2.83434e-18
-1.01916e-13
3.06719e-18
-1.03743e-13
3.30814e-18
-1.05604e-13
3.55804e-18
-1.07497e-13
3.81774e-18
-1.09425e-13
4.08784e-18
-1.11387e-13
4.36841e-18
-1.13385e-13
4.65857e-18
-1.15418e-13
4.95616e-18
-1.17488e-13
5.25728e-18
-1.19595e-13
5.55611e-18
-1.2174e-13
5.84478e-18
-1.23923e-13
6.11353e-18
-1.26145e-13
6.35107e-18
-1.28407e-13
6.54524e-18
-1.3071e-13
6.68373e-18
-1.33054e-13
6.75488e-18
-1.35441e-13
6.7484e-18
-1.3787e-13
6.65604e-18
-1.40342e-13
6.4719e-18
-1.42859e-13
6.1927e-18
-1.45421e-13
5.8178e-18
-1.48029e-13
5.34899e-18
-1.50684e-13
4.79036e-18
-1.53386e-13
4.14793e-18
-1.56137e-13
3.42946e-18
-1.58937e-13
2.6442e-18
-1.61788e-13
1.80273e-18
-1.64689e-13
9.16927e-19
-1.67642e-13
-1.70649e-13
6.94229e-08
-4.80535e-05
2.69029e-11
-9.71153e-07
1.41026e-18
-1.006e-13
1.3932e-18
-8.99935e-14
1.56338e-18
-9.16073e-14
1.73789e-18
-9.325e-14
1.9169e-18
-9.49221e-14
2.1006e-18
-9.66242e-14
2.28912e-18
-9.83569e-14
2.48264e-18
-1.00121e-13
2.68132e-18
-1.01916e-13
2.88531e-18
-1.03744e-13
3.09474e-18
-1.05604e-13
3.30967e-18
-1.07498e-13
3.52999e-18
-1.09425e-13
3.75529e-18
-1.11388e-13
3.98471e-18
-1.13385e-13
4.21675e-18
-1.15418e-13
4.44906e-18
-1.17488e-13
4.67827e-18
-1.19595e-13
4.89991e-18
-1.2174e-13
5.1083e-18
-1.23923e-13
5.2967e-18
-1.26145e-13
5.45747e-18
-1.28407e-13
5.58237e-18
-1.3071e-13
5.66302e-18
-1.33054e-13
5.69129e-18
-1.35441e-13
5.65976e-18
-1.3787e-13
5.5622e-18
-1.40342e-13
5.39378e-18
-1.42859e-13
5.1514e-18
-1.45421e-13
4.83376e-18
-1.48029e-13
4.44141e-18
-1.50684e-13
3.97668e-18
-1.53386e-13
3.44362e-18
-1.56137e-13
2.84784e-18
-1.58937e-13
2.19644e-18
-1.61787e-13
1.49791e-18
-1.64688e-13
7.62043e-19
-1.67642e-13
-1.70648e-13
7.10382e-08
-4.80572e-05
2.6281e-11
-9.27399e-07
1.41673e-18
-9.97086e-14
1.39155e-18
-8.99936e-14
1.54171e-18
-9.16074e-14
1.69541e-18
-9.32501e-14
1.85272e-18
-9.49223e-14
2.01367e-18
-9.66244e-14
2.17828e-18
-9.83571e-14
2.34652e-18
-1.00121e-13
2.51834e-18
-1.01916e-13
2.6936e-18
-1.03744e-13
2.87209e-18
-1.05604e-13
3.05346e-18
-1.07498e-13
3.23715e-18
-1.09426e-13
3.42236e-18
-1.11388e-13
3.60792e-18
-1.13385e-13
3.7922e-18
-1.15419e-13
3.97303e-18
-1.17488e-13
4.14759e-18
-1.19595e-13
4.31238e-18
-1.2174e-13
4.46318e-18
-1.23923e-13
4.59512e-18
-1.26145e-13
4.7028e-18
-1.28408e-13
4.78044e-18
-1.3071e-13
4.82212e-18
-1.33054e-13
4.82204e-18
-1.35441e-13
4.77483e-18
-1.37869e-13
4.67581e-18
-1.40342e-13
4.5212e-18
-1.42859e-13
4.30838e-18
-1.45421e-13
4.03598e-18
-1.48029e-13
3.70399e-18
-1.50683e-13
3.31382e-18
-1.53386e-13
2.86824e-18
-1.56136e-13
2.37141e-18
-1.58936e-13
1.82879e-18
-1.61787e-13
1.24715e-18
-1.64688e-13
6.34481e-19
-1.67641e-13
-1.70647e-13
7.25456e-08
-4.80633e-05
2.54476e-11
-8.83661e-07
1.41709e-18
-9.88793e-14
1.38374e-18
-8.99938e-14
1.51403e-18
-9.16075e-14
1.64717e-18
-9.32502e-14
1.78314e-18
-9.49224e-14
1.92187e-18
-9.66245e-14
2.06325e-18
-9.83572e-14
2.20712e-18
-1.00121e-13
2.35329e-18
-1.01916e-13
2.50144e-18
-1.03744e-13
2.65118e-18
-1.05604e-13
2.80196e-18
-1.07498e-13
2.95308e-18
-1.09426e-13
3.10359e-18
-1.11388e-13
3.25229e-18
-1.13385e-13
3.39765e-18
-1.15419e-13
3.53775e-18
-1.17488e-13
3.67028e-18
-1.19595e-13
3.79245e-18
-1.2174e-13
3.90107e-18
-1.23923e-13
3.99251e-18
-1.26145e-13
4.06281e-18
-1.28408e-13
4.10779e-18
-1.3071e-13
4.12316e-18
-1.33054e-13
4.10471e-18
-1.35441e-13
4.04848e-18
-1.37869e-13
3.95097e-18
-1.40342e-13
3.80927e-18
-1.42859e-13
3.62129e-18
-1.45421e-13
3.3858e-18
-1.48028e-13
3.10262e-18
-1.50683e-13
2.77262e-18
-1.53385e-13
2.3978e-18
-1.56136e-13
1.98129e-18
-1.58936e-13
1.52734e-18
-1.61786e-13
1.04131e-18
-1.64687e-13
5.29691e-19
-1.67641e-13
-1.70647e-13
7.39527e-08
-4.80713e-05
2.44467e-11
-8.39838e-07
1.41267e-18
-9.80861e-14
1.37162e-18
-8.99939e-14
1.48265e-18
-9.16076e-14
1.59597e-18
-9.32504e-14
1.71147e-18
-9.49225e-14
1.82901e-18
-9.66247e-14
1.94842e-18
-9.83573e-14
2.06947e-18
-1.00121e-13
2.19184e-18
-1.01916e-13
2.31516e-18
-1.03744e-13
2.43895e-18
-1.05604e-13
2.5626e-18
-1.07498e-13
2.68536e-18
-1.09426e-13
2.80631e-18
-1.11388e-13
2.9243e-18
-1.13386e-13
3.03798e-18
-1.15419e-13
3.14571e-18
-1.17489e-13
3.24557e-18
-1.19595e-13
3.33536e-18
-1.2174e-13
3.4126e-18
-1.23923e-13
3.47452e-18
-1.26146e-13
3.51816e-18
-1.28408e-13
3.54041e-18
-1.3071e-13
3.53808e-18
-1.33054e-13
3.50807e-18
-1.3544e-13
3.44743e-18
-1.37869e-13
3.35351e-18
-1.40342e-13
3.22412e-18
-1.42859e-13
3.05759e-18
-1.4542e-13
2.85295e-18
-1.48028e-13
2.60995e-18
-1.50683e-13
2.32921e-18
-1.53385e-13
2.0122e-18
-1.56136e-13
1.66133e-18
-1.58936e-13
1.27994e-18
-1.61786e-13
8.72293e-19
-1.64687e-13
4.43611e-19
-1.6764e-13
-1.70646e-13
7.52666e-08
-4.80808e-05
2.33169e-11
-7.95866e-07
1.4045e-18
-9.73316e-14
1.35654e-18
-8.9994e-14
1.44923e-18
-9.16077e-14
1.54375e-18
-9.32504e-14
1.63996e-18
-9.49226e-14
1.73769e-18
-9.66248e-14
1.83672e-18
-9.83574e-14
1.93676e-18
-1.00121e-13
2.03749e-18
-1.01917e-13
2.13848e-18
-1.03744e-13
2.23923e-18
-1.05605e-13
2.33914e-18
-1.07498e-13
2.4375e-18
-1.09426e-13
2.53342e-18
-1.11388e-13
2.62591e-18
-1.13386e-13
2.71377e-18
-1.15419e-13
2.79562e-18
-1.17489e-13
2.86989e-18
-1.19596e-13
2.93481e-18
-1.2174e-13
2.98843e-18
-1.23923e-13
3.0286e-18
-1.26146e-13
3.05305e-18
-1.28408e-13
3.05943e-18
-1.3071e-13
3.04535e-18
-1.33054e-13
3.00844e-18
-1.3544e-13
2.9465e-18
-1.37869e-13
2.85752e-18
-1.40342e-13
2.73982e-18
-1.42858e-13
2.59213e-18
-1.4542e-13
2.41367e-18
-1.48028e-13
2.20425e-18
-1.50683e-13
1.96429e-18
-1.53385e-13
1.69495e-18
-1.56135e-13
1.3981e-18
-1.58935e-13
1.07638e-18
-1.61785e-13
7.33208e-19
-1.64687e-13
3.72769e-19
-1.6764e-13
-1.70646e-13
7.64911e-08
-4.80906e-05
2.20839e-11
-7.51698e-07
1.39332e-18
-9.66001e-14
1.3392e-18
-8.99941e-14
1.4146e-18
-9.16078e-14
1.49152e-18
-9.32505e-14
1.56982e-18
-9.49227e-14
1.64927e-18
-9.66248e-14
1.72964e-18
-9.83575e-14
1.81063e-18
-1.00121e-13
1.8919e-18
-1.01917e-13
1.97303e-18
-1.03744e-13
2.05354e-18
-1.05605e-13
2.13285e-18
-1.07498e-13
2.21031e-18
-1.09426e-13
2.28514e-18
-1.11388e-13
2.35644e-18
-1.13386e-13
2.42321e-18
-1.15419e-13
2.48428e-18
-1.17489e-13
2.53836e-18
-1.19596e-13
2.58403e-18
-1.2174e-13
2.61971e-18
-1.23923e-13
2.64374e-18
-1.26146e-13
2.65435e-18
-1.28408e-13
2.6497e-18
-1.3071e-13
2.62798e-18
-1.33054e-13
2.58738e-18
-1.3544e-13
2.52622e-18
-1.37869e-13
2.44295e-18
-1.40342e-13
2.33631e-18
-1.42858e-13
2.2053e-18
-1.4542e-13
2.04934e-18
-1.48028e-13
1.86826e-18
-1.50682e-13
1.66242e-18
-1.53385e-13
1.43271e-18
-1.56135e-13
1.18062e-18
-1.58935e-13
9.08256e-19
-1.61785e-13
6.18352e-19
-1.64686e-13
3.14273e-19
-1.67639e-13
-1.70646e-13
7.76099e-08
-4.80994e-05
2.07538e-11
-7.0728e-07
1.37856e-18
-9.58747e-14
1.31936e-18
-8.99941e-14
1.37871e-18
-9.16079e-14
1.43941e-18
-9.32506e-14
1.50127e-18
-9.49227e-14
1.56407e-18
-9.66249e-14
1.62756e-18
-9.83576e-14
1.69145e-18
-1.00121e-13
1.75539e-18
-1.01917e-13
1.819e-18
-1.03744e-13
1.88182e-18
-1.05605e-13
1.94334e-18
-1.07498e-13
2.00297e-18
-1.09426e-13
2.06002e-18
-1.11388e-13
2.11373e-18
-1.13386e-13
2.16324e-18
-1.15419e-13
2.20756e-18
-1.17489e-13
2.24565e-18
-1.19596e-13
2.27633e-18
-1.2174e-13
2.29835e-18
-1.23923e-13
2.31037e-18
-1.26146e-13
2.31099e-18
-1.28408e-13
2.2988e-18
-1.3071e-13
2.27236e-18
-1.33054e-13
2.23029e-18
-1.3544e-13
2.17126e-18
-1.37869e-13
2.09411e-18
-1.40342e-13
1.99784e-18
-1.42858e-13
1.8817e-18
-1.4542e-13
1.74523e-18
-1.48028e-13
1.58832e-18
-1.50682e-13
1.41126e-18
-1.53384e-13
1.21476e-18
-1.56135e-13
1.00002e-18
-1.58935e-13
7.68724e-19
-1.61785e-13
5.23065e-19
-1.64686e-13
2.65754e-19
-1.67639e-13
-1.70645e-13
7.85563e-08
-4.81053e-05
1.9313e-11
-6.62529e-07
1.35849e-18
-9.52068e-14
1.29596e-18
-8.99942e-14
1.34076e-18
-9.16079e-14
1.38678e-18
-9.32506e-14
1.43382e-18
-9.49228e-14
1.48165e-18
-9.6625e-14
1.53003e-18
-9.83576e-14
1.57868e-18
-1.00121e-13
1.6273e-18
-1.01917e-13
1.67553e-18
-1.03744e-13
1.72298e-18
-1.05605e-13
1.76918e-18
-1.07498e-13
1.81362e-18
-1.09426e-13
1.85572e-18
-1.11388e-13
1.89481e-18
-1.13386e-13
1.93017e-18
-1.15419e-13
1.96099e-18
-1.17489e-13
1.98638e-18
-1.19596e-13
2.00539e-18
-1.2174e-13
2.017e-18
-1.23923e-13
2.02012e-18
-1.26146e-13
2.01366e-18
-1.28408e-13
1.99646e-18
-1.3071e-13
1.9674e-18
-1.33054e-13
1.92539e-18
-1.3544e-13
1.8694e-18
-1.37869e-13
1.7985e-18
-1.40341e-13
1.71193e-18
-1.42858e-13
1.60911e-18
-1.4542e-13
1.48967e-18
-1.48028e-13
1.35355e-18
-1.50682e-13
1.20097e-18
-1.53384e-13
1.03253e-18
-1.56135e-13
8.49171e-19
-1.58935e-13
6.52265e-19
-1.61785e-13
4.43578e-19
-1.64686e-13
2.25293e-19
-1.67639e-13
-1.70645e-13
7.91988e-08
-4.81068e-05
1.77496e-11
-6.17387e-07
1.33218e-18
-9.45594e-14
1.26781e-18
-8.99942e-14
1.29983e-18
-9.1608e-14
1.33285e-18
-9.32507e-14
1.3667e-18
-9.49228e-14
1.40119e-18
-9.6625e-14
1.43612e-18
-9.83577e-14
1.47127e-18
-1.00121e-13
1.50638e-18
-1.01917e-13
1.54115e-18
-1.03744e-13
1.57524e-18
-1.05605e-13
1.60827e-18
-1.07498e-13
1.6398e-18
-1.09426e-13
1.66932e-18
-1.11388e-13
1.69629e-18
-1.13386e-13
1.72008e-18
-1.15419e-13
1.74003e-18
-1.17489e-13
1.75538e-18
-1.19596e-13
1.76535e-18
-1.2174e-13
1.7691e-18
-1.23923e-13
1.76574e-18
-1.26146e-13
1.75438e-18
-1.28408e-13
1.73409e-18
-1.3071e-13
1.70397e-18
-1.33054e-13
1.66313e-18
-1.3544e-13
1.61077e-18
-1.37869e-13
1.54614e-18
-1.40341e-13
1.46864e-18
-1.42858e-13
1.3778e-18
-1.4542e-13
1.27336e-18
-1.48028e-13
1.15526e-18
-1.50682e-13
1.02369e-18
-1.53384e-13
8.79125e-19
-1.56135e-13
7.22345e-19
-1.58934e-13
5.54445e-19
-1.61785e-13
3.76857e-19
-1.64686e-13
1.91344e-19
-1.67639e-13
-1.70645e-13
7.94335e-08
-4.81034e-05
1.60996e-11
-5.71946e-07
1.29958e-18
-9.39337e-14
1.23509e-18
-8.99942e-14
1.25589e-18
-9.1608e-14
1.27733e-18
-9.32507e-14
1.29935e-18
-9.49229e-14
1.32185e-18
-9.6625e-14
1.34473e-18
-9.83577e-14
1.36783e-18
-1.00121e-13
1.39096e-18
-1.01917e-13
1.4139e-18
-1.03744e-13
1.43639e-18
-1.05605e-13
1.45809e-18
-1.07498e-13
1.47864e-18
-1.09426e-13
1.49764e-18
-1.11388e-13
1.51459e-18
-1.13386e-13
1.52899e-18
-1.15419e-13
1.54025e-18
-1.17489e-13
1.54776e-18
-1.19596e-13
1.55084e-18
-1.2174e-13
1.5488e-18
-1.23923e-13
1.5409e-18
-1.26146e-13
1.52639e-18
-1.28408e-13
1.50451e-18
-1.3071e-13
1.47451e-18
-1.33054e-13
1.43568e-18
-1.3544e-13
1.38736e-18
-1.37869e-13
1.32894e-18
-1.40341e-13
1.25995e-18
-1.42858e-13
1.18e-18
-1.4542e-13
1.08887e-18
-1.48027e-13
9.8653e-19
-1.50682e-13
8.73135e-19
-1.53384e-13
7.4907e-19
-1.56134e-13
6.14966e-19
-1.58934e-13
4.71713e-19
-1.61784e-13
3.2047e-19
-1.64685e-13
1.62666e-19
-1.67639e-13
-1.70645e-13
7.94093e-08
-4.80968e-05
1.44655e-11
-5.26455e-07
1.2647e-18
-9.33197e-14
1.20003e-18
-8.99942e-14
1.21009e-18
-9.1608e-14
1.22052e-18
-9.32507e-14
1.23139e-18
-9.49229e-14
1.24272e-18
-9.6625e-14
1.25448e-18
-9.83577e-14
1.26661e-18
-1.00121e-13
1.27899e-18
-1.01917e-13
1.29145e-18
-1.03744e-13
1.3038e-18
-1.05605e-13
1.31576e-18
-1.07498e-13
1.32704e-18
-1.09426e-13
1.33727e-18
-1.11388e-13
1.34606e-18
-1.13386e-13
1.35295e-18
-1.15419e-13
1.35743e-18
-1.17489e-13
1.35898e-18
-1.19596e-13
1.35702e-18
-1.2174e-13
1.35093e-18
-1.23923e-13
1.3401e-18
-1.26146e-13
1.32389e-18
-1.28408e-13
1.30165e-18
-1.3071e-13
1.27275e-18
-1.33054e-13
1.2366e-18
-1.3544e-13
1.19264e-18
-1.37869e-13
1.14038e-18
-1.40341e-13
1.07941e-18
-1.42858e-13
1.00942e-18
-1.4542e-13
9.30234e-19
-1.48027e-13
8.41813e-19
-1.50682e-13
7.44288e-19
-1.53384e-13
6.37971e-19
-1.56134e-13
5.23377e-19
-1.58934e-13
4.01229e-19
-1.61784e-13
2.72471e-19
-1.64685e-13
1.38267e-19
-1.67638e-13
-1.70645e-13
7.94623e-08
-4.80879e-05
1.29291e-11
-4.81082e-07
1.23101e-18
-9.27189e-14
1.16435e-18
-8.99942e-14
1.1629e-18
-9.1608e-14
1.16197e-18
-9.32507e-14
1.16168e-18
-9.49229e-14
1.16212e-18
-9.6625e-14
1.1633e-18
-9.83577e-14
1.16521e-18
-1.00121e-13
1.16779e-18
-1.01917e-13
1.1709e-18
-1.03744e-13
1.1744e-18
-1.05605e-13
1.17805e-18
-1.07498e-13
1.18158e-18
-1.09426e-13
1.18469e-18
-1.11388e-13
1.187e-18
-1.13386e-13
1.1881e-18
-1.15419e-13
1.18754e-18
-1.17489e-13
1.18484e-18
-1.19596e-13
1.17948e-18
-1.2174e-13
1.17092e-18
-1.23923e-13
1.1586e-18
-1.26146e-13
1.14196e-18
-1.28408e-13
1.12044e-18
-1.3071e-13
1.09349e-18
-1.33054e-13
1.0606e-18
-1.3544e-13
1.0213e-18
-1.37869e-13
9.75159e-19
-1.40341e-13
9.21832e-19
-1.42858e-13
8.61059e-19
-1.4542e-13
7.92685e-19
-1.48027e-13
7.16678e-19
-1.50682e-13
6.3314e-19
-1.53384e-13
5.42327e-19
-1.56134e-13
4.44659e-19
-1.58934e-13
3.40729e-19
-1.61784e-13
2.3131e-19
-1.64685e-13
1.17357e-19
-1.67638e-13
-1.70644e-13
7.9723e-08
-4.8076e-05
1.14684e-11
-4.35728e-07
1.19645e-18
-9.21316e-14
1.12583e-18
-8.99942e-14
1.11183e-18
-9.1608e-14
1.09891e-18
-9.32507e-14
1.08722e-18
-9.49229e-14
1.07682e-18
-9.6625e-14
1.06779e-18
-9.83577e-14
1.06011e-18
-1.00121e-13
1.05375e-18
-1.01917e-13
1.0486e-18
-1.03744e-13
1.0445e-18
-1.05605e-13
1.04124e-18
-1.07498e-13
1.03857e-18
-1.09426e-13
1.03617e-18
-1.11388e-13
1.03367e-18
-1.13386e-13
1.0307e-18
-1.15419e-13
1.02679e-18
-1.17489e-13
1.0215e-18
-1.19596e-13
1.01433e-18
-1.2174e-13
1.00478e-18
-1.23923e-13
9.92323e-19
-1.26146e-13
9.76454e-19
-1.28408e-13
9.56663e-19
-1.3071e-13
9.32463e-19
-1.33054e-13
9.03394e-19
-1.3544e-13
8.69038e-19
-1.37869e-13
8.29026e-19
-1.40341e-13
7.83056e-19
-1.42858e-13
7.30902e-19
-1.4542e-13
6.72429e-19
-1.48027e-13
6.07604e-19
-1.50682e-13
5.36512e-19
-1.53384e-13
4.59361e-19
-1.56134e-13
3.765e-19
-1.58934e-13
2.88419e-19
-1.61784e-13
1.95758e-19
-1.64685e-13
9.93066e-20
-1.67638e-13
-1.70644e-13
8.00657e-08
-4.80585e-05
1.00087e-11
-3.9005e-07
1.1541e-18
-9.15825e-14
1.0785e-18
-8.99942e-14
1.0513e-18
-9.16079e-14
1.02602e-18
-9.32507e-14
1.0028e-18
-9.49228e-14
9.81762e-19
-9.6625e-14
9.62982e-19
-9.83577e-14
9.46471e-19
-1.00121e-13
9.32178e-19
-1.01917e-13
9.1999e-19
-1.03744e-13
9.0973e-19
-1.05605e-13
9.01159e-19
-1.07498e-13
8.93983e-19
-1.09426e-13
8.87857e-19
-1.11388e-13
8.82389e-19
-1.13386e-13
8.77155e-19
-1.15419e-13
8.71697e-19
-1.17489e-13
8.65539e-19
-1.19596e-13
8.58187e-19
-1.2174e-13
8.49143e-19
-1.23923e-13
8.37909e-19
-1.26146e-13
8.23993e-19
-1.28408e-13
8.06923e-19
-1.3071e-13
7.86248e-19
-1.33054e-13
7.61549e-19
-1.3544e-13
7.32451e-19
-1.37869e-13
6.98627e-19
-1.40341e-13
6.59809e-19
-1.42858e-13
6.158e-19
-1.4542e-13
5.66482e-19
-1.48027e-13
5.11827e-19
-1.50682e-13
4.51905e-19
-1.53384e-13
3.86892e-19
-1.56134e-13
3.17083e-19
-1.58934e-13
2.42889e-19
-1.61784e-13
1.64849e-19
-1.64685e-13
8.36241e-20
-1.67638e-13
-1.70644e-13
8.03292e-08
-4.80323e-05
8.50081e-12
-3.4356e-07
1.09631e-18
-9.10434e-14
1.01476e-18
-8.99941e-14
9.73894e-19
-9.16079e-14
9.35988e-19
-9.32506e-14
9.01305e-19
-9.49228e-14
8.70027e-19
-9.6625e-14
8.42253e-19
-9.83576e-14
8.17992e-19
-1.00121e-13
7.97162e-19
-1.01917e-13
7.79591e-19
-1.03744e-13
7.65029e-19
-1.05605e-13
7.53154e-19
-1.07498e-13
7.43582e-19
-1.09426e-13
7.35882e-19
-1.11388e-13
7.29582e-19
-1.13386e-13
7.24188e-19
-1.15419e-13
7.19185e-19
-1.17489e-13
7.14052e-19
-1.19596e-13
7.08268e-19
-1.2174e-13
7.0132e-19
-1.23923e-13
6.92707e-19
-1.26146e-13
6.81952e-19
-1.28408e-13
6.68601e-19
-1.3071e-13
6.52231e-19
-1.33054e-13
6.32459e-19
-1.3544e-13
6.08945e-19
-1.37869e-13
5.81398e-19
-1.40341e-13
5.49585e-19
-1.42858e-13
5.13336e-19
-1.45419e-13
4.72553e-19
-1.48027e-13
4.27216e-19
-1.50682e-13
3.7739e-19
-1.53384e-13
3.23232e-19
-1.56134e-13
2.64998e-19
-1.58934e-13
2.03043e-19
-1.61784e-13
1.3783e-19
-1.64685e-13
6.9926e-20
-1.67638e-13
-1.70644e-13
8.04287e-08
-4.79938e-05
6.93864e-12
-2.95706e-07
1.01496e-18
-9.05075e-14
9.25983e-19
-8.99941e-14
8.70426e-19
-9.16078e-14
8.19425e-19
-9.32506e-14
7.73382e-19
-9.49227e-14
7.32545e-19
-9.66249e-14
6.97009e-19
-9.83576e-14
6.66714e-19
-1.00121e-13
6.41462e-19
-1.01917e-13
6.20931e-19
-1.03744e-13
6.04701e-19
-1.05605e-13
5.92273e-19
-1.07498e-13
5.83093e-19
-1.09426e-13
5.76569e-19
-1.11388e-13
5.72094e-19
-1.13386e-13
5.69055e-19
-1.15419e-13
5.66845e-19
-1.17489e-13
5.64875e-19
-1.19596e-13
5.6258e-19
-1.2174e-13
5.59422e-19
-1.23923e-13
5.54896e-19
-1.26146e-13
5.48531e-19
-1.28408e-13
5.39895e-19
-1.3071e-13
5.28597e-19
-1.33054e-13
5.1429e-19
-1.3544e-13
4.96673e-19
-1.37869e-13
4.75495e-19
-1.40341e-13
4.5056e-19
-1.42858e-13
4.21733e-19
-1.45419e-13
3.8894e-19
-1.48027e-13
3.52178e-19
-1.50682e-13
3.11517e-19
-1.53384e-13
2.67105e-19
-1.56134e-13
2.19176e-19
-1.58934e-13
1.68049e-19
-1.61784e-13
1.14131e-19
-1.64685e-13
5.79193e-20
-1.67638e-13
-1.70644e-13
8.02708e-08
-4.79388e-05
5.33609e-12
-2.45905e-07
8.99613e-19
-9.0033e-14
8.00034e-19
-8.9994e-14
7.27831e-19
-9.16078e-14
6.62935e-19
-9.32505e-14
6.0587e-19
-9.49227e-14
5.56857e-19
-9.66249e-14
5.15833e-19
-9.83576e-14
4.82487e-19
-1.00121e-13
4.56304e-19
-1.01917e-13
4.3662e-19
-1.03744e-13
4.22671e-19
-1.05605e-13
4.13634e-19
-1.07498e-13
4.08668e-19
-1.09426e-13
4.06938e-19
-1.11388e-13
4.07636e-19
-1.13386e-13
4.09996e-19
-1.15419e-13
4.13304e-19
-1.17489e-13
4.16898e-19
-1.19596e-13
4.20172e-19
-1.2174e-13
4.22577e-19
-1.23923e-13
4.23616e-19
-1.26146e-13
4.22843e-19
-1.28408e-13
4.19866e-19
-1.3071e-13
4.14339e-19
-1.33054e-13
4.05964e-19
-1.3544e-13
3.94494e-19
-1.37869e-13
3.79728e-19
-1.40341e-13
3.6152e-19
-1.42858e-13
3.39774e-19
-1.45419e-13
3.14453e-19
-1.48027e-13
2.85578e-19
-1.50682e-13
2.53236e-19
-1.53384e-13
2.17579e-19
-1.56134e-13
1.7883e-19
-1.58934e-13
1.37288e-19
-1.61784e-13
9.3323e-20
-1.64685e-13
4.73855e-20
-1.67638e-13
-1.70644e-13
7.96125e-08
-4.7862e-05
3.71419e-12
-1.93534e-07
7.32577e-19
-8.95613e-14
6.16361e-19
-8.99939e-14
5.24626e-19
-9.16077e-14
4.45285e-19
-9.32504e-14
3.78797e-19
-9.49226e-14
3.25003e-19
-9.66248e-14
2.83237e-19
-9.83575e-14
2.52478e-19
-1.00121e-13
2.31474e-19
-1.01917e-13
2.18864e-19
-1.03744e-13
2.13266e-19
-1.05605e-13
2.13338e-19
-1.07498e-13
2.17827e-19
-1.09426e-13
2.25586e-19
-1.11388e-13
2.35587e-19
-1.13386e-13
2.46921e-19
-1.15419e-13
2.58792e-19
-1.17489e-13
2.70507e-19
-1.19596e-13
2.81468e-19
-1.2174e-13
2.91158e-19
-1.23923e-13
2.99133e-19
-1.26146e-13
3.05014e-19
-1.28408e-13
3.0848e-19
-1.3071e-13
3.0926e-19
-1.33054e-13
3.07134e-19
-1.3544e-13
3.01925e-19
-1.37869e-13
2.93504e-19
-1.40341e-13
2.81783e-19
-1.42858e-13
2.66722e-19
-1.45419e-13
2.48329e-19
-1.48027e-13
2.26661e-19
-1.50681e-13
2.01829e-19
-1.53384e-13
1.74e-19
-1.56134e-13
1.434e-19
-1.58934e-13
1.10315e-19
-1.61784e-13
7.50977e-20
-1.64685e-13
3.81651e-20
-1.67638e-13
-1.70644e-13
7.8113e-08
-4.77573e-05
2.12488e-12
-1.37935e-07
4.7943e-19
-8.91216e-14
3.37077e-19
-8.99937e-14
2.22494e-19
-9.16076e-14
1.30552e-19
-9.32503e-14
6.06084e-20
-9.49226e-14
1.08506e-20
-9.66248e-14
-2.12075e-20
-9.83575e-14
-3.83315e-20
-1.00121e-13
-4.32848e-20
-1.01917e-13
-3.86514e-20
-1.03744e-13
-2.67404e-20
-1.05605e-13
-9.54932e-21
-1.07498e-13
1.12344e-20
-1.09426e-13
3.42105e-20
-1.11388e-13
5.82313e-20
-1.13386e-13
8.23649e-20
-1.15419e-13
1.05858e-19
-1.17489e-13
1.28106e-19
-1.19596e-13
1.4862e-19
-1.2174e-13
1.6701e-19
-1.23923e-13
1.82962e-19
-1.26146e-13
1.96225e-19
-1.28408e-13
2.06601e-19
-1.3071e-13
2.13936e-19
-1.33054e-13
2.18116e-19
-1.3544e-13
2.19063e-19
-1.37869e-13
2.16732e-19
-1.40341e-13
2.11113e-19
-1.42858e-13
2.02232e-19
-1.45419e-13
1.90151e-19
-1.48027e-13
1.74972e-19
-1.50681e-13
1.56837e-19
-1.53384e-13
1.35934e-19
-1.56134e-13
1.12499e-19
-1.58934e-13
8.68195e-20
-1.61784e-13
5.92359e-20
-1.64685e-13
3.01446e-20
-1.67638e-13
-1.70644e-13
7.51814e-08
-4.76195e-05
6.84284e-13
-7.87699e-08
6.7204e-20
-8.87287e-14
-1.17693e-19
-8.99936e-14
-2.5365e-19
-9.16074e-14
-3.44976e-19
-9.32502e-14
-3.98284e-19
-9.49225e-14
-4.21051e-19
-9.66247e-14
-4.20447e-19
-9.83575e-14
-4.02744e-19
-1.00121e-13
-3.73125e-19
-1.01917e-13
-3.35694e-19
-1.03744e-13
-2.93609e-19
-1.05605e-13
-2.49243e-19
-1.07499e-13
-2.04344e-19
-1.09426e-13
-1.6018e-19
-1.11388e-13
-1.17661e-19
-1.13386e-13
-7.74292e-20
-1.15419e-13
-3.99329e-20
-1.17489e-13
-5.48157e-21
-1.19596e-13
2.57153e-20
-1.2174e-13
5.35198e-20
-1.23923e-13
7.78454e-20
-1.26146e-13
9.86426e-20
-1.28408e-13
1.15891e-19
-1.3071e-13
1.29591e-19
-1.33054e-13
1.39764e-19
-1.3544e-13
1.46449e-19
-1.37869e-13
1.49704e-19
-1.40341e-13
1.49603e-19
-1.42858e-13
1.46245e-19
-1.45419e-13
1.39752e-19
-1.48027e-13
1.30272e-19
-1.50681e-13
1.17983e-19
-1.53383e-13
1.03099e-19
-1.56134e-13
8.58697e-20
-1.58934e-13
6.65858e-20
-1.61784e-13
4.55825e-20
-1.64685e-13
2.32429e-20
-1.67638e-13
-1.70644e-13
6.75824e-08
-4.7462e-05
-3.52897e-19
-1.98071e-08
-7.23253e-19
-8.85095e-14
-9.49988e-19
-8.99933e-14
-1.06144e-18
-9.16073e-14
-1.09017e-18
-9.32502e-14
-1.06387e-18
-9.49225e-14
-1.00356e-18
-9.66248e-14
-9.24126e-19
-9.83576e-14
-8.35583e-19
-1.00121e-13
-7.44408e-19
-1.01917e-13
-6.54614e-19
-1.03744e-13
-5.68574e-19
-1.05605e-13
-4.87594e-19
-1.07499e-13
-4.12313e-19
-1.09426e-13
-3.4296e-19
-1.11389e-13
-2.79529e-19
-1.13386e-13
-2.21877e-19
-1.15419e-13
-1.69799e-19
-1.17489e-13
-1.23061e-19
-1.19596e-13
-8.14228e-20
-1.2174e-13
-4.46548e-20
-1.23923e-13
-1.25393e-20
-1.26146e-13
1.51261e-20
-1.28408e-13
3.85293e-20
-1.3071e-13
5.78463e-20
-1.33054e-13
7.32438e-20
-1.3544e-13
8.48829e-20
-1.37869e-13
9.29228e-20
-1.40341e-13
9.7525e-20
-1.42858e-13
9.88576e-20
-1.45419e-13
9.70988e-20
-1.48027e-13
9.2442e-20
-1.50681e-13
8.50993e-20
-1.53383e-13
7.53065e-20
-1.56134e-13
6.33267e-20
-1.58934e-13
4.94549e-20
-1.61784e-13
3.40219e-20
-1.64685e-13
1.73986e-20
-1.67638e-13
-1.70644e-13
2.49725e-08
-8.53119e-14
-2.25513e-18
-8.68489e-14
-2.65922e-18
-8.84074e-14
-2.65362e-18
-8.99933e-14
-2.46626e-18
-9.16075e-14
-2.21303e-18
-9.32505e-14
-1.94953e-18
-9.49228e-14
-1.70037e-18
-9.66251e-14
-1.47476e-18
-9.83578e-14
-1.27458e-18
-1.00122e-13
-1.09852e-18
-1.01917e-13
-9.4407e-19
-1.03745e-13
-8.08529e-19
-1.05605e-13
-6.89357e-19
-1.07499e-13
-5.84337e-19
-1.09426e-13
-4.91596e-19
-1.11389e-13
-4.09579e-19
-1.13386e-13
-3.36998e-19
-1.15419e-13
-2.72793e-19
-1.17489e-13
-2.16088e-19
-1.19596e-13
-1.66152e-19
-1.2174e-13
-1.22376e-19
-1.23923e-13
-8.42473e-20
-1.26146e-13
-5.13265e-20
-1.28408e-13
-2.32371e-20
-1.3071e-13
3.50513e-22
-1.33054e-13
1.97287e-20
-1.3544e-13
3.51622e-20
-1.37869e-13
4.68954e-20
-1.40341e-13
5.51601e-20
-1.42858e-13
6.01809e-20
-1.45419e-13
6.21814e-20
-1.48027e-13
6.13896e-20
-1.50681e-13
5.80429e-20
-1.53383e-13
5.23928e-20
-1.56134e-13
4.471e-20
-1.58934e-13
3.5289e-20
-1.61784e-13
2.4453e-20
-1.64685e-13
1.25584e-20
-1.67638e-13
-1.70644e-13
-1.32505e-17
-8.53254e-14
-1.10455e-17
-8.68542e-14
-7.769e-18
-8.84106e-14
-5.68355e-18
-8.99954e-14
-4.31157e-18
-9.16089e-14
-3.37488e-18
-9.32514e-14
-2.71002e-18
-9.49235e-14
-2.21975e-18
-9.66255e-14
-1.84525e-18
-9.83582e-14
-1.55018e-18
-1.00122e-13
-1.31156e-18
-1.01917e-13
-1.11444e-18
-1.03745e-13
-9.48811e-19
-1.05605e-13
-8.07768e-19
-1.07499e-13
-6.8642e-19
-1.09427e-13
-5.81204e-19
-1.11389e-13
-4.8946e-19
-1.13386e-13
-4.09162e-19
-1.15419e-13
-3.38732e-19
-1.17489e-13
-2.76923e-19
-1.19596e-13
-2.2273e-19
-1.2174e-13
-1.75335e-19
-1.23924e-13
-1.3406e-19
-1.26146e-13
-9.8336e-20
-1.28408e-13
-6.76794e-20
-1.3071e-13
-4.16727e-20
-1.33054e-13
-1.99504e-20
-1.3544e-13
-2.18673e-21
-1.37869e-13
1.19135e-20
-1.40341e-13
2.26234e-20
-1.42858e-13
3.02012e-20
-1.45419e-13
3.48961e-20
-1.48027e-13
3.69544e-20
-1.50681e-13
3.66249e-20
-1.53383e-13
3.41638e-20
-1.56134e-13
2.98396e-20
-1.58934e-13
2.39384e-20
-1.61784e-13
1.67686e-20
-1.64685e-13
8.66612e-21
-1.67638e-13
-1.70644e-13
-2.4565e-18
-8.53235e-14
-3.29545e-18
-8.68533e-14
-3.4234e-18
-8.84105e-14
-3.23132e-18
-8.99956e-14
-2.91649e-18
-9.16092e-14
-2.57404e-18
-9.32517e-14
-2.24652e-18
-9.49238e-14
-1.95025e-18
-9.66258e-14
-1.68913e-18
-9.83584e-14
-1.46158e-18
-1.00122e-13
-1.26401e-18
-1.01917e-13
-1.0924e-18
-1.03745e-13
-9.42975e-19
-1.05605e-13
-8.12458e-19
-1.07499e-13
-6.98095e-19
-1.09427e-13
-5.97611e-19
-1.11389e-13
-5.09135e-19
-1.13386e-13
-4.31132e-19
-1.15419e-13
-3.62333e-19
-1.17489e-13
-3.01687e-19
-1.19596e-13
-2.48309e-19
-1.21741e-13
-2.01457e-19
-1.23924e-13
-1.60494e-19
-1.26146e-13
-1.24875e-19
-1.28408e-13
-9.41256e-20
-1.3071e-13
-6.78281e-20
-1.33054e-13
-4.5613e-20
-1.3544e-13
-2.71481e-20
-1.37869e-13
-1.21308e-20
-1.40341e-13
-2.81435e-22
-1.42858e-13
8.66271e-21
-1.45419e-13
1.49529e-20
-1.48027e-13
1.88342e-20
-1.50681e-13
2.05499e-20
-1.53383e-13
2.03468e-20
-1.56134e-13
1.84794e-20
-1.58934e-13
1.52148e-20
-1.61784e-13
1.08373e-20
-1.64685e-13
5.65408e-21
-1.67638e-13
-1.70644e-13
-7.87522e-19
-8.53229e-14
-1.23678e-18
-8.68529e-14
-1.51626e-18
-8.84102e-14
-1.65015e-18
-8.99955e-14
-1.67624e-18
-9.16092e-14
-1.62997e-18
-9.32518e-14
-1.53934e-18
-9.49239e-14
-1.42453e-18
-9.6626e-14
-1.29919e-18
-9.83586e-14
-1.17209e-18
-1.00122e-13
-1.04854e-18
-1.01918e-13
-9.31554e-19
-1.03745e-13
-8.22678e-19
-1.05605e-13
-7.22512e-19
-1.07499e-13
-6.31108e-19
-1.09427e-13
-5.48197e-19
-1.11389e-13
-4.73345e-19
-1.13386e-13
-4.06035e-19
-1.1542e-13
-3.45731e-19
-1.17489e-13
-2.91901e-19
-1.19596e-13
-2.44037e-19
-1.21741e-13
-2.01665e-19
-1.23924e-13
-1.64342e-19
-1.26146e-13
-1.31663e-19
-1.28408e-13
-1.03254e-19
-1.3071e-13
-7.87725e-20
-1.33054e-13
-5.79031e-20
-1.3544e-13
-4.03544e-20
-1.37869e-13
-2.58556e-20
-1.40341e-13
-1.4153e-20
-1.42858e-13
-5.00623e-21
-1.45419e-13
1.81501e-21
-1.48027e-13
6.53487e-21
-1.50681e-13
9.37492e-21
-1.53383e-13
1.05579e-20
-1.56134e-13
1.03116e-20
-1.58934e-13
8.87283e-21
-1.61784e-13
6.49191e-21
-1.64685e-13
3.43713e-21
-1.67638e-13
-1.70644e-13
-3.50403e-19
-8.53227e-14
-5.72108e-19
-8.68527e-14
-7.48515e-19
-8.841e-14
-8.73541e-19
-8.99954e-14
-9.49151e-19
-9.16091e-14
-9.81892e-19
-9.32518e-14
-9.80159e-19
-9.49239e-14
-9.52435e-19
-9.6626e-14
-9.06331e-19
-9.83586e-14
-8.48191e-19
-1.00122e-13
-7.83033e-19
-1.01918e-13
-7.14657e-19
-1.03745e-13
-6.45842e-19
-1.05605e-13
-5.78543e-19
-1.07499e-13
-5.14081e-19
-1.09427e-13
-4.53298e-19
-1.11389e-13
-3.96686e-19
-1.13386e-13
-3.44487e-19
-1.1542e-13
-2.96763e-19
-1.17489e-13
-2.53457e-19
-1.19596e-13
-2.14433e-19
-1.21741e-13
-1.79503e-19
-1.23924e-13
-1.48448e-19
-1.26146e-13
-1.21035e-19
-1.28408e-13
-9.70264e-20
-1.3071e-13
-7.61859e-20
-1.33054e-13
-5.82827e-20
-1.3544e-13
-4.30937e-20
-1.37869e-13
-3.0405e-20
-1.40341e-13
-2.0011e-20
-1.42858e-13
-1.17139e-20
-1.45419e-13
-5.32208e-21
-1.48027e-13
-6.48291e-22
-1.50681e-13
2.49288e-21
-1.53383e-13
4.28742e-21
-1.56134e-13
4.92481e-21
-1.58934e-13
4.60115e-21
-1.61784e-13
3.52263e-21
-1.64685e-13
1.90942e-21
-1.67638e-13
-1.70644e-13
-1.79495e-19
-8.53226e-14
-2.93698e-19
-8.68525e-14
-3.93403e-19
-8.84099e-14
-4.74087e-19
-8.99953e-14
-5.33679e-19
-9.1609e-14
-5.72232e-19
-9.32517e-14
-5.91351e-19
-9.49239e-14
-5.93598e-19
-9.6626e-14
-5.81976e-19
-9.83586e-14
-5.5955e-19
-1.00122e-13
-5.29192e-19
-1.01918e-13
-4.93437e-19
-1.03745e-13
-4.54424e-19
-1.05606e-13
-4.13886e-19
-1.07499e-13
-3.73178e-19
-1.09427e-13
-3.33325e-19
-1.11389e-13
-2.95067e-19
-1.13386e-13
-2.58916e-19
-1.1542e-13
-2.25199e-19
-1.17489e-13
-1.94103e-19
-1.19596e-13
-1.65706e-19
-1.21741e-13
-1.40007e-19
-1.23924e-13
-1.16948e-19
-1.26146e-13
-9.64348e-20
-1.28408e-13
-7.83445e-20
-1.3071e-13
-6.25406e-20
-1.33054e-13
-4.88779e-20
-1.3544e-13
-3.72079e-20
-1.37869e-13
-2.73819e-20
-1.40341e-13
-1.92532e-20
-1.42858e-13
-1.26777e-20
-1.45419e-13
-7.5137e-21
-1.48027e-13
-3.6217e-21
-1.50681e-13
-8.62969e-22
-1.53383e-13
9.01831e-22
-1.56134e-13
1.81455e-21
-1.58934e-13
2.02171e-21
-1.61784e-13
1.67699e-21
-1.64685e-13
9.44077e-22
-1.67638e-13
-1.70644e-13
-8.91758e-20
-8.53225e-14
-1.44996e-19
-8.68525e-14
-1.95714e-19
-8.84099e-14
-2.39189e-19
-8.99952e-14
-2.73984e-19
-9.1609e-14
-2.99421e-19
-9.32517e-14
-3.15518e-19
-9.49238e-14
-3.22849e-19
-9.6626e-14
-3.22385e-19
-9.83586e-14
-3.15329e-19
-1.00122e-13
-3.02975e-19
-1.01918e-13
-2.86598e-19
-1.03745e-13
-2.67383e-19
-1.05606e-13
-2.46373e-19
-1.07499e-13
-2.24453e-19
-1.09427e-13
-2.02341e-19
-1.11389e-13
-1.80602e-19
-1.13386e-13
-1.59661e-19
-1.1542e-13
-1.39821e-19
-1.17489e-13
-1.21287e-19
-1.19596e-13
-1.04183e-19
-1.21741e-13
-8.85681e-20
-1.23924e-13
-7.44564e-20
-1.26146e-13
-6.18251e-20
-1.28408e-13
-5.06268e-20
-1.3071e-13
-4.07969e-20
-1.33054e-13
-3.226e-20
-1.3544e-13
-2.49342e-20
-1.37869e-13
-1.8734e-20
-1.40341e-13
-1.35731e-20
-1.42858e-13
-9.36475e-21
-1.45419e-13
-6.02287e-21
-1.48027e-13
-3.46189e-21
-1.50681e-13
-1.59633e-21
-1.53383e-13
-3.40163e-22
-1.56134e-13
3.94276e-22
-1.58934e-13
6.97469e-22
-1.61784e-13
6.64225e-22
-1.64685e-13
3.95411e-22
-1.67638e-13
-1.70644e-13
-2.72805e-20
-4.41427e-20
-5.97039e-20
-7.33496e-20
-8.46185e-20
-9.32329e-20
-9.91014e-20
-1.023e-19
-1.03037e-19
-1.01616e-19
-9.83925e-20
-9.37416e-20
-8.80293e-20
-8.1593e-20
-7.47298e-20
-6.76902e-20
-6.06776e-20
-5.38501e-20
-4.73258e-20
-4.11879e-20
-3.54904e-20
-3.02644e-20
-2.55227e-20
-2.12642e-20
-1.74779e-20
-1.41458e-20
-1.1245e-20
-8.74975e-21
-6.6325e-21
-4.86481e-21
-3.41792e-21
-2.26302e-21
-1.37131e-21
-7.13995e-22
-2.61986e-22
1.43436e-23
1.45583e-22
1.63771e-22
1.02979e-22
)
;

boundaryField
{
    top
    {
        type            calculated;
        value           nonuniform List<scalar> 
80
(
-1.70986e-16
-1.67974e-16
-1.65015e-16
-1.62108e-16
-1.59253e-16
-1.56447e-16
-1.53691e-16
-1.50984e-16
-1.48324e-16
-1.45711e-16
-1.43144e-16
-1.40623e-16
-1.38145e-16
-1.35712e-16
-1.33321e-16
-1.30973e-16
-1.28665e-16
-1.26399e-16
-1.24172e-16
-1.21985e-16
-1.19836e-16
-1.17725e-16
-1.15651e-16
-1.13614e-16
-1.11612e-16
-1.09646e-16
-1.07715e-16
-1.05817e-16
-1.03953e-16
-1.02122e-16
-1.00323e-16
-9.85558e-17
-9.68196e-17
-9.51141e-17
-9.34386e-17
-9.17926e-17
-9.01756e-17
-8.85871e-17
-8.70265e-17
-8.54935e-17
-8.53225e-14
-8.68525e-14
-8.84099e-14
-8.99952e-14
-9.1609e-14
-9.32517e-14
-9.49238e-14
-9.6626e-14
-9.83586e-14
-1.00122e-13
-1.01918e-13
-1.03745e-13
-1.05606e-13
-1.07499e-13
-1.09427e-13
-1.11389e-13
-1.13386e-13
-1.1542e-13
-1.17489e-13
-1.19596e-13
-1.21741e-13
-1.23924e-13
-1.26146e-13
-1.28408e-13
-1.3071e-13
-1.33054e-13
-1.3544e-13
-1.37869e-13
-1.40341e-13
-1.42858e-13
-1.45419e-13
-1.48027e-13
-1.50681e-13
-1.53383e-13
-1.56134e-13
-1.58934e-13
-1.61784e-13
-1.64685e-13
-1.67638e-13
-1.70644e-13
)
;
    }
    inlet
    {
        type            calculated;
        value           nonuniform List<scalar> 
80
(
1.71016e-16
1.68003e-16
1.65043e-16
1.62136e-16
1.5928e-16
1.56474e-16
1.53718e-16
1.5101e-16
1.48349e-16
1.45736e-16
1.43169e-16
1.40647e-16
1.38169e-16
1.35735e-16
1.33344e-16
1.30995e-16
1.28687e-16
1.26421e-16
1.24194e-16
1.22006e-16
6.59079e-15
1.19607e-05
3.08042e-06
1.35267e-06
7.9827e-07
5.27325e-07
3.71758e-07
2.74022e-07
2.08997e-07
1.63673e-07
1.30985e-07
1.06741e-07
8.83019e-08
7.39545e-08
6.25108e-08
5.30039e-08
4.50418e-08
3.83042e-08
3.25531e-08
2.74115e-08
9.71782e-09
1.21203e-08
1.47413e-08
1.77129e-08
2.11211e-08
2.51955e-08
3.00006e-08
3.58623e-08
4.32808e-08
5.288e-08
6.55725e-08
8.27486e-08
1.06635e-07
1.40875e-07
1.91868e-07
2.7184e-07
4.05326e-07
6.51043e-07
1.18586e-06
2.92408e-06
3.40154e-05
1.0986e-09
1.26213e-13
1.28476e-13
1.30779e-13
1.33125e-13
1.35512e-13
1.37942e-13
1.40415e-13
1.42933e-13
1.45496e-13
1.48105e-13
1.50761e-13
1.53465e-13
1.56216e-13
1.59018e-13
1.61869e-13
1.64772e-13
1.67726e-13
1.70734e-13
)
;
    }
    axis
    {
        type            calculated;
        value           uniform 0;
    }
    frontAndBack
    {
        type            empty;
        value           nonuniform 0();
    }
}


// ************************************************************************* //
