/*--------------------------------*- C++ -*----------------------------------*\
  =========                 |
  \\      /  F ield         | OpenFOAM: The Open Source CFD Toolbox
   \\    /   O peration     | Website:  https://openfoam.org
    \\  /    A nd           | Version:  7
     \\/     M anipulation  |
\*---------------------------------------------------------------------------*/
FoamFile
{
    version     2.0;
    format      ascii;
    class       volVectorField;
    location    "15000";
    object      Ua;
}
// * * * * * * * * * * * * * * * * * * * * * * * * * * * * * * * * * * * * * //

dimensions      [0 1 -1 0 0 0 0];

internalField   nonuniform List<vector> 
3200
(
(-3.35263e-07 4.84176e-07 0)
(-1.00417e-06 4.90476e-07 0)
(-1.67403e-06 5.03123e-07 0)
(-2.35329e-06 5.22536e-07 0)
(-3.05074e-06 5.49541e-07 0)
(-3.77607e-06 5.85457e-07 0)
(-4.54051e-06 6.32248e-07 0)
(-5.35762e-06 6.92782e-07 0)
(-6.24447e-06 7.71246e-07 0)
(-7.22337e-06 8.7383e-07 0)
(-8.32441e-06 1.00986e-06 0)
(-9.58962e-06 1.19373e-06 0)
(-1.10797e-05 1.44832e-06 0)
(-1.28853e-05 1.81101e-06 0)
(-1.51466e-05 2.34489e-06 0)
(-1.80885e-05 3.15959e-06 0)
(-2.20836e-05 4.45121e-06 0)
(-2.77709e-05 6.57967e-06 0)
(-3.62784e-05 1.02205e-05 0)
(-4.96509e-05 1.66659e-05 0)
(-6.93013e-05 2.83255e-05 0)
(-4.30473e-05 7.05827e-05 0)
(-3.75715e-06 1.47339e-05 0)
(-1.67646e-06 7.06042e-06 0)
(-1.00062e-06 4.51213e-06 0)
(-6.6824e-07 3.20774e-06 0)
(-4.76622e-07 2.42158e-06 0)
(-3.55875e-07 1.90346e-06 0)
(-2.75089e-07 1.54276e-06 0)
(-2.1848e-07 1.28006e-06 0)
(-1.77407e-07 1.08249e-06 0)
(-1.4672e-07 9.29985e-07 0)
(-1.23181e-07 8.09385e-07 0)
(-1.04649e-07 7.11829e-07 0)
(-8.91965e-08 6.301e-07 0)
(-7.20686e-08 5.48679e-07 0)
(-5.39069e-08 4.75913e-07 0)
(-3.84477e-08 4.10473e-07 0)
(-2.43242e-08 3.51256e-07 0)
(-9.33025e-09 2.95573e-07 0)
(-3.26083e-07 1.43927e-06 0)
(-9.76233e-07 1.45735e-06 0)
(-1.62597e-06 1.49358e-06 0)
(-2.28248e-06 1.54903e-06 0)
(-2.95305e-06 1.62586e-06 0)
(-3.64538e-06 1.72745e-06 0)
(-4.36788e-06 1.8588e-06 0)
(-5.13002e-06 2.02708e-06 0)
(-5.9427e-06 2.24243e-06 0)
(-6.81849e-06 2.51935e-06 0)
(-7.77182e-06 2.87874e-06 0)
(-8.81858e-06 3.35116e-06 0)
(-9.97459e-06 3.98202e-06 0)
(-1.12512e-05 4.83992e-06 0)
(-1.26442e-05 6.03017e-06 0)
(-1.41093e-05 7.71693e-06 0)
(-1.55056e-05 1.01594e-05 0)
(-1.64737e-05 1.37711e-05 0)
(-1.61711e-05 1.92165e-05 0)
(-1.27066e-05 2.75653e-05 0)
(-1.98978e-06 4.0438e-05 0)
(1.06155e-05 3.08772e-05 0)
(1.26921e-05 8.84002e-06 0)
(8.0743e-06 6.61475e-06 0)
(4.57475e-06 5.37228e-06 0)
(1.70336e-06 4.65816e-06 0)
(-8.76983e-07 4.30287e-06 0)
(-3.4108e-06 4.24183e-06 0)
(-6.11599e-06 4.4793e-06 0)
(-9.23676e-06 5.08294e-06 0)
(-1.30994e-05 6.20325e-06 0)
(-1.81878e-05 8.11596e-06 0)
(-2.52617e-05 1.13024e-05 0)
(-3.54739e-05 1.6586e-05 0)
(-2.31613e-05 1.04399e-05 0)
(-3.3582e-06 1.23143e-06 0)
(-1.48588e-06 9.29019e-07 0)
(-7.97829e-07 7.19294e-07 0)
(-3.92624e-07 5.09963e-07 0)
(-1.18117e-07 3.05971e-07 0)
(-3.08921e-07 2.35632e-06 0)
(-9.24093e-07 2.38396e-06 0)
(-1.53657e-06 2.43916e-06 0)
(-2.15151e-06 2.52323e-06 0)
(-2.77376e-06 2.63881e-06 0)
(-3.40798e-06 2.79012e-06 0)
(-4.05857e-06 2.98319e-06 0)
(-4.72952e-06 3.22634e-06 0)
(-5.42402e-06 3.53084e-06 0)
(-6.14379e-06 3.91179e-06 0)
(-6.88776e-06 4.38925e-06 0)
(-7.64979e-06 4.98979e-06 0)
(-8.41494e-06 5.74804e-06 0)
(-9.15319e-06 6.70824e-06 0)
(-9.80973e-06 7.9245e-06 0)
(-1.02907e-05 9.45758e-06 0)
(-1.04446e-05 1.13627e-05 0)
(-1.00453e-05 1.36575e-05 0)
(-8.79562e-06 1.62453e-05 0)
(-6.41028e-06 1.87481e-05 0)
(-2.92598e-06 2.01506e-05 0)
(4.08998e-07 1.8093e-05 0)
(1.96527e-06 1.4097e-05 0)
(1.85589e-06 1.15377e-05 0)
(1.02507e-06 9.94163e-06 0)
(-1.06585e-07 9.02208e-06 0)
(-1.34897e-06 8.62418e-06 0)
(-2.60299e-06 8.68222e-06 0)
(-3.78744e-06 9.19886e-06 0)
(-4.78613e-06 1.02397e-05 0)
(-5.38687e-06 1.19401e-05 0)
(-5.1865e-06 1.45234e-05 0)
(-3.4259e-06 1.83313e-05 0)
(1.30126e-06 2.3863e-05 0)
(5.91407e-06 1.68984e-05 0)
(5.48802e-06 6.52462e-06 0)
(2.2192e-06 5.67971e-06 0)
(-9.11042e-07 5.42461e-06 0)
(-1.46598e-06 1.43026e-06 0)
(-1.54856e-07 2.42725e-07 0)
(-2.85819e-07 3.21522e-06 0)
(-8.54089e-07 3.24938e-06 0)
(-1.41717e-06 3.31736e-06 0)
(-1.97793e-06 3.42017e-06 0)
(-2.53872e-06 3.56018e-06 0)
(-3.10124e-06 3.74114e-06 0)
(-3.6663e-06 3.96827e-06 0)
(-4.23345e-06 4.24849e-06 0)
(-4.80043e-06 4.59052e-06 0)
(-5.36232e-06 5.0051e-06 0)
(-5.91032e-06 5.50504e-06 0)
(-6.43011e-06 6.10487e-06 0)
(-6.89969e-06 6.82002e-06 0)
(-7.28686e-06 7.66477e-06 0)
(-7.54676e-06 8.64819e-06 0)
(-7.62067e-06 9.76701e-06 0)
(-7.43863e-06 1.09938e-05 0)
(-6.93009e-06 1.22594e-05 0)
(-6.0492e-06 1.34315e-05 0)
(-4.82085e-06 1.42972e-05 0)
(-3.4031e-06 1.45803e-05 0)
(-2.1184e-06 1.40732e-05 0)
(-1.27717e-06 1.30698e-05 0)
(-9.3847e-07 1.20849e-05 0)
(-9.77479e-07 1.1309e-05 0)
(-1.25321e-06 1.07997e-05 0)
(-1.64683e-06 1.05652e-05 0)
(-2.06023e-06 1.05974e-05 0)
(-2.40528e-06 1.08825e-05 0)
(-2.59423e-06 1.13976e-05 0)
(-2.53626e-06 1.20974e-05 0)
(-2.14735e-06 1.28868e-05 0)
(-1.38795e-06 1.35701e-05 0)
(-3.57989e-07 1.37631e-05 0)
(4.92977e-07 1.27402e-05 0)
(7.19108e-07 1.12953e-05 0)
(4.4756e-07 1.05183e-05 0)
(6.11071e-08 1.03132e-05 0)
(-1.20783e-07 3.23759e-06 0)
(-2.53296e-08 8.60723e-08 0)
(-2.59148e-07 4.00224e-06 0)
(-7.73508e-07 4.03978e-06 0)
(-1.28055e-06 4.11414e-06 0)
(-1.78112e-06 4.22578e-06 0)
(-2.27551e-06 4.37625e-06 0)
(-2.76321e-06 4.56807e-06 0)
(-3.24266e-06 4.80471e-06 0)
(-3.71095e-06 5.0905e-06 0)
(-4.16332e-06 5.43044e-06 0)
(-4.59269e-06 5.82998e-06 0)
(-4.98907e-06 6.29447e-06 0)
(-5.33889e-06 6.82831e-06 0)
(-5.62459e-06 7.43367e-06 0)
(-5.82454e-06 8.1084e-06 0)
(-5.91382e-06 8.84332e-06 0)
(-5.86654e-06 9.6186e-06 0)
(-5.66046e-06 1.04e-05 0)
(-5.28447e-06 1.11359e-05 0)
(-4.74879e-06 1.17582e-05 0)
(-4.09536e-06 1.21912e-05 0)
(-3.40188e-06 1.23736e-05 0)
(-2.76865e-06 1.22965e-05 0)
(-2.27975e-06 1.20383e-05 0)
(-1.96694e-06 1.17188e-05 0)
(-1.81302e-06 1.14275e-05 0)
(-1.77628e-06 1.12174e-05 0)
(-1.80727e-06 1.11135e-05 0)
(-1.85722e-06 1.11206e-05 0)
(-1.88191e-06 1.12283e-05 0)
(-1.84448e-06 1.1412e-05 0)
(-1.7194e-06 1.16322e-05 0)
(-1.49901e-06 1.18337e-05 0)
(-1.20215e-06 1.19481e-05 0)
(-8.81404e-07 1.19075e-05 0)
(-6.17585e-07 1.16829e-05 0)
(-4.73101e-07 1.13745e-05 0)
(-4.47597e-07 1.11115e-05 0)
(-5.0102e-07 1.09357e-05 0)
(-3.11742e-07 4.53522e-06 0)
(-1.48134e-08 1.83385e-08 0)
(-2.3113e-07 4.71029e-06 0)
(-6.89117e-07 4.74845e-06 0)
(-1.13834e-06 4.82372e-06 0)
(-1.57815e-06 4.93592e-06 0)
(-2.00742e-06 5.08558e-06 0)
(-2.42434e-06 5.27385e-06 0)
(-2.82622e-06 5.5023e-06 0)
(-3.20928e-06 5.77276e-06 0)
(-3.56844e-06 6.08698e-06 0)
(-3.8971e-06 6.4463e-06 0)
(-4.18707e-06 6.85109e-06 0)
(-4.42856e-06 7.30004e-06 0)
(-4.61045e-06 7.78929e-06 0)
(-4.72098e-06 8.31133e-06 0)
(-4.74896e-06 8.85395e-06 0)
(-4.68569e-06 9.39936e-06 0)
(-4.52748e-06 9.92401e-06 0)
(-4.27861e-06 1.03997e-05 0)
(-3.95391e-06 1.07967e-05 0)
(-3.57959e-06 1.10895e-05 0)
(-3.19086e-06 1.12651e-05 0)
(-2.82507e-06 1.13295e-05 0)
(-2.51184e-06 1.13101e-05 0)
(-2.26562e-06 1.12451e-05 0)
(-2.08522e-06 1.117e-05 0)
(-1.95824e-06 1.11108e-05 0)
(-1.86647e-06 1.10826e-05 0)
(-1.79019e-06 1.10905e-05 0)
(-1.71147e-06 1.11306e-05 0)
(-1.6167e-06 1.11918e-05 0)
(-1.49863e-06 1.12579e-05 0)
(-1.35786e-06 1.13099e-05 0)
(-1.20329e-06 1.133e-05 0)
(-1.05061e-06 1.13076e-05 0)
(-9.17671e-07 1.12451e-05 0)
(-8.17177e-07 1.11612e-05 0)
(-7.51742e-07 1.10796e-05 0)
(-7.15633e-07 1.10165e-05 0)
(-3.90177e-07 4.76131e-06 0)
(-1.37121e-08 1.18818e-08 0)
(-2.03541e-07 5.33802e-06 0)
(-6.06263e-07 5.37476e-06 0)
(-9.9953e-07 5.44691e-06 0)
(-1.38174e-06 5.55371e-06 0)
(-1.75099e-06 5.69486e-06 0)
(-2.10489e-06 5.87028e-06 0)
(-2.44047e-06 6.08004e-06 0)
(-2.75408e-06 6.32407e-06 0)
(-3.04133e-06 6.60193e-06 0)
(-3.2971e-06 6.91253e-06 0)
(-3.51563e-06 7.2537e-06 0)
(-3.69079e-06 7.62183e-06 0)
(-3.81642e-06 8.01143e-06 0)
(-3.88703e-06 8.41479e-06 0)
(-3.89856e-06 8.82182e-06 0)
(-3.84943e-06 9.22013e-06 0)
(-3.74152e-06 9.59571e-06 0)
(-3.58103e-06 9.93414e-06 0)
(-3.37873e-06 1.02225e-05 0)
(-3.14929e-06 1.04518e-05 0)
(-2.90956e-06 1.06192e-05 0)
(-2.6758e-06 1.07293e-05 0)
(-2.46073e-06 1.0793e-05 0)
(-2.2716e-06 1.08252e-05 0)
(-2.10988e-06 1.08405e-05 0)
(-1.97237e-06 1.08506e-05 0)
(-1.85303e-06 1.08635e-05 0)
(-1.74473e-06 1.08828e-05 0)
(-1.64085e-06 1.09082e-05 0)
(-1.53647e-06 1.09366e-05 0)
(-1.42912e-06 1.09628e-05 0)
(-1.31904e-06 1.09817e-05 0)
(-1.2089e-06 1.09889e-05 0)
(-1.10283e-06 1.0983e-05 0)
(-1.00505e-06 1.09657e-05 0)
(-9.18317e-07 1.09419e-05 0)
(-8.43088e-07 1.09176e-05 0)
(-7.77492e-07 1.0898e-05 0)
(-4.10341e-07 4.6924e-06 0)
(-1.34848e-08 1.1006e-08 0)
(-1.77608e-07 5.88846e-06 0)
(-5.28589e-07 5.92243e-06 0)
(-8.70079e-07 5.98891e-06 0)
(-1.19999e-06 6.08674e-06 0)
(-1.51609e-06 6.21495e-06 0)
(-1.8159e-06 6.37266e-06 0)
(-2.09665e-06 6.55889e-06 0)
(-2.35523e-06 6.77245e-06 0)
(-2.58826e-06 7.01168e-06 0)
(-2.79211e-06 7.27434e-06 0)
(-2.96308e-06 7.55734e-06 0)
(-3.09767e-06 7.85664e-06 0)
(-3.19283e-06 8.16706e-06 0)
(-3.24639e-06 8.48229e-06 0)
(-3.25749e-06 8.79503e-06 0)
(-3.22699e-06 9.09728e-06 0)
(-3.15781e-06 9.38089e-06 0)
(-3.05497e-06 9.63837e-06 0)
(-2.92546e-06 9.86373e-06 0)
(-2.77763e-06 1.00533e-05 0)
(-2.62023e-06 1.02066e-05 0)
(-2.46139e-06 1.03258e-05 0)
(-2.30754e-06 1.0416e-05 0)
(-2.16287e-06 1.04835e-05 0)
(-2.02918e-06 1.05347e-05 0)
(-1.90625e-06 1.05753e-05 0)
(-1.79251e-06 1.06094e-05 0)
(-1.68573e-06 1.06396e-05 0)
(-1.5837e-06 1.06667e-05 0)
(-1.48468e-06 1.06906e-05 0)
(-1.38772e-06 1.07103e-05 0)
(-1.29271e-06 1.07249e-05 0)
(-1.20022e-06 1.07336e-05 0)
(-1.11119e-06 1.07365e-05 0)
(-1.02652e-06 1.07345e-05 0)
(-9.46688e-07 1.07292e-05 0)
(-8.71584e-07 1.07224e-05 0)
(-8.00448e-07 1.07156e-05 0)
(-4.18602e-07 4.55928e-06 0)
(-1.3232e-08 1.05057e-08 0)
(-1.54046e-07 6.36743e-06 0)
(-4.58174e-07 6.39793e-06 0)
(-7.53246e-07 6.45745e-06 0)
(-1.03702e-06 6.54459e-06 0)
(-1.30724e-06 6.65802e-06 0)
(-1.56162e-06 6.79635e-06 0)
(-1.79775e-06 6.95807e-06 0)
(-2.01318e-06 7.14137e-06 0)
(-2.20543e-06 7.34414e-06 0)
(-2.37207e-06 7.56376e-06 0)
(-2.51087e-06 7.79711e-06 0)
(-2.61995e-06 8.04047e-06 0)
(-2.69801e-06 8.28955e-06 0)
(-2.74446e-06 8.53958e-06 0)
(-2.75969e-06 8.78549e-06 0)
(-2.74517e-06 9.02212e-06 0)
(-2.7035e-06 9.24463e-06 0)
(-2.63833e-06 9.44887e-06 0)
(-2.55416e-06 9.63171e-06 0)
(-2.45595e-06 9.79145e-06 0)
(-2.34871e-06 9.92782e-06 0)
(-2.23698e-06 1.0042e-05 0)
(-2.12449e-06 1.01363e-05 0)
(-2.01396e-06 1.02136e-05 0)
(-1.90698e-06 1.0277e-05 0)
(-1.80426e-06 1.03294e-05 0)
(-1.70577e-06 1.03732e-05 0)
(-1.61111e-06 1.041e-05 0)
(-1.5197e-06 1.04409e-05 0)
(-1.43105e-06 1.04666e-05 0)
(-1.34484e-06 1.04875e-05 0)
(-1.26096e-06 1.05035e-05 0)
(-1.17948e-06 1.05152e-05 0)
(-1.10056e-06 1.05227e-05 0)
(-1.02434e-06 1.05268e-05 0)
(-9.50839e-07 1.05281e-05 0)
(-8.79954e-07 1.05273e-05 0)
(-8.11406e-07 1.0525e-05 0)
(-4.23291e-07 4.40886e-06 0)
(-1.28844e-08 1.00439e-08 0)
(-1.33158e-07 6.7822e-06 0)
(-3.9587e-07 6.80902e-06 0)
(-6.50251e-07 6.86121e-06 0)
(-8.94113e-07 6.93732e-06 0)
(-1.12537e-06 7.03583e-06 0)
(-1.34199e-06 7.15517e-06 0)
(-1.542e-06 7.29357e-06 0)
(-1.72353e-06 7.44908e-06 0)
(-1.88481e-06 7.61947e-06 0)
(-2.02426e-06 7.80221e-06 0)
(-2.14058e-06 7.99449e-06 0)
(-2.23286e-06 8.19315e-06 0)
(-2.30065e-06 8.39482e-06 0)
(-2.34408e-06 8.59597e-06 0)
(-2.36391e-06 8.79304e-06 0)
(-2.36157e-06 8.98265e-06 0)
(-2.33912e-06 9.16175e-06 0)
(-2.29914e-06 9.32783e-06 0)
(-2.24461e-06 9.47909e-06 0)
(-2.17865e-06 9.61449e-06 0)
(-2.10434e-06 9.73384e-06 0)
(-2.0245e-06 9.83764e-06 0)
(-1.94153e-06 9.92697e-06 0)
(-1.85728e-06 1.00033e-05 0)
(-1.7731e-06 1.00682e-05 0)
(-1.68985e-06 1.01232e-05 0)
(-1.608e-06 1.01697e-05 0)
(-1.52776e-06 1.02089e-05 0)
(-1.44919e-06 1.02418e-05 0)
(-1.37227e-06 1.0269e-05 0)
(-1.29699e-06 1.02911e-05 0)
(-1.22334e-06 1.03087e-05 0)
(-1.15135e-06 1.03221e-05 0)
(-1.08104e-06 1.03318e-05 0)
(-1.0124e-06 1.03383e-05 0)
(-9.45386e-07 1.0342e-05 0)
(-8.79899e-07 1.03433e-05 0)
(-8.15735e-07 1.03425e-05 0)
(-4.25117e-07 4.24975e-06 0)
(-1.24556e-08 9.60745e-09 0)
(-1.14966e-07 7.14053e-06 0)
(-3.41688e-07 7.16376e-06 0)
(-5.60942e-07 7.20887e-06 0)
(-7.70717e-07 7.27443e-06 0)
(-9.69158e-07 7.35894e-06 0)
(-1.15454e-06 7.46078e-06 0)
(-1.32529e-06 7.57818e-06 0)
(-1.47997e-06 7.70923e-06 0)
(-1.61734e-06 7.85184e-06 0)
(-1.73639e-06 8.00374e-06 0)
(-1.83639e-06 8.16251e-06 0)
(-1.91693e-06 8.32558e-06 0)
(-1.97798e-06 8.49032e-06 0)
(-2.01994e-06 8.65411e-06 0)
(-2.04361e-06 8.81441e-06 0)
(-2.05019e-06 8.96889e-06 0)
(-2.04125e-06 9.11551e-06 0)
(-2.01864e-06 9.25263e-06 0)
(-1.98438e-06 9.37905e-06 0)
(-1.94055e-06 9.49407e-06 0)
(-1.88918e-06 9.59746e-06 0)
(-1.83214e-06 9.68937e-06 0)
(-1.77107e-06 9.77033e-06 0)
(-1.70731e-06 9.84106e-06 0)
(-1.64194e-06 9.90243e-06 0)
(-1.57575e-06 9.95532e-06 0)
(-1.50932e-06 1.00006e-05 0)
(-1.44302e-06 1.00391e-05 0)
(-1.37714e-06 1.00715e-05 0)
(-1.31184e-06 1.00984e-05 0)
(-1.24725e-06 1.01205e-05 0)
(-1.18346e-06 1.01381e-05 0)
(-1.12054e-06 1.01517e-05 0)
(-1.05854e-06 1.01618e-05 0)
(-9.97503e-07 1.01687e-05 0)
(-9.37437e-07 1.01728e-05 0)
(-8.78342e-07 1.01744e-05 0)
(-8.20176e-07 1.01736e-05 0)
(-4.27457e-07 4.09062e-06 0)
(-1.19513e-08 9.19643e-09 0)
(-9.9315e-08 7.44999e-06 0)
(-2.95126e-07 7.4699e-06 0)
(-4.84363e-07 7.50851e-06 0)
(-6.65248e-07 7.56449e-06 0)
(-8.36181e-07 7.63642e-06 0)
(-9.95728e-07 7.72276e-06 0)
(-1.14263e-06 7.82186e-06 0)
(-1.2758e-06 7.93196e-06 0)
(-1.39437e-06 8.05121e-06 0)
(-1.49768e-06 8.17763e-06 0)
(-1.58533e-06 8.3092e-06 0)
(-1.65719e-06 8.44386e-06 0)
(-1.71341e-06 8.57955e-06 0)
(-1.75443e-06 8.71427e-06 0)
(-1.78098e-06 8.84617e-06 0)
(-1.79402e-06 8.97356e-06 0)
(-1.79474e-06 9.09499e-06 0)
(-1.78448e-06 9.20929e-06 0)
(-1.76466e-06 9.31562e-06 0)
(-1.73674e-06 9.4134e-06 0)
(-1.70212e-06 9.50238e-06 0)
(-1.66209e-06 9.58257e-06 0)
(-1.61784e-06 9.65416e-06 0)
(-1.57036e-06 9.71754e-06 0)
(-1.52048e-06 9.77318e-06 0)
(-1.46887e-06 9.82161e-06 0)
(-1.41606e-06 9.86337e-06 0)
(-1.36245e-06 9.89903e-06 0)
(-1.30836e-06 9.92909e-06 0)
(-1.254e-06 9.95408e-06 0)
(-1.19955e-06 9.97444e-06 0)
(-1.14516e-06 9.99062e-06 0)
(-1.09094e-06 1.0003e-05 0)
(-1.03697e-06 1.00121e-05 0)
(-9.83335e-07 1.00181e-05 0)
(-9.30114e-07 1.00214e-05 0)
(-8.77378e-07 1.00223e-05 0)
(-8.25163e-07 1.0021e-05 0)
(-4.30033e-07 3.93192e-06 0)
(-1.1385e-08 8.80948e-09 0)
(-8.59548e-08 7.71755e-06 0)
(-2.55414e-07 7.73451e-06 0)
(-4.19159e-07 7.76736e-06 0)
(-5.75657e-07 7.81492e-06 0)
(-7.23555e-07 7.87587e-06 0)
(-8.61672e-07 7.94884e-06 0)
(-9.89006e-07 8.03233e-06 0)
(-1.10474e-06 8.1248e-06 0)
(-1.20824e-06 8.22463e-06 0)
(-1.2991e-06 8.33015e-06 0)
(-1.37708e-06 8.43968e-06 0)
(-1.44219e-06 8.55156e-06 0)
(-1.49464e-06 8.66417e-06 0)
(-1.53486e-06 8.77595e-06 0)
(-1.56345e-06 8.8855e-06 0)
(-1.58118e-06 8.99154e-06 0)
(-1.58896e-06 9.09299e-06 0)
(-1.58776e-06 9.18896e-06 0)
(-1.57864e-06 9.27877e-06 0)
(-1.56264e-06 9.36197e-06 0)
(-1.54075e-06 9.43828e-06 0)
(-1.51393e-06 9.50761e-06 0)
(-1.48302e-06 9.56999e-06 0)
(-1.44878e-06 9.62561e-06 0)
(-1.41185e-06 9.6747e-06 0)
(-1.37277e-06 9.71759e-06 0)
(-1.33196e-06 9.75463e-06 0)
(-1.28977e-06 9.78618e-06 0)
(-1.24648e-06 9.81263e-06 0)
(-1.20229e-06 9.83436e-06 0)
(-1.15739e-06 9.85177e-06 0)
(-1.11189e-06 9.86523e-06 0)
(-1.06592e-06 9.87512e-06 0)
(-1.01956e-06 9.88181e-06 0)
(-9.72921e-07 9.88567e-06 0)
(-9.26095e-07 9.88703e-06 0)
(-8.79193e-07 9.88623e-06 0)
(-8.32294e-07 9.88341e-06 0)
(-4.33506e-07 3.77149e-06 0)
(-1.0768e-08 8.44123e-09 0)
(-7.46004e-08 7.94941e-06 0)
(-2.21684e-07 7.96382e-06 0)
(-3.63843e-07 7.9917e-06 0)
(-4.99779e-07 8.03201e-06 0)
(-6.28361e-07 8.08359e-06 0)
(-7.48628e-07 8.14522e-06 0)
(-8.59783e-07 8.2156e-06 0)
(-9.612e-07 8.29339e-06 0)
(-1.05242e-06 8.3772e-06 0)
(-1.13317e-06 8.46564e-06 0)
(-1.20334e-06 8.55732e-06 0)
(-1.26299e-06 8.65088e-06 0)
(-1.31233e-06 8.74503e-06 0)
(-1.35174e-06 8.83854e-06 0)
(-1.38173e-06 8.93029e-06 0)
(-1.40291e-06 9.0193e-06 0)
(-1.41596e-06 9.10471e-06 0)
(-1.42164e-06 9.1858e-06 0)
(-1.42072e-06 9.26203e-06 0)
(-1.41398e-06 9.33297e-06 0)
(-1.40216e-06 9.39835e-06 0)
(-1.38596e-06 9.45801e-06 0)
(-1.36601e-06 9.51191e-06 0)
(-1.3429e-06 9.56007e-06 0)
(-1.31709e-06 9.60261e-06 0)
(-1.28899e-06 9.63968e-06 0)
(-1.25895e-06 9.6715e-06 0)
(-1.22722e-06 9.6983e-06 0)
(-1.194e-06 9.72034e-06 0)
(-1.15945e-06 9.73792e-06 0)
(-1.12367e-06 9.75134e-06 0)
(-1.08673e-06 9.76093e-06 0)
(-1.04871e-06 9.76705e-06 0)
(-1.00964e-06 9.77005e-06 0)
(-9.69597e-07 9.77034e-06 0)
(-9.28644e-07 9.76829e-06 0)
(-8.86882e-07 9.76431e-06 0)
(-8.44382e-07 9.75858e-06 0)
(-4.39214e-07 3.60849e-06 0)
(-1.0106e-08 8.08488e-09 0)
(-6.49649e-08 8.15097e-06 0)
(-1.93073e-07 8.1632e-06 0)
(-3.16958e-07 8.18686e-06 0)
(-4.35534e-07 8.22104e-06 0)
(-5.4787e-07 8.26473e-06 0)
(-6.53182e-07 8.31688e-06 0)
(-7.5084e-07 8.37636e-06 0)
(-8.40361e-07 8.44203e-06 0)
(-9.21412e-07 8.51271e-06 0)
(-9.93805e-07 8.58723e-06 0)
(-1.05749e-06 8.66445e-06 0)
(-1.11256e-06 8.74326e-06 0)
(-1.15922e-06 8.8226e-06 0)
(-1.19779e-06 8.90148e-06 0)
(-1.22869e-06 8.97899e-06 0)
(-1.2524e-06 9.05435e-06 0)
(-1.26948e-06 9.12685e-06 0)
(-1.28051e-06 9.19589e-06 0)
(-1.28608e-06 9.261e-06 0)
(-1.28678e-06 9.32179e-06 0)
(-1.28319e-06 9.37798e-06 0)
(-1.27584e-06 9.42936e-06 0)
(-1.26522e-06 9.47582e-06 0)
(-1.25176e-06 9.5173e-06 0)
(-1.23583e-06 9.55379e-06 0)
(-1.21772e-06 9.58534e-06 0)
(-1.19769e-06 9.61202e-06 0)
(-1.1759e-06 9.63395e-06 0)
(-1.15246e-06 9.65127e-06 0)
(-1.12744e-06 9.66416e-06 0)
(-1.10083e-06 9.67285e-06 0)
(-1.07261e-06 9.67758e-06 0)
(-1.04272e-06 9.67867e-06 0)
(-1.01108e-06 9.67646e-06 0)
(-9.77633e-07 9.67139e-06 0)
(-9.42359e-07 9.66395e-06 0)
(-9.05301e-07 9.65469e-06 0)
(-8.66553e-07 9.64399e-06 0)
(-4.49813e-07 3.44014e-06 0)
(-9.39826e-09 7.73401e-09 0)
(-5.67796e-08 8.32679e-06 0)
(-1.68774e-07 8.33719e-06 0)
(-2.77157e-07 8.35732e-06 0)
(-3.81032e-07 8.38637e-06 0)
(-4.79634e-07 8.4235e-06 0)
(-5.72331e-07 8.46779e-06 0)
(-6.58623e-07 8.51829e-06 0)
(-7.38137e-07 8.57401e-06 0)
(-8.10628e-07 8.63398e-06 0)
(-8.75971e-07 8.69721e-06 0)
(-9.34156e-07 8.76275e-06 0)
(-9.8528e-07 8.82968e-06 0)
(-1.02953e-06 8.89714e-06 0)
(-1.0672e-06 8.96431e-06 0)
(-1.09862e-06 9.03045e-06 0)
(-1.12419e-06 9.09491e-06 0)
(-1.14437e-06 9.15708e-06 0)
(-1.15963e-06 9.21646e-06 0)
(-1.17043e-06 9.27262e-06 0)
(-1.17727e-06 9.32521e-06 0)
(-1.18058e-06 9.37393e-06 0)
(-1.18081e-06 9.41855e-06 0)
(-1.17834e-06 9.45889e-06 0)
(-1.17353e-06 9.49482e-06 0)
(-1.16666e-06 9.52623e-06 0)
(-1.15796e-06 9.55305e-06 0)
(-1.14761e-06 9.57524e-06 0)
(-1.13572e-06 9.59278e-06 0)
(-1.12231e-06 9.60566e-06 0)
(-1.10735e-06 9.61391e-06 0)
(-1.09073e-06 9.61759e-06 0)
(-1.07224e-06 9.61681e-06 0)
(-1.05164e-06 9.61173e-06 0)
(-1.02859e-06 9.60261e-06 0)
(-1.00272e-06 9.58982e-06 0)
(-9.73629e-07 9.57385e-06 0)
(-9.4094e-07 9.55541e-06 0)
(-9.04256e-07 9.53516e-06 0)
(-4.67601e-07 3.25863e-06 0)
(-8.64062e-09 7.37918e-09 0)
(-4.98038e-08 8.48071e-06 0)
(-1.48067e-07 8.4896e-06 0)
(-2.43247e-07 8.50679e-06 0)
(-3.34606e-07 8.53161e-06 0)
(-4.21523e-07 8.56332e-06 0)
(-5.03489e-07 8.60115e-06 0)
(-5.80109e-07 8.64429e-06 0)
(-6.51095e-07 8.6919e-06 0)
(-7.16267e-07 8.74316e-06 0)
(-7.75546e-07 8.79726e-06 0)
(-8.28945e-07 8.85339e-06 0)
(-8.76564e-07 8.9108e-06 0)
(-9.1858e-07 8.96877e-06 0)
(-9.55237e-07 9.02662e-06 0)
(-9.86833e-07 9.08374e-06 0)
(-1.01371e-06 9.13956e-06 0)
(-1.03625e-06 9.1936e-06 0)
(-1.05483e-06 9.24539e-06 0)
(-1.06987e-06 9.29457e-06 0)
(-1.08178e-06 9.34079e-06 0)
(-1.09093e-06 9.38376e-06 0)
(-1.09771e-06 9.42324e-06 0)
(-1.10246e-06 9.45899e-06 0)
(-1.1055e-06 9.49083e-06 0)
(-1.10708e-06 9.51857e-06 0)
(-1.10743e-06 9.54205e-06 0)
(-1.10671e-06 9.56107e-06 0)
(-1.10502e-06 9.57549e-06 0)
(-1.10236e-06 9.58511e-06 0)
(-1.09868e-06 9.58975e-06 0)
(-1.09379e-06 9.58921e-06 0)
(-1.08738e-06 9.58333e-06 0)
(-1.07901e-06 9.57192e-06 0)
(-1.06806e-06 9.55488e-06 0)
(-1.05372e-06 9.53215e-06 0)
(-1.03497e-06 9.50385e-06 0)
(-1.01055e-06 9.47029e-06 0)
(-9.78882e-07 9.43176e-06 0)
(-5.04469e-07 3.05246e-06 0)
(-7.79916e-09 7.00905e-09 0)
(-4.38278e-08 8.61593e-06 0)
(-1.30328e-07 8.62357e-06 0)
(-2.14194e-07 8.63835e-06 0)
(-2.94826e-07 8.65968e-06 0)
(-3.7172e-07 8.68696e-06 0)
(-4.44469e-07 8.7195e-06 0)
(-5.1276e-07 8.75664e-06 0)
(-5.76375e-07 8.79767e-06 0)
(-6.35183e-07 8.8419e-06 0)
(-6.89135e-07 8.88864e-06 0)
(-7.38263e-07 8.93724e-06 0)
(-7.82668e-07 8.98705e-06 0)
(-8.22514e-07 9.03748e-06 0)
(-8.58019e-07 9.08798e-06 0)
(-8.89447e-07 9.13801e-06 0)
(-9.17099e-07 9.18712e-06 0)
(-9.41304e-07 9.23488e-06 0)
(-9.6241e-07 9.28091e-06 0)
(-9.80777e-07 9.32486e-06 0)
(-9.96772e-07 9.36643e-06 0)
(-1.01075e-06 9.40534e-06 0)
(-1.02308e-06 9.44135e-06 0)
(-1.03409e-06 9.47421e-06 0)
(-1.04411e-06 9.50371e-06 0)
(-1.05344e-06 9.5296e-06 0)
(-1.06234e-06 9.55165e-06 0)
(-1.07104e-06 9.5696e-06 0)
(-1.07974e-06 9.58315e-06 0)
(-1.08855e-06 9.59195e-06 0)
(-1.09754e-06 9.5956e-06 0)
(-1.10664e-06 9.59362e-06 0)
(-1.11569e-06 9.58546e-06 0)
(-1.12433e-06 9.57043e-06 0)
(-1.13196e-06 9.54778e-06 0)
(-1.13769e-06 9.51661e-06 0)
(-1.14018e-06 9.47593e-06 0)
(-1.13756e-06 9.42466e-06 0)
(-1.12704e-06 9.3613e-06 0)
(-5.82497e-07 2.81742e-06 0)
(-6.81047e-09 6.62761e-09 0)
(-3.86729e-08 8.73508e-06 0)
(-1.15024e-07 8.74169e-06 0)
(-1.89122e-07 8.75449e-06 0)
(-2.60482e-07 8.77298e-06 0)
(-3.28695e-07 8.79663e-06 0)
(-3.93438e-07 8.82488e-06 0)
(-4.54466e-07 8.85715e-06 0)
(-5.11611e-07 8.89286e-06 0)
(-5.6478e-07 8.93142e-06 0)
(-6.13951e-07 8.97227e-06 0)
(-6.59164e-07 9.01485e-06 0)
(-7.00522e-07 9.05864e-06 0)
(-7.38176e-07 9.10314e-06 0)
(-7.72325e-07 9.14788e-06 0)
(-8.03208e-07 9.19244e-06 0)
(-8.31095e-07 9.23643e-06 0)
(-8.56283e-07 9.27949e-06 0)
(-8.7909e-07 9.32129e-06 0)
(-8.99849e-07 9.36156e-06 0)
(-9.18904e-07 9.40002e-06 0)
(-9.36606e-07 9.43644e-06 0)
(-9.53314e-07 9.4706e-06 0)
(-9.69386e-07 9.50227e-06 0)
(-9.85186e-07 9.53126e-06 0)
(-1.00108e-06 9.55734e-06 0)
(-1.01743e-06 9.58027e-06 0)
(-1.0346e-06 9.59979e-06 0)
(-1.05296e-06 9.61557e-06 0)
(-1.07289e-06 9.62722e-06 0)
(-1.09475e-06 9.63427e-06 0)
(-1.11889e-06 9.63609e-06 0)
(-1.14563e-06 9.63192e-06 0)
(-1.17527e-06 9.62076e-06 0)
(-1.20799e-06 9.60132e-06 0)
(-1.24383e-06 9.57195e-06 0)
(-1.28257e-06 9.5305e-06 0)
(-1.32356e-06 9.47417e-06 0)
(-1.36519e-06 9.39875e-06 0)
(-7.14613e-07 2.57338e-06 0)
(-5.64637e-09 6.28051e-09 0)
(-3.41895e-08 8.8403e-06 0)
(-1.0171e-07 8.84608e-06 0)
(-1.67301e-07 8.85726e-06 0)
(-2.30568e-07 8.87343e-06 0)
(-2.91183e-07 8.89413e-06 0)
(-3.48887e-07 8.91889e-06 0)
(-4.0349e-07 8.94723e-06 0)
(-4.54863e-07 8.97864e-06 0)
(-5.02942e-07 9.01266e-06 0)
(-5.47723e-07 9.04879e-06 0)
(-5.89252e-07 9.08659e-06 0)
(-6.27627e-07 9.12562e-06 0)
(-6.62992e-07 9.16547e-06 0)
(-6.95528e-07 9.20576e-06 0)
(-7.25449e-07 9.24614e-06 0)
(-7.53001e-07 9.28629e-06 0)
(-7.78455e-07 9.32592e-06 0)
(-8.02101e-07 9.36478e-06 0)
(-8.24249e-07 9.40262e-06 0)
(-8.45226e-07 9.43926e-06 0)
(-8.65372e-07 9.47449e-06 0)
(-8.85044e-07 9.50817e-06 0)
(-9.04616e-07 9.54013e-06 0)
(-9.24482e-07 9.57024e-06 0)
(-9.45061e-07 9.59835e-06 0)
(-9.66804e-07 9.62431e-06 0)
(-9.90204e-07 9.64797e-06 0)
(-1.01581e-06 9.66913e-06 0)
(-1.04424e-06 9.68757e-06 0)
(-1.07621e-06 9.70299e-06 0)
(-1.11255e-06 9.715e-06 0)
(-1.15426e-06 9.72312e-06 0)
(-1.20255e-06 9.72667e-06 0)
(-1.2589e-06 9.72474e-06 0)
(-1.32514e-06 9.71608e-06 0)
(-1.40358e-06 9.699e-06 0)
(-1.49715e-06 9.67113e-06 0)
(-1.60908e-06 9.62829e-06 0)
(-8.55688e-07 2.37791e-06 0)
(-4.47386e-09 6.05807e-09 0)
(-3.02543e-08 8.93337e-06 0)
(-9.00207e-08 8.93846e-06 0)
(-1.48129e-07 8.94833e-06 0)
(-2.04259e-07 8.9626e-06 0)
(-2.58146e-07 8.98091e-06 0)
(-3.09585e-07 9.00283e-06 0)
(-3.58423e-07 9.02798e-06 0)
(-4.04564e-07 9.05593e-06 0)
(-4.47965e-07 9.08628e-06 0)
(-4.88629e-07 9.11865e-06 0)
(-5.26609e-07 9.15264e-06 0)
(-5.61995e-07 9.18791e-06 0)
(-5.94919e-07 9.22413e-06 0)
(-6.25542e-07 9.26098e-06 0)
(-6.54059e-07 9.29818e-06 0)
(-6.80687e-07 9.33548e-06 0)
(-7.05669e-07 9.37265e-06 0)
(-7.29266e-07 9.4095e-06 0)
(-7.51758e-07 9.44587e-06 0)
(-7.73442e-07 9.4816e-06 0)
(-7.94634e-07 9.51658e-06 0)
(-8.15666e-07 9.55071e-06 0)
(-8.36892e-07 9.58394e-06 0)
(-8.58694e-07 9.61621e-06 0)
(-8.81484e-07 9.6475e-06 0)
(-9.05716e-07 9.67782e-06 0)
(-9.319e-07 9.70718e-06 0)
(-9.60618e-07 9.73563e-06 0)
(-9.92545e-07 9.76325e-06 0)
(-1.02848e-06 9.79015e-06 0)
(-1.06941e-06 9.81646e-06 0)
(-1.1165e-06 9.84238e-06 0)
(-1.17128e-06 9.86815e-06 0)
(-1.23564e-06 9.8941e-06 0)
(-1.31205e-06 9.92067e-06 0)
(-1.40375e-06 9.94843e-06 0)
(-1.51502e-06 9.97818e-06 0)
(-1.65076e-06 1.00095e-05 0)
(-8.82752e-07 2.25367e-06 0)
(-3.79597e-09 5.98478e-09 0)
(-2.67674e-08 9.01572e-06 0)
(-7.96585e-08 9.02025e-06 0)
(-1.3112e-07 9.02904e-06 0)
(-1.8089e-07 9.04176e-06 0)
(-2.28754e-07 9.0581e-06 0)
(-2.74545e-07 9.07772e-06 0)
(-3.18142e-07 9.10026e-06 0)
(-3.59471e-07 9.1254e-06 0)
(-3.985e-07 9.15279e-06 0)
(-4.35241e-07 9.18212e-06 0)
(-4.69741e-07 9.21306e-06 0)
(-5.02085e-07 9.24534e-06 0)
(-5.32386e-07 9.27868e-06 0)
(-5.60789e-07 9.31284e-06 0)
(-5.8746e-07 9.3476e-06 0)
(-6.12589e-07 9.38275e-06 0)
(-6.36386e-07 9.41814e-06 0)
(-6.59076e-07 9.45362e-06 0)
(-6.80898e-07 9.48908e-06 0)
(-7.02106e-07 9.52443e-06 0)
(-7.22968e-07 9.55962e-06 0)
(-7.43763e-07 9.59463e-06 0)
(-7.64786e-07 9.62945e-06 0)
(-7.86347e-07 9.66413e-06 0)
(-8.08776e-07 9.69877e-06 0)
(-8.32428e-07 9.73348e-06 0)
(-8.57686e-07 9.76845e-06 0)
(-8.84973e-07 9.80395e-06 0)
(-9.14758e-07 9.8403e-06 0)
(-9.47569e-07 9.87796e-06 0)
(-9.84008e-07 9.91749e-06 0)
(-1.02476e-06 9.95966e-06 0)
(-1.07063e-06 1.00055e-05 0)
(-1.12253e-06 1.00562e-05 0)
(-1.18153e-06 1.01135e-05 0)
(-1.24881e-06 1.01798e-05 0)
(-1.32571e-06 1.0258e-05 0)
(-1.41254e-06 1.03498e-05 0)
(-7.4925e-07 2.13864e-06 0)
(-4.00253e-09 5.91413e-09 0)
(-2.36494e-08 9.08853e-06 0)
(-7.03882e-08 9.0926e-06 0)
(-1.15889e-07 9.10049e-06 0)
(-1.59936e-07 9.11193e-06 0)
(-2.0235e-07 9.12665e-06 0)
(-2.42995e-07 9.14436e-06 0)
(-2.81771e-07 9.16477e-06 0)
(-3.18619e-07 9.1876e-06 0)
(-3.53514e-07 9.21256e-06 0)
(-3.86468e-07 9.23939e-06 0)
(-4.17524e-07 9.26785e-06 0)
(-4.46752e-07 9.29769e-06 0)
(-4.74252e-07 9.32871e-06 0)
(-5.00142e-07 9.36071e-06 0)
(-5.24565e-07 9.39351e-06 0)
(-5.47678e-07 9.42697e-06 0)
(-5.69655e-07 9.46098e-06 0)
(-5.90678e-07 9.49542e-06 0)
(-6.10943e-07 9.53023e-06 0)
(-6.30649e-07 9.56537e-06 0)
(-6.50003e-07 9.60082e-06 0)
(-6.69212e-07 9.6366e-06 0)
(-6.88488e-07 9.67276e-06 0)
(-7.08036e-07 9.70939e-06 0)
(-7.28063e-07 9.74663e-06 0)
(-7.48766e-07 9.78465e-06 0)
(-7.70333e-07 9.82371e-06 0)
(-7.92936e-07 9.86412e-06 0)
(-8.16723e-07 9.9063e-06 0)
(-8.41807e-07 9.95076e-06 0)
(-8.68248e-07 9.99815e-06 0)
(-8.96031e-07 1.00493e-05 0)
(-9.25022e-07 1.01052e-05 0)
(-9.54919e-07 1.0167e-05 0)
(-9.85168e-07 1.02365e-05 0)
(-1.01484e-06 1.03154e-05 0)
(-1.04248e-06 1.04062e-05 0)
(-1.0648e-06 1.05083e-05 0)
(-5.57554e-07 1.99786e-06 0)
(-4.79138e-09 5.69084e-09 0)
(-2.08384e-08 9.15278e-06 0)
(-6.20267e-08 9.15646e-06 0)
(-1.02138e-07 9.1636e-06 0)
(-1.40989e-07 9.17397e-06 0)
(-1.7843e-07 9.18733e-06 0)
(-2.14344e-07 9.20344e-06 0)
(-2.48646e-07 9.22205e-06 0)
(-2.81284e-07 9.24293e-06 0)
(-3.12238e-07 9.26586e-06 0)
(-3.41515e-07 9.2906e-06 0)
(-3.69149e-07 9.31697e-06 0)
(-3.95197e-07 9.34476e-06 0)
(-4.19738e-07 9.37382e-06 0)
(-4.42872e-07 9.40399e-06 0)
(-4.6471e-07 9.43513e-06 0)
(-4.8538e-07 9.46715e-06 0)
(-5.05019e-07 9.49995e-06 0)
(-5.23771e-07 9.53346e-06 0)
(-5.41784e-07 9.56763e-06 0)
(-5.59207e-07 9.60246e-06 0)
(-5.76186e-07 9.63794e-06 0)
(-5.9286e-07 9.67409e-06 0)
(-6.0936e-07 9.71098e-06 0)
(-6.25796e-07 9.74869e-06 0)
(-6.42258e-07 9.78735e-06 0)
(-6.58808e-07 9.82709e-06 0)
(-6.75464e-07 9.86813e-06 0)
(-6.92198e-07 9.9107e-06 0)
(-7.08911e-07 9.9551e-06 0)
(-7.25423e-07 1.00017e-05 0)
(-7.41446e-07 1.00508e-05 0)
(-7.56552e-07 1.01031e-05 0)
(-7.70137e-07 1.0159e-05 0)
(-7.81377e-07 1.02191e-05 0)
(-7.89165e-07 1.02841e-05 0)
(-7.92047e-07 1.03546e-05 0)
(-7.88142e-07 1.04313e-05 0)
(-7.74284e-07 1.05106e-05 0)
(-4.03286e-07 1.8735e-06 0)
(-5.59972e-09 5.32902e-09 0)
(-1.82877e-08 9.20928e-06 0)
(-5.44354e-08 9.21263e-06 0)
(-8.96415e-08 9.21913e-06 0)
(-1.23746e-07 9.22858e-06 0)
(-1.56619e-07 9.24077e-06 0)
(-1.88155e-07 9.2555e-06 0)
(-2.18281e-07 9.27257e-06 0)
(-2.46946e-07 9.29177e-06 0)
(-2.74129e-07 9.31293e-06 0)
(-2.9983e-07 9.33586e-06 0)
(-3.24072e-07 9.36039e-06 0)
(-3.46899e-07 9.38638e-06 0)
(-3.6837e-07 9.4137e-06 0)
(-3.88562e-07 9.44222e-06 0)
(-4.07563e-07 9.47185e-06 0)
(-4.25471e-07 9.50251e-06 0)
(-4.42391e-07 9.53412e-06 0)
(-4.58433e-07 9.56664e-06 0)
(-4.73709e-07 9.60005e-06 0)
(-4.88326e-07 9.63432e-06 0)
(-5.02385e-07 9.66946e-06 0)
(-5.15979e-07 9.70549e-06 0)
(-5.29181e-07 9.74244e-06 0)
(-5.42044e-07 9.78035e-06 0)
(-5.54592e-07 9.8193e-06 0)
(-5.66809e-07 9.85935e-06 0)
(-5.78636e-07 9.90059e-06 0)
(-5.89955e-07 9.94312e-06 0)
(-6.00577e-07 9.98703e-06 0)
(-6.10232e-07 1.00324e-05 0)
(-6.18552e-07 1.00794e-05 0)
(-6.25056e-07 1.01281e-05 0)
(-6.29136e-07 1.01785e-05 0)
(-6.30042e-07 1.02307e-05 0)
(-6.26877e-07 1.02845e-05 0)
(-6.18591e-07 1.03397e-05 0)
(-6.03994e-07 1.03958e-05 0)
(-5.81269e-07 1.04481e-05 0)
(-3.05477e-07 1.80365e-06 0)
(-6.16036e-09 4.91944e-09 0)
(-1.59627e-08 9.25874e-06 0)
(-4.75128e-08 9.2618e-06 0)
(-7.82349e-08 9.26773e-06 0)
(-1.07986e-07 9.27637e-06 0)
(-1.36646e-07 9.28753e-06 0)
(-1.6412e-07 9.30104e-06 0)
(-1.90337e-07 9.31673e-06 0)
(-2.15247e-07 9.33444e-06 0)
(-2.38823e-07 9.354e-06 0)
(-2.61058e-07 9.37528e-06 0)
(-2.81963e-07 9.39814e-06 0)
(-3.01565e-07 9.42246e-06 0)
(-3.19906e-07 9.44814e-06 0)
(-3.37042e-07 9.47509e-06 0)
(-3.53038e-07 9.50322e-06 0)
(-3.67969e-07 9.53249e-06 0)
(-3.81914e-07 9.56284e-06 0)
(-3.94958e-07 9.59423e-06 0)
(-4.07186e-07 9.62666e-06 0)
(-4.1868e-07 9.66009e-06 0)
(-4.29519e-07 9.69453e-06 0)
(-4.39771e-07 9.72998e-06 0)
(-4.49491e-07 9.76645e-06 0)
(-4.58718e-07 9.80393e-06 0)
(-4.67464e-07 9.84242e-06 0)
(-4.75711e-07 9.88191e-06 0)
(-4.83408e-07 9.92238e-06 0)
(-4.90454e-07 9.96379e-06 0)
(-4.967e-07 1.00061e-05 0)
(-5.01938e-07 1.00491e-05 0)
(-5.05896e-07 1.00927e-05 0)
(-5.08233e-07 1.01368e-05 0)
(-5.08542e-07 1.01809e-05 0)
(-5.06353e-07 1.02249e-05 0)
(-5.01146e-07 1.02682e-05 0)
(-4.9237e-07 1.03103e-05 0)
(-4.79477e-07 1.03505e-05 0)
(-4.61627e-07 1.03837e-05 0)
(-2.47916e-07 1.79128e-06 0)
(-6.45976e-09 4.50777e-09 0)
(-1.3839e-08 9.30178e-06 0)
(-4.1187e-08 9.30457e-06 0)
(-6.7803e-08 9.30999e-06 0)
(-9.35538e-08 9.31789e-06 0)
(-1.18327e-07 9.32811e-06 0)
(-1.42032e-07 9.34051e-06 0)
(-1.64595e-07 9.35493e-06 0)
(-1.85966e-07 9.37125e-06 0)
(-2.06109e-07 9.38932e-06 0)
(-2.25007e-07 9.40904e-06 0)
(-2.42659e-07 9.43029e-06 0)
(-2.59077e-07 9.45298e-06 0)
(-2.74285e-07 9.47704e-06 0)
(-2.88319e-07 9.50238e-06 0)
(-3.01225e-07 9.52897e-06 0)
(-3.13056e-07 9.55674e-06 0)
(-3.23872e-07 9.58567e-06 0)
(-3.33739e-07 9.61575e-06 0)
(-3.42727e-07 9.64695e-06 0)
(-3.50905e-07 9.67926e-06 0)
(-3.58345e-07 9.71269e-06 0)
(-3.65117e-07 9.74721e-06 0)
(-3.71286e-07 9.78283e-06 0)
(-3.76909e-07 9.81952e-06 0)
(-3.82035e-07 9.85723e-06 0)
(-3.86698e-07 9.89591e-06 0)
(-3.90913e-07 9.93545e-06 0)
(-3.94675e-07 9.97572e-06 0)
(-3.97949e-07 1.00165e-05 0)
(-4.00671e-07 1.00577e-05 0)
(-4.02741e-07 1.00988e-05 0)
(-4.04021e-07 1.01396e-05 0)
(-4.04339e-07 1.01796e-05 0)
(-4.0349e-07 1.02183e-05 0)
(-4.01249e-07 1.02552e-05 0)
(-3.97381e-07 1.02895e-05 0)
(-3.91668e-07 1.03206e-05 0)
(-3.83725e-07 1.0344e-05 0)
(-2.12417e-07 1.82738e-06 0)
(-6.55977e-09 4.09789e-09 0)
(-1.19003e-08 9.33895e-06 0)
(-3.54099e-08 9.3415e-06 0)
(-5.82692e-08 9.34644e-06 0)
(-8.03508e-08 9.35365e-06 0)
(-1.01546e-07 9.36299e-06 0)
(-1.21762e-07 9.37433e-06 0)
(-1.40927e-07 9.38755e-06 0)
(-1.58982e-07 9.40252e-06 0)
(-1.75884e-07 9.41915e-06 0)
(-1.91605e-07 9.43734e-06 0)
(-2.06129e-07 9.45699e-06 0)
(-2.19453e-07 9.47803e-06 0)
(-2.31584e-07 9.50041e-06 0)
(-2.42539e-07 9.52406e-06 0)
(-2.52344e-07 9.54896e-06 0)
(-2.61032e-07 9.57507e-06 0)
(-2.68647e-07 9.60238e-06 0)
(-2.75238e-07 9.63089e-06 0)
(-2.80862e-07 9.66059e-06 0)
(-2.85583e-07 9.69148e-06 0)
(-2.89472e-07 9.72359e-06 0)
(-2.92611e-07 9.7569e-06 0)
(-2.95087e-07 9.79143e-06 0)
(-2.96998e-07 9.82715e-06 0)
(-2.98448e-07 9.86402e-06 0)
(-2.99553e-07 9.90199e-06 0)
(-3.00432e-07 9.94094e-06 0)
(-3.01213e-07 9.98072e-06 0)
(-3.0202e-07 1.00211e-05 0)
(-3.02977e-07 1.00619e-05 0)
(-3.04197e-07 1.01026e-05 0)
(-3.05773e-07 1.01429e-05 0)
(-3.0777e-07 1.01822e-05 0)
(-3.10219e-07 1.02199e-05 0)
(-3.13107e-07 1.02553e-05 0)
(-3.16375e-07 1.02878e-05 0)
(-3.19924e-07 1.03165e-05 0)
(-3.23513e-07 1.03375e-05 0)
(-1.86155e-07 1.90748e-06 0)
(-6.51439e-09 3.68809e-09 0)
(-1.01358e-08 9.37078e-06 0)
(-3.01506e-08 9.37309e-06 0)
(-4.95854e-08 9.37758e-06 0)
(-6.83157e-08 9.38412e-06 0)
(-8.6233e-08 9.39262e-06 0)
(-1.03245e-07 9.40293e-06 0)
(-1.19272e-07 9.41497e-06 0)
(-1.34252e-07 9.42863e-06 0)
(-1.4813e-07 9.44382e-06 0)
(-1.60868e-07 9.46045e-06 0)
(-1.72435e-07 9.47846e-06 0)
(-1.82811e-07 9.49779e-06 0)
(-1.91986e-07 9.51838e-06 0)
(-1.99956e-07 9.5402e-06 0)
(-2.06726e-07 9.56323e-06 0)
(-2.12311e-07 9.58746e-06 0)
(-2.1673e-07 9.61288e-06 0)
(-2.20014e-07 9.6395e-06 0)
(-2.22203e-07 9.66736e-06 0)
(-2.2335e-07 9.69647e-06 0)
(-2.23521e-07 9.72688e-06 0)
(-2.22798e-07 9.75862e-06 0)
(-2.21286e-07 9.79174e-06 0)
(-2.19113e-07 9.82626e-06 0)
(-2.16439e-07 9.86221e-06 0)
(-2.13455e-07 9.89959e-06 0)
(-2.10391e-07 9.93837e-06 0)
(-2.07519e-07 9.97846e-06 0)
(-2.05149e-07 1.00197e-05 0)
(-2.03631e-07 1.0062e-05 0)
(-2.03342e-07 1.01048e-05 0)
(-2.04674e-07 1.01479e-05 0)
(-2.08005e-07 1.01907e-05 0)
(-2.13672e-07 1.02323e-05 0)
(-2.21928e-07 1.02721e-05 0)
(-2.32904e-07 1.0309e-05 0)
(-2.46565e-07 1.0342e-05 0)
(-2.6267e-07 1.03674e-05 0)
(-1.59893e-07 2.03666e-06 0)
(-6.34706e-09 3.29049e-09 0)
(-8.5388e-09 9.39775e-06 0)
(-2.53899e-08 9.39983e-06 0)
(-4.17226e-08 9.40388e-06 0)
(-5.74136e-08 9.40978e-06 0)
(-7.23542e-08 9.41745e-06 0)
(-8.64491e-08 9.42676e-06 0)
(-9.96152e-08 9.43763e-06 0)
(-1.11781e-07 9.44997e-06 0)
(-1.22885e-07 9.46369e-06 0)
(-1.32874e-07 9.47874e-06 0)
(-1.41706e-07 9.49504e-06 0)
(-1.49341e-07 9.51255e-06 0)
(-1.55751e-07 9.53122e-06 0)
(-1.60911e-07 9.55103e-06 0)
(-1.64803e-07 9.57196e-06 0)
(-1.67415e-07 9.59402e-06 0)
(-1.6874e-07 9.61722e-06 0)
(-1.68782e-07 9.64158e-06 0)
(-1.6755e-07 9.66715e-06 0)
(-1.6507e-07 9.69398e-06 0)
(-1.6138e-07 9.72216e-06 0)
(-1.56541e-07 9.75176e-06 0)
(-1.50639e-07 9.78289e-06 0)
(-1.43797e-07 9.81567e-06 0)
(-1.36183e-07 9.85023e-06 0)
(-1.28022e-07 9.88669e-06 0)
(-1.19609e-07 9.92519e-06 0)
(-1.11324e-07 9.96583e-06 0)
(-1.03647e-07 1.00087e-05 0)
(-9.71677e-08 1.00538e-05 0)
(-9.25926e-08 1.01011e-05 0)
(-9.07373e-08 1.01504e-05 0)
(-9.25017e-08 1.02012e-05 0)
(-9.88179e-08 1.02528e-05 0)
(-1.1056e-07 1.03042e-05 0)
(-1.28413e-07 1.03539e-05 0)
(-1.52693e-07 1.04002e-05 0)
(-1.83193e-07 1.04388e-05 0)
(-1.2496e-07 2.23387e-06 0)
(-6.0636e-09 2.99221e-09 0)
(-7.1048e-09 9.42034e-06 0)
(-2.1115e-08 9.4222e-06 0)
(-3.4662e-08 9.42582e-06 0)
(-4.76237e-08 9.4311e-06 0)
(-5.98908e-08 9.43794e-06 0)
(-7.13659e-08 9.44626e-06 0)
(-8.19617e-08 9.45596e-06 0)
(-9.16e-08 9.46697e-06 0)
(-1.00211e-07 9.47921e-06 0)
(-1.0773e-07 9.49262e-06 0)
(-1.141e-07 9.50714e-06 0)
(-1.19267e-07 9.52271e-06 0)
(-1.23183e-07 9.53932e-06 0)
(-1.258e-07 9.55693e-06 0)
(-1.27076e-07 9.57552e-06 0)
(-1.26967e-07 9.59511e-06 0)
(-1.25437e-07 9.61571e-06 0)
(-1.22448e-07 9.63735e-06 0)
(-1.17968e-07 9.66009e-06 0)
(-1.11971e-07 9.68401e-06 0)
(-1.04442e-07 9.70919e-06 0)
(-9.53751e-08 9.73579e-06 0)
(-8.47887e-08 9.76395e-06 0)
(-7.27285e-08 9.79388e-06 0)
(-5.9283e-08 9.82582e-06 0)
(-4.46004e-08 9.86009e-06 0)
(-2.89124e-08 9.89702e-06 0)
(-1.25654e-08 9.93703e-06 0)
(3.93956e-09 9.98059e-06 0)
(1.9897e-08 1.00282e-05 0)
(3.43398e-08 1.00804e-05 0)
(4.59771e-08 1.01377e-05 0)
(5.31397e-08 1.02003e-05 0)
(5.37521e-08 1.02684e-05 0)
(4.53676e-08 1.03414e-05 0)
(2.53207e-08 1.0418e-05 0)
(-8.92462e-09 1.04953e-05 0)
(-5.92454e-08 1.05675e-05 0)
(-6.97818e-08 2.5385e-06 0)
(-5.64832e-09 3.4722e-09 0)
(-5.8298e-09 9.43902e-06 0)
(-1.73148e-08 9.44066e-06 0)
(-2.83873e-08 9.44386e-06 0)
(-3.89276e-08 9.44853e-06 0)
(-4.8827e-08 9.45457e-06 0)
(-5.79872e-08 9.4619e-06 0)
(-6.63181e-08 9.47044e-06 0)
(-7.37368e-08 9.48012e-06 0)
(-8.01662e-08 9.49086e-06 0)
(-8.55337e-08 9.5026e-06 0)
(-8.97699e-08 9.51527e-06 0)
(-9.28074e-08 9.52884e-06 0)
(-9.45799e-08 9.54325e-06 0)
(-9.50205e-08 9.55849e-06 0)
(-9.40611e-08 9.57452e-06 0)
(-9.16311e-08 9.59135e-06 0)
(-8.76564e-08 9.60898e-06 0)
(-8.20584e-08 9.62743e-06 0)
(-7.47533e-08 9.64676e-06 0)
(-6.56513e-08 9.66702e-06 0)
(-5.46563e-08 9.68832e-06 0)
(-4.16661e-08 9.71078e-06 0)
(-2.65742e-08 9.73458e-06 0)
(-9.27203e-09 9.75996e-06 0)
(1.03444e-08 9.78721e-06 0)
(3.23641e-08 9.81674e-06 0)
(5.68428e-08 9.84906e-06 0)
(8.37719e-08 9.88486e-06 0)
(1.13029e-07 9.92499e-06 0)
(1.44299e-07 9.97061e-06 0)
(1.76949e-07 1.00231e-05 0)
(2.09846e-07 1.00844e-05 0)
(2.41084e-07 1.01566e-05 0)
(2.67604e-07 1.02425e-05 0)
(2.84706e-07 1.03448e-05 0)
(2.8548e-07 1.04664e-05 0)
(2.60309e-07 1.06087e-05 0)
(1.96735e-07 1.07696e-05 0)
(5.29668e-08 3.09209e-06 0)
(-4.87767e-09 1.13925e-08 0)
(-4.70892e-09 9.45424e-06 0)
(-1.39751e-08 9.45568e-06 0)
(-2.28772e-08 9.45847e-06 0)
(-3.12994e-08 9.46254e-06 0)
(-3.91359e-08 9.4678e-06 0)
(-4.62897e-08 9.47418e-06 0)
(-5.26703e-08 9.48158e-06 0)
(-5.81931e-08 9.48995e-06 0)
(-6.27771e-08 9.49919e-06 0)
(-6.63441e-08 9.50926e-06 0)
(-6.88173e-08 9.52007e-06 0)
(-7.01197e-08 9.53158e-06 0)
(-7.01726e-08 9.54373e-06 0)
(-6.88944e-08 9.55648e-06 0)
(-6.61986e-08 9.5698e-06 0)
(-6.19921e-08 9.58365e-06 0)
(-5.61728e-08 9.59802e-06 0)
(-4.86273e-08 9.61291e-06 0)
(-3.92274e-08 9.62832e-06 0)
(-2.78264e-08 9.64428e-06 0)
(-1.42539e-08 9.66084e-06 0)
(1.69027e-09 9.67806e-06 0)
(2.02443e-08 9.69605e-06 0)
(4.16947e-08 9.71495e-06 0)
(6.63898e-08 9.73498e-06 0)
(9.47556e-08 9.75643e-06 0)
(1.27317e-07 9.77969e-06 0)
(1.64718e-07 9.80535e-06 0)
(2.07746e-07 9.83422e-06 0)
(2.57348e-07 9.86746e-06 0)
(3.14611e-07 9.90681e-06 0)
(3.80692e-07 9.95481e-06 0)
(4.566e-07 1.00153e-05 0)
(5.42678e-07 1.0094e-05 0)
(6.37518e-07 1.02001e-05 0)
(7.35732e-07 1.03474e-05 0)
(8.23602e-07 1.05581e-05 0)
(8.70724e-07 1.0867e-05 0)
(4.36856e-07 4.61833e-06 0)
(-1.94667e-09 1.23114e-08 0)
(-3.73526e-09 9.46643e-06 0)
(-1.10758e-08 9.46768e-06 0)
(-1.80995e-08 9.47009e-06 0)
(-2.46972e-08 9.47359e-06 0)
(-3.07687e-08 9.47812e-06 0)
(-3.6221e-08 9.48358e-06 0)
(-4.09668e-08 9.48989e-06 0)
(-4.49228e-08 9.49699e-06 0)
(-4.80085e-08 9.50479e-06 0)
(-5.01447e-08 9.51322e-06 0)
(-5.12523e-08 9.52221e-06 0)
(-5.12509e-08 9.53168e-06 0)
(-5.00569e-08 9.54158e-06 0)
(-4.75827e-08 9.55184e-06 0)
(-4.37338e-08 9.5624e-06 0)
(-3.84078e-08 9.57321e-06 0)
(-3.14909e-08 9.58421e-06 0)
(-2.28552e-08 9.59536e-06 0)
(-1.23543e-08 9.60661e-06 0)
(1.81593e-10 9.61793e-06 0)
(1.49532e-08 9.62926e-06 0)
(3.22014e-08 9.64058e-06 0)
(5.22204e-08 9.65184e-06 0)
(7.53762e-08 9.663e-06 0)
(1.02133e-07 9.67403e-06 0)
(1.33091e-07 9.68487e-06 0)
(1.69045e-07 9.69546e-06 0)
(2.11072e-07 9.70574e-06 0)
(2.60669e-07 9.71559e-06 0)
(3.19972e-07 9.72488e-06 0)
(3.92123e-07 9.73342e-06 0)
(4.81868e-07 9.74089e-06 0)
(5.9658e-07 9.74686e-06 0)
(7.48004e-07 9.75065e-06 0)
(9.55274e-07 9.75121e-06 0)
(1.25014e-06 9.74688e-06 0)
(1.68605e-06 9.73508e-06 0)
(2.35398e-06 9.71161e-06 0)
(2.399e-06 6.8017e-06 0)
(7.86055e-07 3.6211e-06 0)
(-2.899e-09 9.47601e-06 0)
(-8.58795e-09 9.47708e-06 0)
(-1.4007e-08 9.47914e-06 0)
(-1.9057e-08 9.48212e-06 0)
(-2.36462e-08 9.48596e-06 0)
(-2.76892e-08 9.49058e-06 0)
(-3.1105e-08 9.49588e-06 0)
(-3.38157e-08 9.5018e-06 0)
(-3.57456e-08 9.50825e-06 0)
(-3.68195e-08 9.51514e-06 0)
(-3.69618e-08 9.52241e-06 0)
(-3.60953e-08 9.52996e-06 0)
(-3.41401e-08 9.53771e-06 0)
(-3.10119e-08 9.54559e-06 0)
(-2.66211e-08 9.5535e-06 0)
(-2.08709e-08 9.56138e-06 0)
(-1.36556e-08 9.56912e-06 0)
(-4.85812e-09 9.57665e-06 0)
(5.65208e-09 9.58387e-06 0)
(1.80228e-08 9.59066e-06 0)
(3.24231e-08 9.5969e-06 0)
(4.90482e-08 9.60246e-06 0)
(6.81261e-08 9.60716e-06 0)
(8.99252e-08 9.61078e-06 0)
(1.14764e-07 9.61304e-06 0)
(1.43021e-07 9.61359e-06 0)
(1.75148e-07 9.61195e-06 0)
(2.11675e-07 9.60744e-06 0)
(2.53213e-07 9.59917e-06 0)
(3.00431e-07 9.58582e-06 0)
(3.53986e-07 9.56556e-06 0)
(4.14354e-07 9.53565e-06 0)
(4.81454e-07 9.49208e-06 0)
(5.5389e-07 9.42882e-06 0)
(6.27439e-07 9.33669e-06 0)
(6.92148e-07 9.20155e-06 0)
(7.26853e-07 9.00146e-06 0)
(6.89005e-07 8.70206e-06 0)
(4.96053e-07 8.2491e-06 0)
(1.14072e-07 7.90974e-06 0)
(-2.18694e-09 9.48336e-06 0)
(-6.4721e-09 9.48426e-06 0)
(-1.05349e-08 9.48601e-06 0)
(-1.42891e-08 9.48854e-06 0)
(-1.76548e-08 9.49177e-06 0)
(-2.05571e-08 9.49563e-06 0)
(-2.29249e-08 9.50003e-06 0)
(-2.46895e-08 9.50489e-06 0)
(-2.57838e-08 9.51013e-06 0)
(-2.61413e-08 9.51565e-06 0)
(-2.56953e-08 9.52137e-06 0)
(-2.43777e-08 9.52718e-06 0)
(-2.21189e-08 9.533e-06 0)
(-1.88466e-08 9.53873e-06 0)
(-1.44856e-08 9.54427e-06 0)
(-8.95691e-09 9.54951e-06 0)
(-2.17737e-09 9.55435e-06 0)
(5.94046e-09 9.55865e-06 0)
(1.54886e-08 9.5623e-06 0)
(2.65634e-08 9.56515e-06 0)
(3.92647e-08 9.56703e-06 0)
(5.36946e-08 9.56774e-06 0)
(6.99541e-08 9.56706e-06 0)
(8.81384e-08 9.5647e-06 0)
(1.08328e-07 9.56033e-06 0)
(1.30577e-07 9.55351e-06 0)
(1.54885e-07 9.54373e-06 0)
(1.81171e-07 9.53031e-06 0)
(2.09209e-07 9.51241e-06 0)
(2.38554e-07 9.489e-06 0)
(2.68414e-07 9.4588e-06 0)
(2.97477e-07 9.42025e-06 0)
(3.23678e-07 9.37159e-06 0)
(3.43895e-07 9.31093e-06 0)
(3.53634e-07 9.23658e-06 0)
(3.468e-07 9.14775e-06 0)
(3.15853e-07 9.04593e-06 0)
(2.52997e-07 8.9375e-06 0)
(1.53703e-07 8.83867e-06 0)
(2.51655e-08 8.78415e-06 0)
(-1.58234e-09 9.4888e-06 0)
(-4.67833e-09 9.48957e-06 0)
(-7.60025e-09 9.49106e-06 0)
(-1.02777e-08 9.4932e-06 0)
(-1.26453e-08 9.49592e-06 0)
(-1.46419e-08 9.49914e-06 0)
(-1.6209e-08 9.50278e-06 0)
(-1.72903e-08 9.50675e-06 0)
(-1.78307e-08 9.51096e-06 0)
(-1.77758e-08 9.51532e-06 0)
(-1.70715e-08 9.51972e-06 0)
(-1.56632e-08 9.52407e-06 0)
(-1.34959e-08 9.52826e-06 0)
(-1.05139e-08 9.53218e-06 0)
(-6.66131e-09 9.53573e-06 0)
(-1.88201e-09 9.53877e-06 0)
(3.87933e-09 9.54121e-06 0)
(1.0676e-08 9.54289e-06 0)
(1.85576e-08 9.54369e-06 0)
(2.7567e-08 9.54344e-06 0)
(3.7737e-08 9.54199e-06 0)
(4.90847e-08 9.53915e-06 0)
(6.16049e-08 9.53471e-06 0)
(7.52599e-08 9.52843e-06 0)
(8.99671e-08 9.52004e-06 0)
(1.05581e-07 9.50925e-06 0)
(1.21874e-07 9.49571e-06 0)
(1.38504e-07 9.47904e-06 0)
(1.54984e-07 9.45885e-06 0)
(1.70642e-07 9.43471e-06 0)
(1.8458e-07 9.40626e-06 0)
(1.95636e-07 9.37321e-06 0)
(2.02366e-07 9.33549e-06 0)
(2.03066e-07 9.29338e-06 0)
(1.95867e-07 9.24774e-06 0)
(1.78955e-07 9.20028e-06 0)
(1.50953e-07 9.15388e-06 0)
(1.11511e-07 9.11277e-06 0)
(6.20311e-08 9.0824e-06 0)
(6.23782e-09 9.06846e-06 0)
(-1.0652e-09 9.49263e-06 0)
(-3.14667e-09 9.49329e-06 0)
(-5.10315e-09 9.49457e-06 0)
(-6.88251e-09 9.49641e-06 0)
(-8.4364e-09 9.49873e-06 0)
(-9.71936e-09 9.50145e-06 0)
(-1.06881e-08 9.5045e-06 0)
(-1.13009e-08 9.50777e-06 0)
(-1.15172e-08 9.51118e-06 0)
(-1.1297e-08 9.51463e-06 0)
(-1.06007e-08 9.51801e-06 0)
(-9.38936e-09 9.52121e-06 0)
(-7.62421e-09 9.52414e-06 0)
(-5.2673e-09 9.52666e-06 0)
(-2.28197e-09 9.52868e-06 0)
(1.3663e-09 9.53006e-06 0)
(5.70852e-09 9.53069e-06 0)
(1.07704e-08 9.53043e-06 0)
(1.65699e-08 9.52916e-06 0)
(2.3114e-08 9.52674e-06 0)
(3.03944e-08 9.52303e-06 0)
(3.83824e-08 9.51789e-06 0)
(4.70224e-08 9.51117e-06 0)
(5.62238e-08 9.50271e-06 0)
(6.58524e-08 9.49238e-06 0)
(7.57194e-08 9.48002e-06 0)
(8.55709e-08 9.46552e-06 0)
(9.50774e-08 9.44878e-06 0)
(1.03824e-07 9.42973e-06 0)
(1.11308e-07 9.40839e-06 0)
(1.16938e-07 9.38488e-06 0)
(1.20056e-07 9.35946e-06 0)
(1.19965e-07 9.33256e-06 0)
(1.15991e-07 9.30486e-06 0)
(1.07567e-07 9.27733e-06 0)
(9.43471e-08 9.25122e-06 0)
(7.63351e-08 9.22804e-06 0)
(5.40082e-08 9.20946e-06 0)
(2.83843e-08 9.19707e-06 0)
(9.73083e-10 9.19205e-06 0)
(-6.1266e-10 9.49505e-06 0)
(-1.80868e-09 9.49564e-06 0)
(-2.92944e-09 9.49678e-06 0)
(-3.9429e-09 9.49841e-06 0)
(-4.81938e-09 9.50046e-06 0)
(-5.53093e-09 9.50284e-06 0)
(-6.05099e-09 9.50548e-06 0)
(-6.35397e-09 9.50827e-06 0)
(-6.41504e-09 9.51113e-06 0)
(-6.20991e-09 9.51396e-06 0)
(-5.71478e-09 9.51664e-06 0)
(-4.90634e-09 9.51906e-06 0)
(-3.76199e-09 9.52113e-06 0)
(-2.26014e-09 9.52271e-06 0)
(-3.80784e-10 9.52369e-06 0)
(1.89373e-09 9.52397e-06 0)
(4.57754e-09 9.52341e-06 0)
(7.67985e-09 9.52189e-06 0)
(1.1203e-08 9.51931e-06 0)
(1.514e-08 9.51555e-06 0)
(1.94717e-08 9.5105e-06 0)
(2.41634e-08 9.50406e-06 0)
(2.91608e-08 9.49613e-06 0)
(3.43857e-08 9.48666e-06 0)
(3.97316e-08 9.47559e-06 0)
(4.50596e-08 9.46289e-06 0)
(5.01955e-08 9.4486e-06 0)
(5.49276e-08 9.43278e-06 0)
(5.90088e-08 9.41555e-06 0)
(6.21618e-08 9.39711e-06 0)
(6.409e-08 9.37776e-06 0)
(6.44951e-08 9.35788e-06 0)
(6.3102e-08 9.33795e-06 0)
(5.96905e-08 9.31855e-06 0)
(5.41313e-08 9.30035e-06 0)
(4.64232e-08 9.28408e-06 0)
(3.67218e-08 9.27047e-06 0)
(2.53538e-08 9.26019e-06 0)
(1.28038e-08 9.25375e-06 0)
(-3.28393e-10 9.25145e-06 0)
(-1.99766e-10 9.49622e-06 0)
(-5.8954e-10 9.49678e-06 0)
(-9.54179e-10 9.49785e-06 0)
(-1.28289e-09 9.49937e-06 0)
(-1.56564e-09 9.50128e-06 0)
(-1.79303e-09 9.50349e-06 0)
(-1.95609e-09 9.50592e-06 0)
(-2.04621e-09 9.50847e-06 0)
(-2.05506e-09 9.51105e-06 0)
(-1.97448e-09 9.51356e-06 0)
(-1.79655e-09 9.51588e-06 0)
(-1.51356e-09 9.51791e-06 0)
(-1.11811e-09 9.51954e-06 0)
(-6.0326e-10 9.52065e-06 0)
(3.72628e-11 9.52112e-06 0)
(8.08739e-10 9.52084e-06 0)
(1.71504e-09 9.5197e-06 0)
(2.75805e-09 9.51757e-06 0)
(3.93702e-09 9.51436e-06 0)
(5.24764e-09 9.50997e-06 0)
(6.68107e-09 9.5043e-06 0)
(8.22279e-09 9.49729e-06 0)
(9.85132e-09 9.48887e-06 0)
(1.15369e-08 9.47903e-06 0)
(1.32404e-08 9.46776e-06 0)
(1.49123e-08 9.4551e-06 0)
(1.64923e-08 9.44114e-06 0)
(1.79096e-08 9.42602e-06 0)
(1.90845e-08 9.40994e-06 0)
(1.99313e-08 9.39315e-06 0)
(2.03625e-08 9.37599e-06 0)
(2.02959e-08 9.35884e-06 0)
(1.96615e-08 9.34214e-06 0)
(1.84113e-08 9.32638e-06 0)
(1.6528e-08 9.31205e-06 0)
(1.40323e-08 9.29963e-06 0)
(1.09875e-08 9.28955e-06 0)
(7.49843e-09 9.28218e-06 0)
(3.70493e-09 9.27774e-06 0)
(-2.31123e-10 9.27633e-06 0)
(1.24151e-09 1.04844e-07 0)
(6.25979e-09 1.31267e-07 0)
(1.14279e-08 1.5895e-07 0)
(1.70646e-08 1.88711e-07 0)
(2.37265e-08 2.20947e-07 0)
(3.16947e-08 2.57159e-07 0)
(3.90878e-08 2.96039e-07 0)
(4.59105e-08 3.38086e-07 0)
(5.431e-08 3.89246e-07 0)
(6.49797e-08 4.52999e-07 0)
(7.88478e-08 5.34172e-07 0)
(9.72999e-08 6.3986e-07 0)
(1.22511e-07 7.81128e-07 0)
(1.5801e-07 9.75414e-07 0)
(2.09858e-07 1.25263e-06 0)
(2.89367e-07 1.66874e-06 0)
(4.19074e-07 2.33218e-06 0)
(6.50842e-07 3.49844e-06 0)
(1.13545e-06 5.92616e-06 0)
(2.60968e-06 1.35263e-05 0)
(3.48276e-05 0.000154689 0)
(6.71504e-05 3.47531e-05 0)
(5.79405e-05 2.04249e-05 0)
(4.1125e-05 1.22069e-05 0)
(3.06914e-05 7.67944e-06 0)
(2.38685e-05 5.09294e-06 0)
(1.91646e-05 3.55564e-06 0)
(1.57538e-05 2.60379e-06 0)
(1.31637e-05 1.99027e-06 0)
(1.11146e-05 1.57968e-06 0)
(9.43435e-06 1.29554e-06 0)
(8.01321e-06 1.09322e-06 0)
(6.77822e-06 9.45851e-07 0)
(5.67911e-06 8.36733e-07 0)
(4.67985e-06 7.55218e-07 0)
(3.75356e-06 6.9437e-07 0)
(2.87927e-06 6.49625e-07 0)
(2.03981e-06 6.18003e-07 0)
(1.22028e-06 5.9765e-07 0)
(4.06867e-07 5.87584e-07 0)
(4.50769e-08 1.21275e-07 0)
(1.7346e-07 2.30563e-07 0)
(3.84983e-07 3.72582e-07 0)
(7.75456e-07 5.57994e-07 0)
(1.71178e-06 8.62443e-07 0)
(1.25322e-05 4.62935e-06 0)
(2.95514e-05 1.87709e-05 0)
(3.11733e-05 1.37148e-05 0)
(2.23098e-05 9.38432e-06 0)
(1.61154e-05 6.75165e-06 0)
(1.1579e-05 5.14917e-06 0)
(8.07335e-06 4.18883e-06 0)
(5.19764e-06 3.64731e-06 0)
(2.68158e-06 3.40084e-06 0)
(3.25193e-07 3.39011e-06 0)
(-2.04329e-06 3.60462e-06 0)
(-4.60414e-06 4.08066e-06 0)
(-7.58845e-06 4.92023e-06 0)
(-1.13374e-05 6.344e-06 0)
(-1.63467e-05 8.91049e-06 0)
(-1.62847e-05 2.79709e-05 0)
(-2.81438e-06 4.85844e-05 0)
(1.16816e-05 3.30752e-05 0)
(1.66011e-05 2.26101e-05 0)
(1.72464e-05 1.59142e-05 0)
(1.62133e-05 1.15538e-05 0)
(1.46261e-05 8.65548e-06 0)
(1.29504e-05 6.68595e-06 0)
(1.13622e-05 5.317e-06 0)
(9.91417e-06 4.34439e-06 0)
(8.60873e-06 3.63921e-06 0)
(7.43023e-06 3.11876e-06 0)
(6.35818e-06 2.72914e-06 0)
(5.37243e-06 2.43457e-06 0)
(4.45486e-06 2.21101e-06 0)
(3.58961e-06 2.04214e-06 0)
(2.76277e-06 1.91685e-06 0)
(1.96189e-06 1.82774e-06 0)
(1.17543e-06 1.77013e-06 0)
(3.92201e-07 1.74157e-06 0)
(4.8395e-07 2.14204e-07 0)
(1.27525e-06 1.71776e-06 0)
(2.12312e-07 4.81945e-06 0)
(-2.82036e-06 5.09049e-06 0)
(-5.98176e-06 5.93018e-06 0)
(-8.29913e-06 1.07929e-05 0)
(-4.77527e-06 2.63619e-05 0)
(1.68016e-06 2.13625e-05 0)
(4.73161e-06 1.64339e-05 0)
(5.55866e-06 1.30371e-05 0)
(5.23764e-06 1.07198e-05 0)
(4.33943e-06 9.17731e-06 0)
(3.15973e-06 8.2103e-06 0)
(1.84676e-06 7.69616e-06 0)
(4.72832e-07 7.57145e-06 0)
(-9.22477e-07 7.824e-06 0)
(-2.29949e-06 8.49432e-06 0)
(-3.57908e-06 9.68839e-06 0)
(-4.57208e-06 1.16062e-05 0)
(-4.82908e-06 1.45928e-05 0)
(-3.31464e-06 1.91976e-05 0)
(5.47274e-07 2.27358e-05 0)
(4.99432e-06 2.14613e-05 0)
(8.12573e-06 1.85681e-05 0)
(9.80709e-06 1.54984e-05 0)
(1.04001e-05 1.27775e-05 0)
(1.02924e-05 1.05372e-05 0)
(9.7768e-06 8.75439e-06 0)
(9.04577e-06 7.35746e-06 0)
(8.21617e-06 6.26893e-06 0)
(7.35454e-06 5.42103e-06 0)
(6.49618e-06 4.75932e-06 0)
(5.65785e-06 4.24189e-06 0)
(4.84564e-06 3.8372e-06 0)
(4.05968e-06 3.52189e-06 0)
(3.29684e-06 3.27883e-06 0)
(2.5522e-06 3.09571e-06 0)
(1.81984e-06 2.964e-06 0)
(1.09323e-06 2.8782e-06 0)
(3.65252e-07 2.83546e-06 0)
(1.42854e-07 1.84493e-07 0)
(1.04453e-08 3.72258e-06 0)
(-4.77922e-07 9.83503e-06 0)
(-1.05462e-06 1.00537e-05 0)
(-1.52068e-06 1.08127e-05 0)
(-1.55148e-06 1.22019e-05 0)
(-8.09603e-07 1.3903e-05 0)
(3.96046e-07 1.40627e-05 0)
(1.41635e-06 1.34033e-05 0)
(2.02718e-06 1.24752e-05 0)
(2.22918e-06 1.15597e-05 0)
(2.10005e-06 1.07926e-05 0)
(1.73188e-06 1.02355e-05 0)
(1.2091e-06 9.91503e-06 0)
(6.05548e-07 9.84512e-06 0)
(-9.74947e-09 1.00387e-05 0)
(-5.62134e-07 1.05121e-05 0)
(-9.57881e-07 1.12832e-05 0)
(-1.07014e-06 1.23577e-05 0)
(-7.33651e-07 1.36907e-05 0)
(2.184e-07 1.50909e-05 0)
(1.77248e-06 1.59998e-05 0)
(3.56771e-06 1.58838e-05 0)
(5.16012e-06 1.49815e-05 0)
(6.32314e-06 1.36591e-05 0)
(7.01649e-06 1.22019e-05 0)
(7.29843e-06 1.07856e-05 0)
(7.26055e-06 9.49972e-06 0)
(6.99295e-06 8.37885e-06 0)
(6.57003e-06 7.4262e-06 0)
(6.04764e-06 6.62962e-06 0)
(5.46504e-06 5.97096e-06 0)
(4.84843e-06 5.43114e-06 0)
(4.21434e-06 4.99263e-06 0)
(3.57252e-06 4.6404e-06 0)
(2.92796e-06 4.36228e-06 0)
(2.28251e-06 4.14882e-06 0)
(1.63578e-06 3.99313e-06 0)
(9.85902e-07 3.89072e-06 0)
(3.29932e-07 3.83942e-06 0)
(8.80233e-08 7.1816e-08 0)
(8.12442e-08 4.4978e-06 0)
(-3.86958e-08 1.0838e-05 0)
(-1.67358e-07 1.09999e-05 0)
(-2.17903e-07 1.12729e-05 0)
(-1.39595e-07 1.16243e-05 0)
(9.13119e-08 1.1945e-05 0)
(4.24216e-07 1.20623e-05 0)
(7.60027e-07 1.19707e-05 0)
(1.02048e-06 1.1738e-05 0)
(1.16594e-06 1.14438e-05 0)
(1.18959e-06 1.1157e-05 0)
(1.10688e-06 1.09297e-05 0)
(9.46694e-07 1.07987e-05 0)
(7.46018e-07 1.07882e-05 0)
(5.47637e-07 1.09124e-05 0)
(3.99752e-07 1.11757e-05 0)
(3.55906e-07 1.15699e-05 0)
(4.72736e-07 1.20666e-05 0)
(8.01564e-07 1.26057e-05 0)
(1.36855e-06 1.30817e-05 0)
(2.14227e-06 1.33444e-05 0)
(3.01868e-06 1.32731e-05 0)
(3.86318e-06 1.28693e-05 0)
(4.56877e-06 1.2211e-05 0)
(5.07714e-06 1.13987e-05 0)
(5.37357e-06 1.05223e-05 0)
(5.47225e-06 9.64962e-06 0)
(5.40206e-06 8.82476e-06 0)
(5.19624e-06 8.07277e-06 0)
(4.8863e-06 7.40495e-06 0)
(4.49918e-06 6.82368e-06 0)
(4.05632e-06 6.3262e-06 0)
(3.57394e-06 5.90715e-06 0)
(3.06372e-06 5.56035e-06 0)
(2.53371e-06 5.27978e-06 0)
(1.9891e-06 5.06027e-06 0)
(1.43291e-06 4.89781e-06 0)
(8.66598e-07 4.78985e-06 0)
(2.90505e-07 4.73543e-06 0)
(8.40161e-08 5.65825e-08 0)
(1.21213e-07 4.69352e-06 0)
(1.20874e-07 1.10607e-05 0)
(1.25629e-07 1.11206e-05 0)
(1.56995e-07 1.12059e-05 0)
(2.25342e-07 1.13025e-05 0)
(3.32289e-07 1.13839e-05 0)
(4.6649e-07 1.14221e-05 0)
(6.06875e-07 1.14065e-05 0)
(7.31493e-07 1.13444e-05 0)
(8.24217e-07 1.12545e-05 0)
(8.77732e-07 1.11597e-05 0)
(8.93804e-07 1.10826e-05 0)
(8.82157e-07 1.10424e-05 0)
(8.58901e-07 1.10531e-05 0)
(8.44937e-07 1.1122e-05 0)
(8.64326e-07 1.12491e-05 0)
(9.42232e-07 1.14251e-05 0)
(1.10181e-06 1.16291e-05 0)
(1.35932e-06 1.18273e-05 0)
(1.71752e-06 1.19736e-05 0)
(2.15902e-06 1.20164e-05 0)
(2.64535e-06 1.19156e-05 0)
(3.12611e-06 1.16596e-05 0)
(3.55297e-06 1.12644e-05 0)
(3.88975e-06 1.07633e-05 0)
(4.11593e-06 1.01956e-05 0)
(4.22544e-06 9.59847e-06 0)
(4.22288e-06 9.00274e-06 0)
(4.11949e-06 8.43135e-06 0)
(3.92954e-06 7.89983e-06 0)
(3.66787e-06 7.41764e-06 0)
(3.34831e-06 6.98965e-06 0)
(2.98284e-06 6.61762e-06 0)
(2.58136e-06 6.30139e-06 0)
(2.15171e-06 6.0398e-06 0)
(1.6999e-06 5.83144e-06 0)
(1.2304e-06 5.67509e-06 0)
(7.46494e-07 5.57015e-06 0)
(2.50644e-07 5.51694e-06 0)
(8.48238e-08 5.4958e-08 0)
(1.43466e-07 4.74855e-06 0)
(1.82424e-07 1.10176e-05 0)
(2.22315e-07 1.1041e-05 0)
(2.71075e-07 1.10686e-05 0)
(3.31233e-07 1.10978e-05 0)
(4.02859e-07 1.11215e-05 0)
(4.83023e-07 1.11332e-05 0)
(5.66394e-07 1.11297e-05 0)
(6.46847e-07 1.11116e-05 0)
(7.19278e-07 1.10838e-05 0)
(7.81012e-07 1.10535e-05 0)
(8.32581e-07 1.1029e-05 0)
(8.77905e-07 1.10179e-05 0)
(9.23994e-07 1.10258e-05 0)
(9.80263e-07 1.10552e-05 0)
(1.05753e-06 1.11047e-05 0)
(1.16661e-06 1.11677e-05 0)
(1.31657e-06 1.12326e-05 0)
(1.51247e-06 1.12825e-05 0)
(1.75311e-06 1.12966e-05 0)
(2.02936e-06 1.12541e-05 0)
(2.32432e-06 1.11381e-05 0)
(2.61585e-06 1.09412e-05 0)
(2.88073e-06 1.06659e-05 0)
(3.09863e-06 1.03239e-05 0)
(3.25461e-06 9.9319e-06 0)
(3.34005e-06 9.50904e-06 0)
(3.35222e-06 9.07372e-06 0)
(3.29304e-06 8.64207e-06 0)
(3.16766e-06 8.22718e-06 0)
(2.9831e-06 7.83895e-06 0)
(2.74709e-06 7.48441e-06 0)
(2.46732e-06 7.16827e-06 0)
(2.15094e-06 6.89348e-06 0)
(1.8043e-06 6.66184e-06 0)
(1.43284e-06 6.47441e-06 0)
(1.04123e-06 6.33204e-06 0)
(6.33433e-07 6.23563e-06 0)
(2.12975e-07 6.18648e-06 0)
(8.60513e-08 5.44108e-08 0)
(1.5741e-07 4.76248e-06 0)
(2.10852e-07 1.09027e-05 0)
(2.58577e-07 1.09141e-05 0)
(3.09743e-07 1.09244e-05 0)
(3.65097e-07 1.09342e-05 0)
(4.24689e-07 1.09415e-05 0)
(4.87789e-07 1.09446e-05 0)
(5.53035e-07 1.09426e-05 0)
(6.18822e-07 1.09355e-05 0)
(6.83819e-07 1.09246e-05 0)
(7.47462e-07 1.09122e-05 0)
(8.10329e-07 1.09009e-05 0)
(8.74302e-07 1.08932e-05 0)
(9.4252e-07 1.08908e-05 0)
(1.01909e-06 1.08939e-05 0)
(1.10861e-06 1.09007e-05 0)
(1.21541e-06 1.09072e-05 0)
(1.34277e-06 1.09069e-05 0)
(1.49188e-06 1.08915e-05 0)
(1.66104e-06 1.08512e-05 0)
(1.84507e-06 1.07763e-05 0)
(2.03547e-06 1.06592e-05 0)
(2.22123e-06 1.04956e-05 0)
(2.39026e-06 1.02855e-05 0)
(2.53103e-06 1.00333e-05 0)
(2.63383e-06 9.74652e-06 0)
(2.69165e-06 9.43507e-06 0)
(2.70044e-06 9.1096e-06 0)
(2.65891e-06 8.78056e-06 0)
(2.56811e-06 8.45749e-06 0)
(2.43079e-06 8.14857e-06 0)
(2.25086e-06 7.86051e-06 0)
(2.03282e-06 7.5986e-06 0)
(1.78142e-06 7.36692e-06 0)
(1.5013e-06 7.16859e-06 0)
(1.19692e-06 7.00604e-06 0)
(8.72474e-07 6.8813e-06 0)
(5.31901e-07 6.79619e-06 0)
(1.79033e-07 6.7526e-06 0)
(8.72809e-08 5.38905e-08 0)
(1.68023e-07 4.76638e-06 0)
(2.28011e-07 1.07734e-05 0)
(2.75589e-07 1.07806e-05 0)
(3.24976e-07 1.07851e-05 0)
(3.76467e-07 1.07886e-05 0)
(4.30152e-07 1.07904e-05 0)
(4.85918e-07 1.07899e-05 0)
(5.43497e-07 1.07868e-05 0)
(6.02576e-07 1.07811e-05 0)
(6.62953e-07 1.0773e-05 0)
(7.24703e-07 1.07632e-05 0)
(7.8831e-07 1.07521e-05 0)
(8.54735e-07 1.07404e-05 0)
(9.25387e-07 1.07282e-05 0)
(1.002e-06 1.07148e-05 0)
(1.08637e-06 1.06987e-05 0)
(1.18008e-06 1.06774e-05 0)
(1.28403e-06 1.06474e-05 0)
(1.39806e-06 1.06042e-05 0)
(1.52059e-06 1.0543e-05 0)
(1.64841e-06 1.0459e-05 0)
(1.77671e-06 1.03484e-05 0)
(1.89942e-06 1.0209e-05 0)
(2.00975e-06 1.00404e-05 0)
(2.10086e-06 9.84459e-06 0)
(2.16656e-06 9.62528e-06 0)
(2.20179e-06 9.38783e-06 0)
(2.20296e-06 9.13852e-06 0)
(2.16802e-06 8.88404e-06 0)
(2.09643e-06 8.63103e-06 0)
(1.98892e-06 8.38568e-06 0)
(1.84723e-06 8.15358e-06 0)
(1.67385e-06 7.93956e-06 0)
(1.47176e-06 7.74775e-06 0)
(1.24424e-06 7.5816e-06 0)
(9.94713e-07 7.44405e-06 0)
(7.26678e-07 7.33762e-06 0)
(4.43704e-07 7.26457e-06 0)
(1.49466e-07 7.22701e-06 0)
(8.84515e-08 5.33762e-08 0)
(1.76953e-07 4.77005e-06 0)
(2.40507e-07 1.06468e-05 0)
(2.85356e-07 1.06521e-05 0)
(3.31478e-07 1.06544e-05 0)
(3.79037e-07 1.06553e-05 0)
(4.28124e-07 1.06546e-05 0)
(4.78786e-07 1.06519e-05 0)
(5.31035e-07 1.06472e-05 0)
(5.84889e-07 1.06403e-05 0)
(6.40415e-07 1.06311e-05 0)
(6.97781e-07 1.06196e-05 0)
(7.57296e-07 1.06058e-05 0)
(8.19422e-07 1.05895e-05 0)
(8.84753e-07 1.05702e-05 0)
(9.53943e-07 1.05474e-05 0)
(1.02759e-06 1.05197e-05 0)
(1.10608e-06 1.04856e-05 0)
(1.18941e-06 1.04431e-05 0)
(1.27697e-06 1.03896e-05 0)
(1.36743e-06 1.03227e-05 0)
(1.45863e-06 1.02398e-05 0)
(1.54759e-06 1.01392e-05 0)
(1.63065e-06 1.00196e-05 0)
(1.7037e-06 9.88075e-06 0)
(1.76251e-06 9.72376e-06 0)
(1.80304e-06 9.55069e-06 0)
(1.82176e-06 9.36468e-06 0)
(1.81587e-06 9.16958e-06 0)
(1.78343e-06 8.96976e-06 0)
(1.72343e-06 8.76982e-06 0)
(1.63573e-06 8.57433e-06 0)
(1.52097e-06 8.38767e-06 0)
(1.38047e-06 8.2139e-06 0)
(1.21606e-06 8.05671e-06 0)
(1.03e-06 7.91937e-06 0)
(8.24853e-07 7.80481e-06 0)
(6.03451e-07 7.71561e-06 0)
(3.68841e-07 7.65411e-06 0)
(1.24315e-07 7.6224e-06 0)
(8.95455e-08 5.28921e-08 0)
(1.84695e-07 4.777e-06 0)
(2.50318e-07 1.05287e-05 0)
(2.91448e-07 1.05329e-05 0)
(3.33616e-07 1.0534e-05 0)
(3.7693e-07 1.05335e-05 0)
(4.21461e-07 1.05312e-05 0)
(4.67272e-07 1.05271e-05 0)
(5.14418e-07 1.05209e-05 0)
(5.62965e-07 1.05124e-05 0)
(6.12992e-07 1.05015e-05 0)
(6.64611e-07 1.0488e-05 0)
(7.17969e-07 1.04717e-05 0)
(7.73247e-07 1.04521e-05 0)
(8.30636e-07 1.04288e-05 0)
(8.903e-07 1.04012e-05 0)
(9.52315e-07 1.03684e-05 0)
(1.01659e-06 1.03294e-05 0)
(1.08278e-06 1.02829e-05 0)
(1.1502e-06 1.02275e-05 0)
(1.21777e-06 1.01619e-05 0)
(1.28393e-06 1.00848e-05 0)
(1.34671e-06 9.99511e-06 0)
(1.40372e-06 9.8923e-06 0)
(1.45234e-06 9.77638e-06 0)
(1.4898e-06 9.64798e-06 0)
(1.51341e-06 9.50843e-06 0)
(1.52069e-06 9.35971e-06 0)
(1.50956e-06 9.20435e-06 0)
(1.47842e-06 9.04528e-06 0)
(1.42625e-06 8.88574e-06 0)
(1.35258e-06 8.7291e-06 0)
(1.25757e-06 8.57872e-06 0)
(1.14186e-06 8.43787e-06 0)
(1.0066e-06 8.30967e-06 0)
(8.53341e-07 8.197e-06 0)
(6.83996e-07 8.10251e-06 0)
(5.00799e-07 8.02861e-06 0)
(3.06279e-07 7.97747e-06 0)
(1.03261e-07 7.95105e-06 0)
(9.05505e-08 5.2449e-08 0)
(1.91408e-07 4.78882e-06 0)
(2.58111e-07 1.04214e-05 0)
(2.95096e-07 1.04247e-05 0)
(3.3296e-07 1.0425e-05 0)
(3.71777e-07 1.04235e-05 0)
(4.1159e-07 1.04203e-05 0)
(4.52437e-07 1.04151e-05 0)
(4.94356e-07 1.04077e-05 0)
(5.37381e-07 1.03981e-05 0)
(5.81549e-07 1.0386e-05 0)
(6.26895e-07 1.03712e-05 0)
(6.73453e-07 1.03533e-05 0)
(7.21244e-07 1.03321e-05 0)
(7.7026e-07 1.03071e-05 0)
(8.20444e-07 1.02778e-05 0)
(8.71654e-07 1.02436e-05 0)
(9.23622e-07 1.02038e-05 0)
(9.75914e-07 1.01577e-05 0)
(1.02789e-06 1.01045e-05 0)
(1.07866e-06 1.00433e-05 0)
(1.12709e-06 9.97347e-06 0)
(1.17178e-06 9.89453e-06 0)
(1.2111e-06 9.80622e-06 0)
(1.24327e-06 9.70863e-06 0)
(1.26642e-06 9.60227e-06 0)
(1.27868e-06 9.48806e-06 0)
(1.27832e-06 9.36736e-06 0)
(1.26378e-06 9.24191e-06 0)
(1.23383e-06 9.11377e-06 0)
(1.18756e-06 8.98528e-06 0)
(1.1245e-06 8.85894e-06 0)
(1.04454e-06 8.73733e-06 0)
(9.48018e-07 8.62304e-06 0)
(8.3565e-07 8.51862e-06 0)
(7.08523e-07 8.42649e-06 0)
(5.68071e-07 8.34896e-06 0)
(4.16046e-07 8.28813e-06 0)
(2.54508e-07 8.24595e-06 0)
(8.58188e-08 8.22412e-06 0)
(9.14658e-08 5.20483e-08 0)
(1.97178e-07 4.80642e-06 0)
(2.64219e-07 1.03257e-05 0)
(2.96906e-07 1.03283e-05 0)
(3.30335e-07 1.03279e-05 0)
(3.64554e-07 1.03258e-05 0)
(3.99579e-07 1.03219e-05 0)
(4.3542e-07 1.03161e-05 0)
(4.72084e-07 1.03081e-05 0)
(5.09568e-07 1.02979e-05 0)
(5.47865e-07 1.02851e-05 0)
(5.86952e-07 1.02697e-05 0)
(6.2679e-07 1.02514e-05 0)
(6.67316e-07 1.02298e-05 0)
(7.08427e-07 1.02046e-05 0)
(7.49971e-07 1.01755e-05 0)
(7.91726e-07 1.0142e-05 0)
(8.33377e-07 1.01037e-05 0)
(8.74495e-07 1.00601e-05 0)
(9.14518e-07 1.00108e-05 0)
(9.52735e-07 9.95519e-06 0)
(9.88275e-07 9.89303e-06 0)
(1.02012e-06 9.82405e-06 0)
(1.0471e-06 9.7482e-06 0)
(1.06797e-06 9.66563e-06 0)
(1.08141e-06 9.57676e-06 0)
(1.08609e-06 9.48229e-06 0)
(1.08077e-06 9.38321e-06 0)
(1.0643e-06 9.28078e-06 0)
(1.03574e-06 9.17652e-06 0)
(9.94359e-07 9.07216e-06 0)
(9.39714e-07 8.96956e-06 0)
(8.7165e-07 8.87074e-06 0)
(7.90323e-07 8.77772e-06 0)
(6.96203e-07 8.69257e-06 0)
(5.90072e-07 8.61728e-06 0)
(4.73013e-07 8.55378e-06 0)
(3.46403e-07 8.50387e-06 0)
(2.11903e-07 8.4692e-06 0)
(7.14531e-08 8.45124e-06 0)
(9.23053e-08 5.16881e-08 0)
(2.02101e-07 4.8304e-06 0)
(2.68912e-07 1.02417e-05 0)
(2.97317e-07 1.02438e-05 0)
(3.26337e-07 1.02429e-05 0)
(3.56004e-07 1.02405e-05 0)
(3.86311e-07 1.02362e-05 0)
(4.17246e-07 1.023e-05 0)
(4.4879e-07 1.02218e-05 0)
(4.80915e-07 1.02113e-05 0)
(5.13579e-07 1.01986e-05 0)
(5.46724e-07 1.01832e-05 0)
(5.80271e-07 1.01651e-05 0)
(6.14114e-07 1.0144e-05 0)
(6.48113e-07 1.01197e-05 0)
(6.82081e-07 1.00918e-05 0)
(7.15778e-07 1.00602e-05 0)
(7.48894e-07 1.00245e-05 0)
(7.81042e-07 9.98433e-06 0)
(8.11744e-07 9.93952e-06 0)
(8.40428e-07 9.88978e-06 0)
(8.66419e-07 9.83493e-06 0)
(8.88949e-07 9.77491e-06 0)
(9.07163e-07 9.70973e-06 0)
(9.20146e-07 9.63959e-06 0)
(9.26942e-07 9.56486e-06 0)
(9.26595e-07 9.48609e-06 0)
(9.18185e-07 9.40403e-06 0)
(9.00871e-07 9.31965e-06 0)
(8.73933e-07 9.23409e-06 0)
(8.36805e-07 9.14865e-06 0)
(7.89115e-07 9.06479e-06 0)
(7.30705e-07 8.98404e-06 0)
(6.61651e-07 8.90803e-06 0)
(5.82276e-07 8.8384e-06 0)
(4.93159e-07 8.77677e-06 0)
(3.9513e-07 8.72474e-06 0)
(2.89273e-07 8.6838e-06 0)
(1.76921e-07 8.65533e-06 0)
(5.9652e-08 8.64058e-06 0)
(9.30961e-08 5.13677e-08 0)
(2.06292e-07 4.86122e-06 0)
(2.72454e-07 1.01694e-05 0)
(2.96694e-07 1.0171e-05 0)
(3.21438e-07 1.01698e-05 0)
(3.46704e-07 1.01671e-05 0)
(3.72473e-07 1.01627e-05 0)
(3.98717e-07 1.01564e-05 0)
(4.25403e-07 1.01482e-05 0)
(4.52482e-07 1.01379e-05 0)
(4.79894e-07 1.01254e-05 0)
(5.07564e-07 1.01106e-05 0)
(5.35393e-07 1.00932e-05 0)
(5.63259e-07 1.00732e-05 0)
(5.91009e-07 1.00502e-05 0)
(6.18454e-07 1.00242e-05 0)
(6.45363e-07 9.99493e-06 0)
(6.71452e-07 9.96219e-06 0)
(6.96386e-07 9.92579e-06 0)
(7.19764e-07 9.88559e-06 0)
(7.41123e-07 9.84145e-06 0)
(7.59933e-07 9.79331e-06 0)
(7.75605e-07 9.74117e-06 0)
(7.87493e-07 9.6851e-06 0)
(7.94913e-07 9.62532e-06 0)
(7.97156e-07 9.56214e-06 0)
(7.93514e-07 9.49602e-06 0)
(7.83305e-07 9.42756e-06 0)
(7.65899e-07 9.35751e-06 0)
(7.40751e-07 9.28675e-06 0)
(7.07425e-07 9.21631e-06 0)
(6.65625e-07 9.1473e-06 0)
(6.15213e-07 9.08095e-06 0)
(5.56232e-07 9.01854e-06 0)
(4.88915e-07 8.96137e-06 0)
(4.13701e-07 8.91077e-06 0)
(3.31236e-07 8.86804e-06 0)
(2.42377e-07 8.8344e-06 0)
(1.48193e-07 8.811e-06 0)
(4.9958e-08 8.79887e-06 0)
(9.3871e-08 5.10888e-08 0)
(2.09868e-07 4.89926e-06 0)
(2.75075e-07 1.01082e-05 0)
(2.95318e-07 1.01095e-05 0)
(3.15976e-07 1.01081e-05 0)
(3.37059e-07 1.01052e-05 0)
(3.58538e-07 1.01008e-05 0)
(3.8038e-07 1.00946e-05 0)
(4.02538e-07 1.00865e-05 0)
(4.24957e-07 1.00766e-05 0)
(4.47567e-07 1.00647e-05 0)
(4.70283e-07 1.00506e-05 0)
(4.93003e-07 1.00342e-05 0)
(5.15601e-07 1.00154e-05 0)
(5.37929e-07 9.99415e-06 0)
(5.59809e-07 9.97018e-06 0)
(5.81027e-07 9.94341e-06 0)
(6.01337e-07 9.91373e-06 0)
(6.20449e-07 9.88101e-06 0)
(6.3803e-07 9.84518e-06 0)
(6.53706e-07 9.80618e-06 0)
(6.67055e-07 9.76401e-06 0)
(6.77617e-07 9.7187e-06 0)
(6.84895e-07 9.67038e-06 0)
(6.88368e-07 9.61924e-06 0)
(6.875e-07 9.56556e-06 0)
(6.81757e-07 9.50973e-06 0)
(6.70625e-07 9.45223e-06 0)
(6.53629e-07 9.39367e-06 0)
(6.30354e-07 9.33475e-06 0)
(6.00467e-07 9.27628e-06 0)
(5.63737e-07 9.21913e-06 0)
(5.20055e-07 9.16428e-06 0)
(4.69447e-07 9.11275e-06 0)
(4.12092e-07 9.0656e-06 0)
(3.48329e-07 9.02388e-06 0)
(2.78668e-07 8.98865e-06 0)
(2.0379e-07 8.96093e-06 0)
(1.24551e-07 8.94165e-06 0)
(4.198e-08 8.93165e-06 0)
(9.46768e-08 5.08607e-08 0)
(2.1289e-07 4.94492e-06 0)
(2.76891e-07 1.00579e-05 0)
(2.93329e-07 1.00587e-05 0)
(3.10123e-07 1.00572e-05 0)
(3.27278e-07 1.00542e-05 0)
(3.44758e-07 1.00497e-05 0)
(3.62523e-07 1.00437e-05 0)
(3.80521e-07 1.00359e-05 0)
(3.98693e-07 1.00264e-05 0)
(4.16967e-07 1.00151e-05 0)
(4.35255e-07 1.00019e-05 0)
(4.53459e-07 9.98658e-06 0)
(4.71457e-07 9.96918e-06 0)
(4.89112e-07 9.94956e-06 0)
(5.06262e-07 9.92764e-06 0)
(5.22719e-07 9.90332e-06 0)
(5.38268e-07 9.87655e-06 0)
(5.52665e-07 9.84725e-06 0)
(5.65633e-07 9.81539e-06 0)
(5.76867e-07 9.78097e-06 0)
(5.86028e-07 9.74401e-06 0)
(5.92753e-07 9.70458e-06 0)
(5.96653e-07 9.66281e-06 0)
(5.97325e-07 9.61887e-06 0)
(5.94356e-07 9.57303e-06 0)
(5.87337e-07 9.52561e-06 0)
(5.75877e-07 9.47702e-06 0)
(5.59611e-07 9.42774e-06 0)
(5.38225e-07 9.37834e-06 0)
(5.11461e-07 9.32946e-06 0)
(4.79144e-07 9.28183e-06 0)
(4.41187e-07 9.23621e-06 0)
(3.97614e-07 9.19342e-06 0)
(3.48563e-07 9.1543e-06 0)
(2.94305e-07 9.11974e-06 0)
(2.35242e-07 9.09056e-06 0)
(1.71922e-07 9.06762e-06 0)
(1.05029e-07 9.05166e-06 0)
(3.53924e-08 9.04339e-06 0)
(9.55548e-08 5.07103e-08 0)
(2.15287e-07 4.99861e-06 0)
(2.77793e-07 1.00178e-05 0)
(2.90654e-07 1.00182e-05 0)
(3.03848e-07 1.00164e-05 0)
(3.17366e-07 1.00133e-05 0)
(3.31169e-07 1.00088e-05 0)
(3.45208e-07 1.00028e-05 0)
(3.59431e-07 9.99534e-06 0)
(3.73776e-07 9.98628e-06 0)
(3.88171e-07 9.97558e-06 0)
(4.02535e-07 9.96314e-06 0)
(4.16774e-07 9.94891e-06 0)
(4.30777e-07 9.93282e-06 0)
(4.44421e-07 9.91479e-06 0)
(4.57561e-07 9.89478e-06 0)
(4.70035e-07 9.87272e-06 0)
(4.81658e-07 9.84859e-06 0)
(4.92225e-07 9.82235e-06 0)
(5.01506e-07 9.794e-06 0)
(5.0925e-07 9.76357e-06 0)
(5.15185e-07 9.73109e-06 0)
(5.19018e-07 9.69665e-06 0)
(5.20442e-07 9.66038e-06 0)
(5.1914e-07 9.62245e-06 0)
(5.1479e-07 9.58308e-06 0)
(5.07074e-07 9.54255e-06 0)
(4.95687e-07 9.50121e-06 0)
(4.80351e-07 9.45946e-06 0)
(4.60821e-07 9.41776e-06 0)
(4.369e-07 9.37663e-06 0)
(4.08452e-07 9.33666e-06 0)
(3.75413e-07 9.29846e-06 0)
(3.37803e-07 9.2627e-06 0)
(2.95734e-07 9.23006e-06 0)
(2.49422e-07 9.20125e-06 0)
(1.9919e-07 9.17697e-06 0)
(1.45477e-07 9.15787e-06 0)
(8.88342e-08 9.1446e-06 0)
(2.99284e-08 9.13772e-06 0)
(9.64764e-08 5.06809e-08 0)
(2.16789e-07 5.06067e-06 0)
(2.77402e-07 9.98711e-06 0)
(2.8701e-07 9.98697e-06 0)
(2.96939e-07 9.98483e-06 0)
(3.07166e-07 9.9815e-06 0)
(3.17646e-07 9.97692e-06 0)
(3.2833e-07 9.97103e-06 0)
(3.39165e-07 9.96377e-06 0)
(3.50093e-07 9.95509e-06 0)
(3.61047e-07 9.94493e-06 0)
(3.71955e-07 9.93322e-06 0)
(3.8273e-07 9.91993e-06 0)
(3.93276e-07 9.90501e-06 0)
(4.03484e-07 9.8884e-06 0)
(4.13229e-07 9.87007e-06 0)
(4.22373e-07 9.85001e-06 0)
(4.30757e-07 9.82818e-06 0)
(4.3821e-07 9.8046e-06 0)
(4.4454e-07 9.77927e-06 0)
(4.4954e-07 9.75224e-06 0)
(4.52988e-07 9.72356e-06 0)
(4.54647e-07 9.69332e-06 0)
(4.54271e-07 9.66164e-06 0)
(4.51606e-07 9.62869e-06 0)
(4.46397e-07 9.59465e-06 0)
(4.38393e-07 9.55978e-06 0)
(4.27356e-07 9.52436e-06 0)
(4.13066e-07 9.48873e-06 0)
(3.95333e-07 9.45328e-06 0)
(3.74004e-07 9.41842e-06 0)
(3.48974e-07 9.38463e-06 0)
(3.20193e-07 9.35243e-06 0)
(2.87681e-07 9.32234e-06 0)
(2.51529e-07 9.29493e-06 0)
(2.1191e-07 9.27077e-06 0)
(1.69087e-07 9.25042e-06 0)
(1.2341e-07 9.23444e-06 0)
(7.53261e-08 9.22334e-06 0)
(2.53718e-08 9.21758e-06 0)
(9.72506e-08 5.07866e-08 0)
(2.17011e-07 5.13118e-06 0)
(2.75264e-07 9.96483e-06 0)
(2.82079e-07 9.96408e-06 0)
(2.89159e-07 9.96156e-06 0)
(2.96484e-07 9.95797e-06 0)
(3.04014e-07 9.95327e-06 0)
(3.11711e-07 9.94738e-06 0)
(3.19529e-07 9.94026e-06 0)
(3.27421e-07 9.93186e-06 0)
(3.35333e-07 9.92213e-06 0)
(3.43203e-07 9.91102e-06 0)
(3.50958e-07 9.89851e-06 0)
(3.58517e-07 9.88455e-06 0)
(3.65787e-07 9.86913e-06 0)
(3.72662e-07 9.85223e-06 0)
(3.79024e-07 9.83384e-06 0)
(3.84741e-07 9.81396e-06 0)
(3.89666e-07 9.79261e-06 0)
(3.93641e-07 9.76982e-06 0)
(3.96493e-07 9.74563e-06 0)
(3.98038e-07 9.72012e-06 0)
(3.98082e-07 9.69337e-06 0)
(3.96425e-07 9.66549e-06 0)
(3.9286e-07 9.63664e-06 0)
(3.87183e-07 9.607e-06 0)
(3.79192e-07 9.57676e-06 0)
(3.68696e-07 9.54618e-06 0)
(3.5552e-07 9.51554e-06 0)
(3.39514e-07 9.48515e-06 0)
(3.20557e-07 9.45538e-06 0)
(2.98566e-07 9.42661e-06 0)
(2.73503e-07 9.39925e-06 0)
(2.45386e-07 9.37375e-06 0)
(2.14289e-07 9.35057e-06 0)
(1.80352e-07 9.33016e-06 0)
(1.43788e-07 9.313e-06 0)
(1.0488e-07 9.29953e-06 0)
(6.3989e-08 9.29019e-06 0)
(2.15486e-08 9.28534e-06 0)
(9.75565e-08 5.09268e-08 0)
(2.15896e-07 5.21e-06 0)
(2.71445e-07 9.94956e-06 0)
(2.75917e-07 9.94837e-06 0)
(2.80526e-07 9.94556e-06 0)
(2.85283e-07 9.94176e-06 0)
(2.90177e-07 9.93693e-06 0)
(2.95191e-07 9.93101e-06 0)
(3.00302e-07 9.92395e-06 0)
(3.05479e-07 9.91571e-06 0)
(3.10686e-07 9.90627e-06 0)
(3.15875e-07 9.89558e-06 0)
(3.2099e-07 9.88364e-06 0)
(3.25966e-07 9.87042e-06 0)
(3.30725e-07 9.85592e-06 0)
(3.35179e-07 9.84014e-06 0)
(3.39227e-07 9.82309e-06 0)
(3.42758e-07 9.80478e-06 0)
(3.45648e-07 9.78524e-06 0)
(3.47762e-07 9.76451e-06 0)
(3.48955e-07 9.74266e-06 0)
(3.49072e-07 9.71974e-06 0)
(3.47952e-07 9.69584e-06 0)
(3.45428e-07 9.67109e-06 0)
(3.41329e-07 9.6456e-06 0)
(3.35487e-07 9.61954e-06 0)
(3.27736e-07 9.59308e-06 0)
(3.17922e-07 9.56645e-06 0)
(3.05901e-07 9.53987e-06 0)
(2.91552e-07 9.51361e-06 0)
(2.74778e-07 9.48797e-06 0)
(2.55512e-07 9.46327e-06 0)
(2.33725e-07 9.43985e-06 0)
(2.09429e-07 9.41808e-06 0)
(1.82687e-07 9.39832e-06 0)
(1.53613e-07 9.38096e-06 0)
(1.22378e-07 9.36638e-06 0)
(8.9213e-08 9.35495e-06 0)
(5.44092e-08 9.34702e-06 0)
(1.8319e-08 9.34292e-06 0)
(9.73686e-08 5.09452e-08 0)
(2.14215e-07 5.2973e-06 0)
(2.66973e-07 9.94049e-06 0)
(2.69185e-07 9.93914e-06 0)
(2.7142e-07 9.93621e-06 0)
(2.73726e-07 9.93228e-06 0)
(2.76125e-07 9.92732e-06 0)
(2.78625e-07 9.92129e-06 0)
(2.81226e-07 9.91418e-06 0)
(2.83917e-07 9.90595e-06 0)
(2.86677e-07 9.8966e-06 0)
(2.89475e-07 9.88611e-06 0)
(2.92269e-07 9.87449e-06 0)
(2.95006e-07 9.86173e-06 0)
(2.97624e-07 9.84785e-06 0)
(3.00046e-07 9.83286e-06 0)
(3.02188e-07 9.81679e-06 0)
(3.03953e-07 9.79966e-06 0)
(3.05234e-07 9.78152e-06 0)
(3.05913e-07 9.76241e-06 0)
(3.05867e-07 9.7424e-06 0)
(3.0496e-07 9.72156e-06 0)
(3.03056e-07 9.69996e-06 0)
(3.0001e-07 9.67773e-06 0)
(2.95679e-07 9.65497e-06 0)
(2.8992e-07 9.63182e-06 0)
(2.82595e-07 9.60845e-06 0)
(2.73573e-07 9.58502e-06 0)
(2.62738e-07 9.56175e-06 0)
(2.49986e-07 9.53886e-06 0)
(2.35237e-07 9.51659e-06 0)
(2.18438e-07 9.49521e-06 0)
(1.99562e-07 9.47499e-06 0)
(1.78621e-07 9.45624e-06 0)
(1.55665e-07 9.43927e-06 0)
(1.30787e-07 9.42439e-06 0)
(1.04126e-07 9.41191e-06 0)
(7.58698e-08 9.40213e-06 0)
(4.6256e-08 9.39536e-06 0)
(1.55712e-08 9.39186e-06 0)
(9.71473e-08 5.08516e-08 0)
(2.12939e-07 5.39428e-06 0)
(2.62865e-07 9.93812e-06 0)
(2.62455e-07 9.93668e-06 0)
(2.62087e-07 9.9336e-06 0)
(2.61819e-07 9.92945e-06 0)
(2.61682e-07 9.92422e-06 0)
(2.61698e-07 9.91791e-06 0)
(2.61881e-07 9.91052e-06 0)
(2.62229e-07 9.90206e-06 0)
(2.62735e-07 9.89252e-06 0)
(2.63376e-07 9.88194e-06 0)
(2.6412e-07 9.87032e-06 0)
(2.64924e-07 9.8577e-06 0)
(2.65734e-07 9.84409e-06 0)
(2.66482e-07 9.82954e-06 0)
(2.67091e-07 9.81407e-06 0)
(2.67475e-07 9.79774e-06 0)
(2.67537e-07 9.78059e-06 0)
(2.6717e-07 9.76268e-06 0)
(2.66262e-07 9.74407e-06 0)
(2.64694e-07 9.72484e-06 0)
(2.62342e-07 9.70506e-06 0)
(2.59081e-07 9.68483e-06 0)
(2.54783e-07 9.66426e-06 0)
(2.49325e-07 9.64347e-06 0)
(2.42587e-07 9.62259e-06 0)
(2.34457e-07 9.60178e-06 0)
(2.24835e-07 9.58121e-06 0)
(2.13633e-07 9.56107e-06 0)
(2.00783e-07 9.54155e-06 0)
(1.86239e-07 9.52287e-06 0)
(1.69979e-07 9.50528e-06 0)
(1.52012e-07 9.489e-06 0)
(1.32377e-07 9.47431e-06 0)
(1.11151e-07 9.46145e-06 0)
(8.84478e-08 9.45069e-06 0)
(6.44212e-08 9.44227e-06 0)
(3.92657e-08 9.43645e-06 0)
(1.32163e-08 9.43344e-06 0)
(9.7273e-08 5.0815e-08 0)
(2.11987e-07 5.50286e-06 0)
(2.587e-07 9.94373e-06 0)
(2.55258e-07 9.94185e-06 0)
(2.51998e-07 9.93829e-06 0)
(2.48967e-07 9.93357e-06 0)
(2.46195e-07 9.92773e-06 0)
(2.43707e-07 9.92077e-06 0)
(2.4152e-07 9.91274e-06 0)
(2.39638e-07 9.90365e-06 0)
(2.38057e-07 9.89356e-06 0)
(2.36759e-07 9.88249e-06 0)
(2.35717e-07 9.87048e-06 0)
(2.34889e-07 9.8576e-06 0)
(2.34221e-07 9.84387e-06 0)
(2.3365e-07 9.82936e-06 0)
(2.33098e-07 9.81412e-06 0)
(2.32482e-07 9.79819e-06 0)
(2.31708e-07 9.78164e-06 0)
(2.30672e-07 9.76453e-06 0)
(2.29269e-07 9.74693e-06 0)
(2.27385e-07 9.72889e-06 0)
(2.24907e-07 9.71051e-06 0)
(2.21717e-07 9.69186e-06 0)
(2.17701e-07 9.67303e-06 0)
(2.12747e-07 9.65414e-06 0)
(2.06748e-07 9.63529e-06 0)
(1.99605e-07 9.61661e-06 0)
(1.9123e-07 9.59825e-06 0)
(1.81547e-07 9.58036e-06 0)
(1.70497e-07 9.5631e-06 0)
(1.58038e-07 9.54665e-06 0)
(1.44153e-07 9.53121e-06 0)
(1.28847e-07 9.51698e-06 0)
(1.12152e-07 9.50416e-06 0)
(9.4132e-08 9.49298e-06 0)
(7.48811e-08 9.48363e-06 0)
(5.45265e-08 9.47633e-06 0)
(3.32292e-08 9.47128e-06 0)
(1.11836e-08 9.46867e-06 0)
(9.77558e-08 5.09445e-08 0)
(2.10364e-07 5.62512e-06 0)
(2.5285e-07 9.95829e-06 0)
(2.46171e-07 9.95538e-06 0)
(2.39851e-07 9.95077e-06 0)
(2.33941e-07 9.94494e-06 0)
(2.28478e-07 9.93794e-06 0)
(2.23495e-07 9.9298e-06 0)
(2.19011e-07 9.92059e-06 0)
(2.15036e-07 9.91036e-06 0)
(2.11567e-07 9.89918e-06 0)
(2.08585e-07 9.88712e-06 0)
(2.06057e-07 9.87426e-06 0)
(2.03936e-07 9.86065e-06 0)
(2.02163e-07 9.84637e-06 0)
(2.00665e-07 9.83149e-06 0)
(1.99359e-07 9.81606e-06 0)
(1.98154e-07 9.80017e-06 0)
(1.9695e-07 9.78386e-06 0)
(1.95642e-07 9.76719e-06 0)
(1.9412e-07 9.75024e-06 0)
(1.92274e-07 9.73306e-06 0)
(1.8999e-07 9.71572e-06 0)
(1.87158e-07 9.69829e-06 0)
(1.83668e-07 9.68086e-06 0)
(1.79418e-07 9.6635e-06 0)
(1.74308e-07 9.6463e-06 0)
(1.68249e-07 9.62938e-06 0)
(1.61163e-07 9.61285e-06 0)
(1.52983e-07 9.59683e-06 0)
(1.43655e-07 9.58145e-06 0)
(1.33145e-07 9.56686e-06 0)
(1.21436e-07 9.55322e-06 0)
(1.08532e-07 9.54069e-06 0)
(9.44626e-08 9.52943e-06 0)
(7.92794e-08 9.51963e-06 0)
(6.30622e-08 9.51146e-06 0)
(4.59181e-08 9.50509e-06 0)
(2.79822e-08 9.5007e-06 0)
(9.41747e-09 9.49843e-06 0)
(9.84677e-08 5.12344e-08 0)
(2.07007e-07 5.76372e-06 0)
(2.43515e-07 9.9823e-06 0)
(2.3346e-07 9.97772e-06 0)
(2.23956e-07 9.97139e-06 0)
(2.15085e-07 9.96375e-06 0)
(2.0691e-07 9.95487e-06 0)
(1.99482e-07 9.94483e-06 0)
(1.92831e-07 9.93372e-06 0)
(1.86971e-07 9.92166e-06 0)
(1.81893e-07 9.90875e-06 0)
(1.77569e-07 9.89509e-06 0)
(1.7395e-07 9.88078e-06 0)
(1.70973e-07 9.86593e-06 0)
(1.68558e-07 9.85062e-06 0)
(1.66612e-07 9.83493e-06 0)
(1.65036e-07 9.81894e-06 0)
(1.63719e-07 9.80272e-06 0)
(1.62548e-07 9.78633e-06 0)
(1.61406e-07 9.76981e-06 0)
(1.60177e-07 9.75323e-06 0)
(1.58743e-07 9.73664e-06 0)
(1.56991e-07 9.72009e-06 0)
(1.5481e-07 9.70362e-06 0)
(1.52095e-07 9.68732e-06 0)
(1.48748e-07 9.67122e-06 0)
(1.44678e-07 9.65542e-06 0)
(1.39803e-07 9.63998e-06 0)
(1.34053e-07 9.62499e-06 0)
(1.27368e-07 9.61055e-06 0)
(1.19703e-07 9.59677e-06 0)
(1.11028e-07 9.58375e-06 0)
(1.01329e-07 9.57164e-06 0)
(9.06121e-08 9.56055e-06 0)
(7.89018e-08 9.55062e-06 0)
(6.62445e-08 9.54199e-06 0)
(5.27092e-08 9.53482e-06 0)
(3.83881e-08 9.52924e-06 0)
(2.33968e-08 9.52539e-06 0)
(7.87483e-09 9.5234e-06 0)
(9.9331e-08 5.16785e-08 0)
(2.01114e-07 5.92288e-06 0)
(2.29068e-07 1.00165e-05 0)
(2.15272e-07 1.00095e-05 0)
(2.02306e-07 1.00006e-05 0)
(1.90305e-07 9.99021e-06 0)
(1.79377e-07 9.97847e-06 0)
(1.69593e-07 9.96554e-06 0)
(1.60992e-07 9.95159e-06 0)
(1.53578e-07 9.93678e-06 0)
(1.47322e-07 9.9213e-06 0)
(1.42166e-07 9.90528e-06 0)
(1.38027e-07 9.88887e-06 0)
(1.34799e-07 9.8722e-06 0)
(1.32366e-07 9.85537e-06 0)
(1.30597e-07 9.83848e-06 0)
(1.29359e-07 9.82158e-06 0)
(1.28512e-07 9.80475e-06 0)
(1.27921e-07 9.78803e-06 0)
(1.27451e-07 9.77146e-06 0)
(1.2697e-07 9.75507e-06 0)
(1.26356e-07 9.7389e-06 0)
(1.25491e-07 9.72298e-06 0)
(1.24264e-07 9.70733e-06 0)
(1.22575e-07 9.69198e-06 0)
(1.2033e-07 9.67699e-06 0)
(1.17447e-07 9.6624e-06 0)
(1.13851e-07 9.64826e-06 0)
(1.09482e-07 9.63462e-06 0)
(1.04289e-07 9.62157e-06 0)
(9.82348e-08 9.60919e-06 0)
(9.12954e-08 9.59755e-06 0)
(8.34623e-08 9.58676e-06 0)
(7.47431e-08 9.57692e-06 0)
(6.51625e-08 9.56814e-06 0)
(5.47634e-08 9.56053e-06 0)
(4.3608e-08 9.55422e-06 0)
(3.17781e-08 9.54931e-06 0)
(1.93757e-08 9.54593e-06 0)
(6.52268e-09 9.54419e-06 0)
(1.00262e-07 5.23653e-08 0)
(1.91693e-07 6.10972e-06 0)
(2.07395e-07 1.00627e-05 0)
(1.89057e-07 1.00522e-05 0)
(1.72063e-07 1.00393e-05 0)
(1.56623e-07 1.00247e-05 0)
(1.42889e-07 1.00086e-05 0)
(1.30942e-07 9.99135e-06 0)
(1.20803e-07 9.97319e-06 0)
(1.12428e-07 9.95442e-06 0)
(1.05724e-07 9.9353e-06 0)
(1.00558e-07 9.91604e-06 0)
(9.67705e-08 9.8968e-06 0)
(9.41819e-08 9.87774e-06 0)
(9.2605e-08 9.85896e-06 0)
(9.18509e-08 9.84053e-06 0)
(9.17346e-08 9.82251e-06 0)
(9.2079e-08 9.80491e-06 0)
(9.27173e-08 9.78777e-06 0)
(9.34946e-08 9.77108e-06 0)
(9.42681e-08 9.75485e-06 0)
(9.49076e-08 9.73907e-06 0)
(9.52954e-08 9.72374e-06 0)
(9.53254e-08 9.70887e-06 0)
(9.49032e-08 9.69445e-06 0)
(9.39455e-08 9.6805e-06 0)
(9.23799e-08 9.66705e-06 0)
(9.0145e-08 9.65411e-06 0)
(8.71903e-08 9.64173e-06 0)
(8.34769e-08 9.62996e-06 0)
(7.89774e-08 9.61884e-06 0)
(7.36768e-08 9.60844e-06 0)
(6.75735e-08 9.59885e-06 0)
(6.06795e-08 9.59013e-06 0)
(5.30216e-08 9.58237e-06 0)
(4.46423e-08 9.57567e-06 0)
(3.56002e-08 9.57011e-06 0)
(2.59706e-08 9.56581e-06 0)
(1.58461e-08 9.56284e-06 0)
(5.3364e-09 9.56132e-06 0)
(1.01024e-07 5.34326e-08 0)
(1.76797e-07 6.33579e-06 0)
(1.74684e-07 1.01245e-05 0)
(1.50423e-07 1.01082e-05 0)
(1.28494e-07 1.0089e-05 0)
(1.09228e-07 1.00676e-05 0)
(9.28054e-08 1.00447e-05 0)
(7.92596e-08 1.00209e-05 0)
(6.84979e-08 9.99655e-06 0)
(6.03305e-08 9.97219e-06 0)
(5.45011e-08 9.94815e-06 0)
(5.07156e-08 9.92467e-06 0)
(4.86651e-08 9.90194e-06 0)
(4.80427e-08 9.88006e-06 0)
(4.85564e-08 9.85908e-06 0)
(4.99357e-08 9.83903e-06 0)
(5.19357e-08 9.81989e-06 0)
(5.43384e-08 9.80162e-06 0)
(5.69517e-08 9.78419e-06 0)
(5.9608e-08 9.76753e-06 0)
(6.21617e-08 9.75161e-06 0)
(6.44873e-08 9.73636e-06 0)
(6.64766e-08 9.72176e-06 0)
(6.8037e-08 9.70776e-06 0)
(6.90896e-08 9.69435e-06 0)
(6.95678e-08 9.68149e-06 0)
(6.94163e-08 9.6692e-06 0)
(6.85903e-08 9.65747e-06 0)
(6.70553e-08 9.64632e-06 0)
(6.47868e-08 9.63577e-06 0)
(6.17707e-08 9.62586e-06 0)
(5.80033e-08 9.61664e-06 0)
(5.34918e-08 9.60816e-06 0)
(4.82551e-08 9.60047e-06 0)
(4.23247e-08 9.59365e-06 0)
(3.57445e-08 9.58778e-06 0)
(2.85725e-08 9.58292e-06 0)
(2.08806e-08 9.57915e-06 0)
(1.27553e-08 9.57656e-06 0)
(4.29803e-09 9.57523e-06 0)
(1.01242e-07 5.50872e-08 0)
(1.53027e-07 6.6211e-06 0)
(1.2401e-07 1.02084e-05 0)
(9.12567e-08 1.01819e-05 0)
(6.3017e-08 1.01515e-05 0)
(3.97589e-08 1.01186e-05 0)
(2.15279e-08 1.00846e-05 0)
(8.04748e-09 1.00506e-05 0)
(-1.16636e-09 1.00174e-05 0)
(-6.70509e-09 9.98547e-06 0)
(-9.19136e-09 9.95522e-06 0)
(-9.22738e-09 9.92681e-06 0)
(-7.3642e-09 9.90028e-06 0)
(-4.08682e-09 9.8756e-06 0)
(1.89769e-10 9.85267e-06 0)
(5.11785e-09 9.83137e-06 0)
(1.04105e-08 9.81156e-06 0)
(1.58335e-08 9.79309e-06 0)
(2.11971e-08 9.77583e-06 0)
(2.63483e-08 9.75965e-06 0)
(3.1164e-08 9.74443e-06 0)
(3.55452e-08 9.73007e-06 0)
(3.94127e-08 9.7165e-06 0)
(4.27028e-08 9.70363e-06 0)
(4.53649e-08 9.69141e-06 0)
(4.73595e-08 9.6798e-06 0)
(4.86564e-08 9.66878e-06 0)
(4.92337e-08 9.65833e-06 0)
(4.90777e-08 9.64844e-06 0)
(4.81824e-08 9.63914e-06 0)
(4.65496e-08 9.63043e-06 0)
(4.41889e-08 9.62235e-06 0)
(4.1119e-08 9.61494e-06 0)
(3.73672e-08 9.60825e-06 0)
(3.29708e-08 9.60232e-06 0)
(2.79777e-08 9.59721e-06 0)
(2.24466e-08 9.593e-06 0)
(1.64483e-08 9.58974e-06 0)
(1.00657e-08 9.58749e-06 0)
(3.39479e-09 9.58634e-06 0)
(1.00059e-07 5.85598e-08 0)
(1.13742e-07 7.00518e-06 0)
(4.10247e-08 1.03295e-05 0)
(-5.74659e-09 1.02808e-05 0)
(-4.18195e-08 1.02274e-05 0)
(-6.74153e-08 1.01731e-05 0)
(-8.37035e-08 1.01207e-05 0)
(-9.22708e-08 1.00714e-05 0)
(-9.47667e-08 1.00263e-05 0)
(-9.2705e-08 9.98531e-06 0)
(-8.73758e-08 9.9485e-06 0)
(-7.98248e-08 9.91556e-06 0)
(-7.087e-08 9.88609e-06 0)
(-6.11342e-08 9.85971e-06 0)
(-5.10815e-08 9.83601e-06 0)
(-4.10515e-08 9.81464e-06 0)
(-3.12896e-08 9.79527e-06 0)
(-2.19705e-08 9.77762e-06 0)
(-1.32169e-08 9.76142e-06 0)
(-5.11442e-09 9.74649e-06 0)
(2.27866e-09 9.73264e-06 0)
(8.9232e-09 9.71973e-06 0)
(1.47939e-08 9.70764e-06 0)
(1.98755e-08 9.69626e-06 0)
(2.416e-08 9.68554e-06 0)
(2.76453e-08 9.67541e-06 0)
(3.03339e-08 9.66584e-06 0)
(3.22324e-08 9.65679e-06 0)
(3.33518e-08 9.64826e-06 0)
(3.37069e-08 9.64025e-06 0)
(3.33174e-08 9.63277e-06 0)
(3.2208e-08 9.62584e-06 0)
(3.04091e-08 9.61949e-06 0)
(2.79576e-08 9.61375e-06 0)
(2.48976e-08 9.60868e-06 0)
(2.12811e-08 9.60431e-06 0)
(1.7169e-08 9.60071e-06 0)
(1.2632e-08 9.59792e-06 0)
(7.75089e-09 9.59601e-06 0)
(2.61753e-09 9.59502e-06 0)
(9.22768e-08 7.56268e-08 0)
(3.37153e-08 7.5979e-06 0)
(-1.21049e-07 1.05186e-05 0)
(-1.88435e-07 1.04076e-05 0)
(-2.26521e-07 1.03023e-05 0)
(-2.42308e-07 1.02089e-05 0)
(-2.42581e-07 1.01286e-05 0)
(-2.32827e-07 1.00607e-05 0)
(-2.1709e-07 1.00037e-05 0)
(-1.98173e-07 9.95586e-06 0)
(-1.77933e-07 9.91561e-06 0)
(-1.57553e-07 9.88152e-06 0)
(-1.37751e-07 9.85242e-06 0)
(-1.18942e-07 9.82735e-06 0)
(-1.01345e-07 9.80553e-06 0)
(-8.50564e-08 9.78636e-06 0)
(-7.01027e-08 9.76934e-06 0)
(-5.64667e-08 9.75408e-06 0)
(-4.41094e-08 9.74027e-06 0)
(-3.29809e-08 9.72765e-06 0)
(-2.30283e-08 9.71604e-06 0)
(-1.41984e-08 9.70527e-06 0)
(-6.44101e-09 9.69522e-06 0)
(2.91316e-10 9.68579e-06 0)
(6.0425e-09 9.67691e-06 0)
(1.08535e-08 9.66853e-06 0)
(1.47629e-08 9.6606e-06 0)
(1.78077e-08 9.6531e-06 0)
(2.00239e-08 9.64603e-06 0)
(2.14476e-08 9.63937e-06 0)
(2.2116e-08 9.63315e-06 0)
(2.2068e-08 9.62738e-06 0)
(2.13455e-08 9.62209e-06 0)
(1.99941e-08 9.6173e-06 0)
(1.80644e-08 9.61306e-06 0)
(1.56124e-08 9.60941e-06 0)
(1.27011e-08 9.6064e-06 0)
(9.40088e-09 9.60406e-06 0)
(5.7908e-09 9.60246e-06 0)
(1.95937e-09 9.60163e-06 0)
(2.82454e-08 8.92431e-08 0)
(-2.26081e-07 8.79458e-06 0)
(-5.53145e-07 1.07629e-05 0)
(-5.98314e-07 1.04758e-05 0)
(-5.76584e-07 1.02793e-05 0)
(-5.26967e-07 1.01421e-05 0)
(-4.68774e-07 1.00438e-05 0)
(-4.1104e-07 9.97178e-06 0)
(-3.57573e-07 9.9176e-06 0)
(-3.09622e-07 9.87582e-06 0)
(-2.67251e-07 9.84284e-06 0)
(-2.30029e-07 9.81618e-06 0)
(-1.97372e-07 9.79419e-06 0)
(-1.68687e-07 9.77567e-06 0)
(-1.43439e-07 9.75981e-06 0)
(-1.21168e-07 9.74598e-06 0)
(-1.01487e-07 9.73374e-06 0)
(-8.4077e-08 9.72276e-06 0)
(-6.86727e-08 9.7128e-06 0)
(-5.50562e-08 9.70365e-06 0)
(-4.30466e-08 9.69516e-06 0)
(-3.24931e-08 9.68723e-06 0)
(-2.32693e-08 9.67976e-06 0)
(-1.52679e-08 9.6727e-06 0)
(-8.39711e-09 9.66598e-06 0)
(-2.57741e-09 9.65958e-06 0)
(2.26126e-09 9.65347e-06 0)
(6.18163e-09 9.64765e-06 0)
(9.24105e-09 9.64212e-06 0)
(1.14932e-08 9.63688e-06 0)
(1.29893e-08 9.63194e-06 0)
(1.378e-08 9.62734e-06 0)
(1.39162e-08 9.62309e-06 0)
(1.34501e-08 9.61924e-06 0)
(1.24369e-08 9.61581e-06 0)
(1.09354e-08 9.61285e-06 0)
(9.00923e-09 9.61039e-06 0)
(6.72795e-09 9.60849e-06 0)
(4.16811e-09 9.60718e-06 0)
(1.41429e-09 9.60651e-06 0)
(-1.72503e-06 3.72589e-06 0)
(-2.73614e-06 8.91738e-06 0)
(-2.11883e-06 9.86205e-06 0)
(-1.51498e-06 9.83091e-06 0)
(-1.12562e-06 9.80694e-06 0)
(-8.65623e-07 9.78792e-06 0)
(-6.85262e-07 9.7724e-06 0)
(-5.55175e-07 9.7594e-06 0)
(-4.57786e-07 9.74827e-06 0)
(-3.82381e-07 9.73855e-06 0)
(-3.2228e-07 9.72991e-06 0)
(-2.73209e-07 9.72214e-06 0)
(-2.32357e-07 9.71504e-06 0)
(-1.9782e-07 9.70849e-06 0)
(-1.68271e-07 9.70239e-06 0)
(-1.42756e-07 9.69665e-06 0)
(-1.20575e-07 9.69121e-06 0)
(-1.012e-07 9.686e-06 0)
(-8.42254e-08 9.68099e-06 0)
(-6.9333e-08 9.67614e-06 0)
(-5.62692e-08 9.67142e-06 0)
(-4.48288e-08 9.66681e-06 0)
(-3.4843e-08 9.66229e-06 0)
(-2.61717e-08 9.65786e-06 0)
(-1.86961e-08 9.6535e-06 0)
(-1.23149e-08 9.64923e-06 0)
(-6.93979e-09 9.64505e-06 0)
(-2.49301e-09 9.64097e-06 0)
(1.0954e-09 9.63701e-06 0)
(3.88944e-09 9.63319e-06 0)
(5.94894e-09 9.62954e-06 0)
(7.33104e-09 9.62608e-06 0)
(8.09157e-09 9.62286e-06 0)
(8.28627e-09 9.6199e-06 0)
(7.97199e-09 9.61725e-06 0)
(7.20785e-09 9.61494e-06 0)
(6.0563e-09 9.61302e-06 0)
(4.58429e-09 9.61152e-06 0)
(2.86437e-09 9.61049e-06 0)
(9.75949e-10 9.60996e-06 0)
(-3.36187e-07 7.99059e-06 0)
(-6.47766e-07 8.48088e-06 0)
(-7.56654e-07 8.87367e-06 0)
(-7.49433e-07 9.12855e-06 0)
(-6.92346e-07 9.29592e-06 0)
(-6.18326e-07 9.40723e-06 0)
(-5.42876e-07 9.48225e-06 0)
(-4.72627e-07 9.53349e-06 0)
(-4.09856e-07 9.56892e-06 0)
(-3.54823e-07 9.59368e-06 0)
(-3.06948e-07 9.61114e-06 0)
(-2.65372e-07 9.6235e-06 0)
(-2.29217e-07 9.63224e-06 0)
(-1.97691e-07 9.63839e-06 0)
(-1.70114e-07 9.64261e-06 0)
(-1.45918e-07 9.6454e-06 0)
(-1.24638e-07 9.6471e-06 0)
(-1.0589e-07 9.64794e-06 0)
(-8.93574e-08 9.64811e-06 0)
(-7.47797e-08 9.64773e-06 0)
(-6.19387e-08 9.6469e-06 0)
(-5.06512e-08 9.64571e-06 0)
(-4.07617e-08 9.6442e-06 0)
(-3.21374e-08 9.64244e-06 0)
(-2.46632e-08 9.64047e-06 0)
(-1.82387e-08 9.63832e-06 0)
(-1.27754e-08 9.63605e-06 0)
(-8.19413e-09 9.63368e-06 0)
(-4.42347e-09 9.63125e-06 0)
(-1.39783e-09 9.62881e-06 0)
(9.43872e-10 9.62638e-06 0)
(2.65952e-09 9.62402e-06 0)
(3.80499e-09 9.62177e-06 0)
(4.4353e-09 9.61965e-06 0)
(4.60565e-09 9.61772e-06 0)
(4.37247e-09 9.61603e-06 0)
(3.79452e-09 9.61459e-06 0)
(2.9339e-09 9.61347e-06 0)
(1.85721e-09 9.61269e-06 0)
(6.36743e-10 9.61229e-06 0)
(-1.10895e-07 8.80966e-06 0)
(-2.2797e-07 8.89251e-06 0)
(-3.10038e-07 9.00157e-06 0)
(-3.56591e-07 9.11061e-06 0)
(-3.74607e-07 9.20844e-06 0)
(-3.72334e-07 9.29154e-06 0)
(-3.56917e-07 9.36e-06 0)
(-3.33781e-07 9.41542e-06 0)
(-3.06736e-07 9.45987e-06 0)
(-2.78307e-07 9.49537e-06 0)
(-2.50079e-07 9.52369e-06 0)
(-2.22991e-07 9.54629e-06 0)
(-1.97556e-07 9.56436e-06 0)
(-1.74014e-07 9.57883e-06 0)
(-1.5244e-07 9.59042e-06 0)
(-1.32809e-07 9.59971e-06 0)
(-1.15043e-07 9.60712e-06 0)
(-9.90329e-08 9.613e-06 0)
(-8.46614e-08 9.61761e-06 0)
(-7.1808e-08 9.62116e-06 0)
(-6.03556e-08 9.62382e-06 0)
(-5.01935e-08 9.62572e-06 0)
(-4.12185e-08 9.62698e-06 0)
(-3.33351e-08 9.62768e-06 0)
(-2.64556e-08 9.62791e-06 0)
(-2.04992e-08 9.62773e-06 0)
(-1.5392e-08 9.62722e-06 0)
(-1.10654e-08 9.62643e-06 0)
(-7.45635e-09 9.62541e-06 0)
(-4.50563e-09 9.62423e-06 0)
(-2.15765e-09 9.62293e-06 0)
(-3.59385e-10 9.62157e-06 0)
(9.40335e-10 9.62018e-06 0)
(1.79171e-09 9.61883e-06 0)
(2.24477e-09 9.61755e-06 0)
(2.35025e-09 9.61639e-06 0)
(2.16048e-09 9.6154e-06 0)
(1.73033e-09 9.61461e-06 0)
(1.11818e-09 9.61405e-06 0)
(3.87078e-10 9.61376e-06 0)
(-5.07688e-08 9.083e-06 0)
(-1.0389e-07 9.10692e-06 0)
(-1.48724e-07 9.14468e-06 0)
(-1.82671e-07 9.19045e-06 0)
(-2.05266e-07 9.23925e-06 0)
(-2.17468e-07 9.28751e-06 0)
(-2.2096e-07 9.33299e-06 0)
(-2.17642e-07 9.37448e-06 0)
(-2.09328e-07 9.4115e-06 0)
(-1.97588e-07 9.44403e-06 0)
(-1.83703e-07 9.4723e-06 0)
(-1.68665e-07 9.49671e-06 0)
(-1.53215e-07 9.51767e-06 0)
(-1.37886e-07 9.5356e-06 0)
(-1.23048e-07 9.55089e-06 0)
(-1.08943e-07 9.56391e-06 0)
(-9.57225e-08 9.57494e-06 0)
(-8.34685e-08 9.58426e-06 0)
(-7.22154e-08 9.59209e-06 0)
(-6.19639e-08 9.59862e-06 0)
(-5.26923e-08 9.60401e-06 0)
(-4.43638e-08 9.60841e-06 0)
(-3.69327e-08 9.61193e-06 0)
(-3.03482e-08 9.61469e-06 0)
(-2.45573e-08 9.61678e-06 0)
(-1.95066e-08 9.61828e-06 0)
(-1.51434e-08 9.61927e-06 0)
(-1.14167e-08 9.61984e-06 0)
(-8.27718e-09 9.62004e-06 0)
(-5.67768e-09 9.61994e-06 0)
(-3.57274e-09 9.6196e-06 0)
(-1.91853e-09 9.61909e-06 0)
(-6.72363e-10 9.61845e-06 0)
(2.07731e-10 9.61775e-06 0)
(7.63575e-10 9.61702e-06 0)
(1.03745e-09 9.61633e-06 0)
(1.07278e-09 9.6157e-06 0)
(9.14874e-10 9.61519e-06 0)
(6.11739e-10 9.61483e-06 0)
(2.15032e-10 9.61463e-06 0)
(-2.66961e-08 9.20398e-06 0)
(-5.32895e-08 9.21425e-06 0)
(-7.73791e-08 9.23136e-06 0)
(-9.76939e-08 9.25389e-06 0)
(-1.13491e-07 9.28021e-06 0)
(-1.24544e-07 9.30873e-06 0)
(-1.31039e-07 9.33807e-06 0)
(-1.33445e-07 9.36716e-06 0)
(-1.32389e-07 9.39521e-06 0)
(-1.28555e-07 9.42169e-06 0)
(-1.22611e-07 9.44629e-06 0)
(-1.15165e-07 9.46885e-06 0)
(-1.06745e-07 9.48933e-06 0)
(-9.77862e-08 9.50776e-06 0)
(-8.86365e-08 9.52422e-06 0)
(-7.9564e-08 9.53883e-06 0)
(-7.07674e-08 9.55172e-06 0)
(-6.23877e-08 9.56302e-06 0)
(-5.45195e-08 9.57285e-06 0)
(-4.72205e-08 9.58136e-06 0)
(-4.05206e-08 9.58864e-06 0)
(-3.44284e-08 9.59483e-06 0)
(-2.89375e-08 9.60003e-06 0)
(-2.40305e-08 9.60433e-06 0)
(-1.96831e-08 9.60784e-06 0)
(-1.5866e-08 9.61063e-06 0)
(-1.25476e-08 9.61281e-06 0)
(-9.69469e-09 9.61443e-06 0)
(-7.27388e-09 9.61558e-06 0)
(-5.25189e-09 9.61634e-06 0)
(-3.59595e-09 9.61676e-06 0)
(-2.27389e-09 9.61692e-06 0)
(-1.25403e-09 9.61687e-06 0)
(-5.05048e-10 9.61668e-06 0)
(4.37656e-12 9.61639e-06 0)
(3.0591e-10 9.61606e-06 0)
(4.32027e-10 9.61572e-06 0)
(4.16535e-10 9.61543e-06 0)
(2.95176e-10 9.61522e-06 0)
(1.06319e-10 9.6151e-06 0)
(-1.35226e-08 9.26259e-06 0)
(-2.63717e-08 9.26858e-06 0)
(-3.83697e-08 9.27858e-06 0)
(-4.89773e-08 9.29218e-06 0)
(-5.77918e-08 9.30881e-06 0)
(-6.4575e-08 9.32778e-06 0)
(-6.92524e-08 9.34837e-06 0)
(-7.18907e-08 9.36991e-06 0)
(-7.26641e-08 9.3918e-06 0)
(-7.18173e-08 9.41352e-06 0)
(-6.96313e-08 9.43466e-06 0)
(-6.63957e-08 9.45491e-06 0)
(-6.23875e-08 9.47403e-06 0)
(-5.78575e-08 9.49187e-06 0)
(-5.30228e-08 9.50834e-06 0)
(-4.80641e-08 9.52339e-06 0)
(-4.31258e-08 9.53704e-06 0)
(-3.83194e-08 9.54929e-06 0)
(-3.37267e-08 9.5602e-06 0)
(-2.94052e-08 9.56984e-06 0)
(-2.53917e-08 9.57827e-06 0)
(-2.1707e-08 9.58558e-06 0)
(-1.83593e-08 9.59185e-06 0)
(-1.53476e-08 9.59717e-06 0)
(-1.2664e-08 9.60162e-06 0)
(-1.02958e-08 9.60529e-06 0)
(-8.22743e-09 9.60826e-06 0)
(-6.44102e-09 9.61061e-06 0)
(-4.91777e-09 9.61242e-06 0)
(-3.63833e-09 9.61376e-06 0)
(-2.58319e-09 9.61471e-06 0)
(-1.7329e-09 9.61533e-06 0)
(-1.06814e-09 9.61568e-06 0)
(-5.6964e-10 9.61584e-06 0)
(-2.18082e-10 9.61585e-06 0)
(6.09402e-12 9.61577e-06 0)
(1.22949e-10 9.61564e-06 0)
(1.5335e-10 9.6155e-06 0)
(1.19333e-10 9.61538e-06 0)
(4.45299e-11 9.61532e-06 0)
(-4.17906e-09 9.28723e-06 0)
(-8.04344e-09 9.29181e-06 0)
(-1.16949e-08 9.29938e-06 0)
(-1.49841e-08 9.30979e-06 0)
(-1.77899e-08 9.32276e-06 0)
(-2.0029e-08 9.33791e-06 0)
(-2.16601e-08 9.35479e-06 0)
(-2.26811e-08 9.37294e-06 0)
(-2.31244e-08 9.39188e-06 0)
(-2.30474e-08 9.41117e-06 0)
(-2.25243e-08 9.43042e-06 0)
(-2.16375e-08 9.44928e-06 0)
(-2.04704e-08 9.46747e-06 0)
(-1.91023e-08 9.48478e-06 0)
(-1.76046e-08 9.50104e-06 0)
(-1.60389e-08 9.51613e-06 0)
(-1.44564e-08 9.53e-06 0)
(-1.28977e-08 9.54261e-06 0)
(-1.13941e-08 9.55398e-06 0)
(-9.96812e-09 9.56411e-06 0)
(-8.63525e-09 9.57307e-06 0)
(-7.4051e-09 9.58091e-06 0)
(-6.28256e-09 9.5877e-06 0)
(-5.26898e-09 9.59352e-06 0)
(-4.363e-09 9.59844e-06 0)
(-3.56135e-09 9.60254e-06 0)
(-2.85942e-09 9.60591e-06 0)
(-2.25174e-09 9.60863e-06 0)
(-1.7323e-09 9.61077e-06 0)
(-1.29479e-09 9.61241e-06 0)
(-9.32774e-10 9.61363e-06 0)
(-6.39768e-10 9.61448e-06 0)
(-4.09286e-10 9.61505e-06 0)
(-2.34841e-10 9.61538e-06 0)
(-1.09912e-10 9.61555e-06 0)
(-2.78887e-11 9.61559e-06 0)
(1.80104e-11 9.61556e-06 0)
(3.48385e-11 9.6155e-06 0)
(3.00406e-11 9.61544e-06 0)
(1.15972e-11 9.6154e-06 0)
)
;

boundaryField
{
    top
    {
        type            zeroGradient;
    }
    inlet
    {
        type            fixedValue;
        value           uniform (0 0 0);
    }
    axis
    {
        type            fixedValue;
        value           uniform (0 0 0);
    }
    frontAndBack
    {
        type            empty;
    }
}


// ************************************************************************* //
