/*--------------------------------*- C++ -*----------------------------------*\
  =========                 |
  \\      /  F ield         | OpenFOAM: The Open Source CFD Toolbox
   \\    /   O peration     | Website:  https://openfoam.org
    \\  /    A nd           | Version:  7
     \\/     M anipulation  |
\*---------------------------------------------------------------------------*/
FoamFile
{
    version     2.0;
    format      ascii;
    class       volVectorField;
    location    "15000";
    object      Ub;
}
// * * * * * * * * * * * * * * * * * * * * * * * * * * * * * * * * * * * * * //

dimensions      [0 1 -1 0 0 0 0];

internalField   nonuniform List<vector> 
3200
(
(-5.97198e-21 -9.8789e-16 0)
(-1.78871e-20 -9.8789e-16 0)
(-2.98192e-20 -9.8789e-16 0)
(-4.19186e-20 -9.87889e-16 0)
(-5.43422e-20 -9.87889e-16 0)
(-6.72625e-20 -9.87888e-16 0)
(-8.08792e-20 -9.87887e-16 0)
(-9.54341e-20 -9.87886e-16 0)
(-1.11232e-19 -9.87885e-16 0)
(-1.28668e-19 -9.87883e-16 0)
(-1.48281e-19 -9.87881e-16 0)
(-1.70818e-19 -9.87877e-16 0)
(-1.9736e-19 -9.87873e-16 0)
(-2.29522e-19 -9.87866e-16 0)
(-2.69803e-19 -9.87857e-16 0)
(-3.22206e-19 -9.87842e-16 0)
(-3.93371e-19 -9.87819e-16 0)
(-4.94678e-19 -9.87782e-16 0)
(-6.4622e-19 -9.87717e-16 0)
(-2.89146e-17 -9.87602e-16 0)
(-2.32882e-06 -2.76552e-14 0)
(-5.20581e-05 -5.01759e-05 0)
(-0.000101817 -1.31543e-05 0)
(-0.000105181 -5.8799e-06 0)
(-0.000106843 -3.53221e-06 0)
(-0.000107988 -2.37516e-06 0)
(-0.000108862 -1.70449e-06 0)
(-0.000109563 -1.2789e-06 0)
(-0.000110143 -9.9291e-07 0)
(-0.000110633 -7.91529e-07 0)
(-0.000111054 -6.44806e-07 0)
(-0.00011142 -5.34882e-07 0)
(-0.000111742 -4.50418e-07 0)
(-0.000112028 -3.83998e-07 0)
(-0.000111832 -1.52205e-06 0)
(-0.000105046 -1.79417e-05 0)
(-9.14646e-05 -2.00111e-05 0)
(-7.57951e-05 -2.42464e-05 0)
(-5.56605e-05 -3.32588e-05 0)
(-2.7304e-05 -4.8744e-05 0)
(-5.80846e-21 -9.87873e-16 0)
(-1.73894e-20 -9.87873e-16 0)
(-2.8963e-20 -9.87872e-16 0)
(-4.06573e-20 -9.87871e-16 0)
(-5.26021e-20 -9.8787e-16 0)
(-6.49344e-20 -9.87868e-16 0)
(-7.78041e-20 -9.87865e-16 0)
(-9.13801e-20 -9.87862e-16 0)
(-1.05856e-19 -9.87859e-16 0)
(-1.21456e-19 -9.87854e-16 0)
(-1.38438e-19 -9.87847e-16 0)
(-1.57084e-19 -9.87839e-16 0)
(-1.77675e-19 -9.87828e-16 0)
(-2.00414e-19 -9.87812e-16 0)
(-2.25228e-19 -9.87791e-16 0)
(-2.51325e-19 -9.87761e-16 0)
(-2.76198e-19 -9.87718e-16 0)
(-2.93443e-19 -9.87653e-16 0)
(-2.88052e-19 -9.87556e-16 0)
(-2.2634e-19 -9.87407e-16 0)
(-3.54436e-20 -9.87175e-16 0)
(1.89093e-19 -9.76753e-16 0)
(2.26081e-19 -9.31496e-16 0)
(1.43826e-19 -8.90626e-16 0)
(8.14892e-20 -8.52336e-16 0)
(3.03416e-20 -8.15941e-16 0)
(-1.56215e-20 -7.81074e-16 0)
(-6.07558e-20 -7.475e-16 0)
(-1.08943e-19 -7.15055e-16 0)
(-1.64533e-19 -6.83618e-16 0)
(-2.33337e-19 -6.53097e-16 0)
(-3.23976e-19 -6.23417e-16 0)
(-6.2083e-19 -5.94514e-16 0)
(-7.38894e-08 -6.13669e-16 0)
(-2.26971e-05 -1.19165e-06 0)
(-5.35001e-05 -1.76565e-05 0)
(-6.95872e-05 -1.97644e-05 0)
(-8.64032e-05 -2.40329e-05 0)
(-0.000103752 -4.30422e-05 0)
(-5.94833e-05 -0.00024956 0)
(-5.50274e-21 -9.87857e-16 0)
(-1.64607e-20 -9.87856e-16 0)
(-2.73707e-20 -9.87855e-16 0)
(-3.83243e-20 -9.87854e-16 0)
(-4.94083e-20 -9.87852e-16 0)
(-6.07056e-20 -9.87849e-16 0)
(-7.22945e-20 -9.87845e-16 0)
(-8.42459e-20 -9.87841e-16 0)
(-9.6617e-20 -9.87836e-16 0)
(-1.09438e-19 -9.87829e-16 0)
(-1.2269e-19 -9.8782e-16 0)
(-1.36264e-19 -9.8781e-16 0)
(-1.49894e-19 -9.87796e-16 0)
(-1.63044e-19 -9.87779e-16 0)
(-1.74739e-19 -9.87757e-16 0)
(-1.83305e-19 -9.8773e-16 0)
(-1.86047e-19 -9.87696e-16 0)
(-1.78934e-19 -9.87655e-16 0)
(-1.56675e-19 -9.87609e-16 0)
(-1.14185e-19 -9.87565e-16 0)
(-5.212e-20 -9.8754e-16 0)
(7.2854e-21 -9.87576e-16 0)
(3.50069e-20 -9.87647e-16 0)
(3.30586e-20 -9.87693e-16 0)
(1.82594e-20 -9.87721e-16 0)
(-1.89858e-21 -9.87738e-16 0)
(-2.4029e-20 -9.87745e-16 0)
(-4.63664e-20 -9.87744e-16 0)
(-6.74649e-20 -9.87735e-16 0)
(-8.52543e-20 -9.87716e-16 0)
(-9.59552e-20 -9.87686e-16 0)
(-9.2386e-20 -9.8764e-16 0)
(-6.10249e-20 -9.87572e-16 0)
(2.3179e-20 -9.87473e-16 0)
(1.05346e-19 -9.86377e-16 0)
(9.77569e-20 -9.68177e-16 0)
(3.95302e-20 -9.47897e-16 0)
(-4.0649e-09 -1.25922e-15 0)
(-4.51642e-06 -1.07599e-05 0)
(-3.08033e-06 -0.000419886 0)
(-5.09124e-21 -9.87841e-16 0)
(-1.52137e-20 -9.87841e-16 0)
(-2.52438e-20 -9.87839e-16 0)
(-3.52325e-20 -9.87838e-16 0)
(-4.52218e-20 -9.87835e-16 0)
(-5.52418e-20 -9.87832e-16 0)
(-6.5307e-20 -9.87828e-16 0)
(-7.54095e-20 -9.87823e-16 0)
(-8.55091e-20 -9.87817e-16 0)
(-9.55179e-20 -9.87809e-16 0)
(-1.05279e-19 -9.878e-16 0)
(-1.14538e-19 -9.8779e-16 0)
(-1.22903e-19 -9.87777e-16 0)
(-1.29799e-19 -9.87762e-16 0)
(-1.34429e-19 -9.87744e-16 0)
(-1.35745e-19 -9.87725e-16 0)
(-1.32503e-19 -9.87703e-16 0)
(-1.23444e-19 -9.8768e-16 0)
(-1.07753e-19 -9.87659e-16 0)
(-8.58728e-20 -9.87644e-16 0)
(-6.06187e-20 -9.87639e-16 0)
(-3.77345e-20 -9.87648e-16 0)
(-2.27499e-20 -9.87666e-16 0)
(-1.67168e-20 -9.87683e-16 0)
(-1.74116e-20 -9.87697e-16 0)
(-2.23231e-20 -9.87706e-16 0)
(-2.93347e-20 -9.8771e-16 0)
(-3.66984e-20 -9.8771e-16 0)
(-4.28447e-20 -9.87705e-16 0)
(-4.62105e-20 -9.87695e-16 0)
(-4.51779e-20 -9.87683e-16 0)
(-3.82504e-20 -9.87669e-16 0)
(-2.47232e-20 -9.87657e-16 0)
(-6.37679e-21 -9.87653e-16 0)
(8.78129e-21 -9.87672e-16 0)
(1.28093e-20 -9.87697e-16 0)
(7.97229e-21 -9.87711e-16 0)
(-4.22633e-12 -9.93285e-16 0)
(-4.39926e-07 -1.40099e-06 0)
(-1.85463e-07 -0.000440042 0)
(-4.61615e-21 -9.87827e-16 0)
(-1.37783e-20 -9.87827e-16 0)
(-2.28101e-20 -9.87825e-16 0)
(-3.17267e-20 -9.87823e-16 0)
(-4.05332e-20 -9.87821e-16 0)
(-4.92204e-20 -9.87817e-16 0)
(-5.77609e-20 -9.87813e-16 0)
(-6.61023e-20 -9.87808e-16 0)
(-7.41603e-20 -9.87802e-16 0)
(-8.18087e-20 -9.87795e-16 0)
(-8.88692e-20 -9.87786e-16 0)
(-9.51005e-20 -9.87777e-16 0)
(-1.0019e-19 -9.87766e-16 0)
(-1.03751e-19 -9.87754e-16 0)
(-1.05342e-19 -9.87741e-16 0)
(-1.04499e-19 -9.87727e-16 0)
(-1.00829e-19 -9.87713e-16 0)
(-9.41312e-20 -9.877e-16 0)
(-8.45893e-20 -9.87689e-16 0)
(-7.29498e-20 -9.87681e-16 0)
(-6.0597e-20 -9.87678e-16 0)
(-4.93173e-20 -9.87679e-16 0)
(-4.06088e-20 -9.87684e-16 0)
(-3.50366e-20 -9.8769e-16 0)
(-3.22949e-20 -9.87695e-16 0)
(-3.16405e-20 -9.87699e-16 0)
(-3.21926e-20 -9.87701e-16 0)
(-3.30823e-20 -9.877e-16 0)
(-3.35221e-20 -9.87699e-16 0)
(-3.28553e-20 -9.87695e-16 0)
(-3.06274e-20 -9.87691e-16 0)
(-2.67016e-20 -9.87688e-16 0)
(-2.14136e-20 -9.87686e-16 0)
(-1.57003e-20 -9.87686e-16 0)
(-1.10009e-20 -9.8769e-16 0)
(-8.42725e-21 -9.87696e-16 0)
(-8.00213e-21 -9.87701e-16 0)
(-1.36234e-11 -9.95418e-16 0)
(-3.07136e-07 -1.23346e-06 0)
(-1.11375e-07 -0.000443899 0)
(-4.11707e-21 -9.87815e-16 0)
(-1.22751e-20 -9.87814e-16 0)
(-2.0277e-20 -9.87813e-16 0)
(-2.81112e-20 -9.87811e-16 0)
(-3.57577e-20 -9.87808e-16 0)
(-4.31842e-20 -9.87805e-16 0)
(-5.03429e-20 -9.878e-16 0)
(-5.71663e-20 -9.87796e-16 0)
(-6.35638e-20 -9.8779e-16 0)
(-6.94182e-20 -9.87784e-16 0)
(-7.45835e-20 -9.87776e-16 0)
(-7.88851e-20 -9.87768e-16 0)
(-8.2125e-20 -9.8776e-16 0)
(-8.40939e-20 -9.8775e-16 0)
(-8.45923e-20 -9.87741e-16 0)
(-8.34652e-20 -9.87731e-16 0)
(-8.0647e-20 -9.87722e-16 0)
(-7.6214e-20 -9.87713e-16 0)
(-7.04301e-20 -9.87706e-16 0)
(-6.37625e-20 -9.87701e-16 0)
(-5.68382e-20 -9.87698e-16 0)
(-5.03224e-20 -9.87697e-16 0)
(-4.47428e-20 -9.87697e-16 0)
(-4.03571e-20 -9.87698e-16 0)
(-3.71435e-20 -9.877e-16 0)
(-3.48818e-20 -9.87701e-16 0)
(-3.32471e-20 -9.87701e-16 0)
(-3.18883e-20 -9.87701e-16 0)
(-3.04861e-20 -9.877e-16 0)
(-2.8798e-20 -9.87699e-16 0)
(-2.66948e-20 -9.87698e-16 0)
(-2.41872e-20 -9.87697e-16 0)
(-2.1434e-20 -9.87697e-16 0)
(-1.87144e-20 -9.87697e-16 0)
(-1.63463e-20 -9.87698e-16 0)
(-1.45562e-20 -9.877e-16 0)
(-1.34458e-20 -9.87701e-16 0)
(-1.82371e-11 -9.9651e-16 0)
(-2.9945e-07 -1.2813e-06 0)
(-1.07312e-07 -0.000447139 0)
(-3.62563e-21 -9.87803e-16 0)
(-1.07992e-20 -9.87803e-16 0)
(-1.78044e-20 -9.87801e-16 0)
(-2.46127e-20 -9.878e-16 0)
(-3.11901e-20 -9.87797e-16 0)
(-3.7494e-20 -9.87794e-16 0)
(-4.34716e-20 -9.8779e-16 0)
(-4.90578e-20 -9.87786e-16 0)
(-5.41746e-20 -9.87781e-16 0)
(-5.87305e-20 -9.87775e-16 0)
(-6.26232e-20 -9.87769e-16 0)
(-6.57432e-20 -9.87763e-16 0)
(-6.79811e-20 -9.87756e-16 0)
(-6.92388e-20 -9.87749e-16 0)
(-6.94443e-20 -9.87741e-16 0)
(-6.85691e-20 -9.87734e-16 0)
(-6.66469e-20 -9.87728e-16 0)
(-6.37882e-20 -9.87722e-16 0)
(-6.01845e-20 -9.87716e-16 0)
(-5.60976e-20 -9.87712e-16 0)
(-5.18274e-20 -9.87709e-16 0)
(-4.76634e-20 -9.87707e-16 0)
(-4.38325e-20 -9.87706e-16 0)
(-4.04636e-20 -9.87706e-16 0)
(-3.75828e-20 -9.87705e-16 0)
(-3.51334e-20 -9.87705e-16 0)
(-3.30076e-20 -9.87705e-16 0)
(-3.10785e-20 -9.87705e-16 0)
(-2.92281e-20 -9.87704e-16 0)
(-2.73688e-20 -9.87704e-16 0)
(-2.54565e-20 -9.87703e-16 0)
(-2.34958e-20 -9.87703e-16 0)
(-2.15338e-20 -9.87703e-16 0)
(-1.96445e-20 -9.87703e-16 0)
(-1.79027e-20 -9.87703e-16 0)
(-1.63578e-20 -9.87704e-16 0)
(-1.5085e-20 -9.87704e-16 0)
(-2.06129e-11 -9.97256e-16 0)
(-3.01203e-07 -1.35278e-06 0)
(-1.09853e-07 -0.000450337 0)
(-3.1637e-21 -9.87794e-16 0)
(-9.41566e-21 -9.87793e-16 0)
(-1.54985e-20 -9.87792e-16 0)
(-2.13752e-20 -9.8779e-16 0)
(-2.70057e-20 -9.87788e-16 0)
(-3.23462e-20 -9.87785e-16 0)
(-3.73471e-20 -9.87782e-16 0)
(-4.19533e-20 -9.87778e-16 0)
(-4.61042e-20 -9.87774e-16 0)
(-4.97352e-20 -9.87769e-16 0)
(-5.27808e-20 -9.87764e-16 0)
(-5.51782e-20 -9.87759e-16 0)
(-5.68732e-20 -9.87753e-16 0)
(-5.78272e-20 -9.87747e-16 0)
(-5.8025e-20 -9.87742e-16 0)
(-5.74818e-20 -9.87736e-16 0)
(-5.62493e-20 -9.87731e-16 0)
(-5.44175e-20 -9.87727e-16 0)
(-5.21107e-20 -9.87723e-16 0)
(-4.94773e-20 -9.87719e-16 0)
(-4.66737e-20 -9.87717e-16 0)
(-4.38442e-20 -9.87715e-16 0)
(-4.11038e-20 -9.87713e-16 0)
(-3.85268e-20 -9.87712e-16 0)
(-3.61453e-20 -9.87711e-16 0)
(-3.39556e-20 -9.8771e-16 0)
(-3.19295e-20 -9.8771e-16 0)
(-3.00276e-20 -9.87709e-16 0)
(-2.82101e-20 -9.87709e-16 0)
(-2.64463e-20 -9.87708e-16 0)
(-2.47192e-20 -9.87708e-16 0)
(-2.30268e-20 -9.87707e-16 0)
(-2.13793e-20 -9.87707e-16 0)
(-1.97935e-20 -9.87707e-16 0)
(-1.82852e-20 -9.87707e-16 0)
(-1.68632e-20 -9.87707e-16 0)
(-1.55999e-20 -9.87708e-16 0)
(-2.26884e-11 -9.98123e-16 0)
(-3.0304e-07 -1.4449e-06 0)
(-1.12208e-07 -0.000453528 0)
(-2.74398e-21 -9.87785e-16 0)
(-8.16136e-21 -9.87785e-16 0)
(-1.34174e-20 -9.87783e-16 0)
(-1.84722e-20 -9.87782e-16 0)
(-2.32857e-20 -9.8778e-16 0)
(-2.78168e-20 -9.87777e-16 0)
(-3.20229e-20 -9.87775e-16 0)
(-3.58604e-20 -9.87771e-16 0)
(-3.92848e-20 -9.87768e-16 0)
(-4.22531e-20 -9.87764e-16 0)
(-4.47255e-20 -9.8776e-16 0)
(-4.66687e-20 -9.87755e-16 0)
(-4.8059e-20 -9.87751e-16 0)
(-4.88864e-20 -9.87746e-16 0)
(-4.91578e-20 -9.87742e-16 0)
(-4.88991e-20 -9.87738e-16 0)
(-4.81568e-20 -9.87734e-16 0)
(-4.6996e-20 -9.8773e-16 0)
(-4.54967e-20 -9.87727e-16 0)
(-4.37474e-20 -9.87724e-16 0)
(-4.18371e-20 -9.87722e-16 0)
(-3.98468e-20 -9.8772e-16 0)
(-3.78432e-20 -9.87718e-16 0)
(-3.58742e-20 -9.87717e-16 0)
(-3.39687e-20 -9.87715e-16 0)
(-3.21389e-20 -9.87715e-16 0)
(-3.03846e-20 -9.87714e-16 0)
(-2.86983e-20 -9.87713e-16 0)
(-2.70701e-20 -9.87713e-16 0)
(-2.5491e-20 -9.87712e-16 0)
(-2.39554e-20 -9.87712e-16 0)
(-2.24612e-20 -9.87711e-16 0)
(-2.10098e-20 -9.87711e-16 0)
(-1.96041e-20 -9.87711e-16 0)
(-1.82463e-20 -9.87711e-16 0)
(-1.69371e-20 -9.87711e-16 0)
(-1.57579e-20 -9.87711e-16 0)
(-2.52641e-11 -9.99291e-16 0)
(-3.04164e-07 -1.56236e-06 0)
(-1.13733e-07 -0.000456712 0)
(-2.37192e-21 -9.87778e-16 0)
(-7.05155e-21 -9.87777e-16 0)
(-1.15828e-20 -9.87776e-16 0)
(-1.59266e-20 -9.87775e-16 0)
(-2.00459e-20 -9.87773e-16 0)
(-2.39045e-20 -9.87771e-16 0)
(-2.74674e-20 -9.87769e-16 0)
(-3.0701e-20 -9.87766e-16 0)
(-3.35738e-20 -9.87763e-16 0)
(-3.60577e-20 -9.8776e-16 0)
(-3.81298e-20 -9.87756e-16 0)
(-3.97735e-20 -9.87753e-16 0)
(-4.0981e-20 -9.87749e-16 0)
(-4.17545e-20 -9.87745e-16 0)
(-4.21078e-20 -9.87742e-16 0)
(-4.20661e-20 -9.87739e-16 0)
(-4.16662e-20 -9.87735e-16 0)
(-4.09541e-20 -9.87732e-16 0)
(-3.99827e-20 -9.8773e-16 0)
(-3.88078e-20 -9.87727e-16 0)
(-3.74842e-20 -9.87725e-16 0)
(-3.60621e-20 -9.87723e-16 0)
(-3.4584e-20 -9.87722e-16 0)
(-3.30834e-20 -9.8772e-16 0)
(-3.15839e-20 -9.87719e-16 0)
(-3.01009e-20 -9.87718e-16 0)
(-2.86429e-20 -9.87717e-16 0)
(-2.72137e-20 -9.87717e-16 0)
(-2.58141e-20 -9.87716e-16 0)
(-2.4444e-20 -9.87716e-16 0)
(-2.3103e-20 -9.87715e-16 0)
(-2.17911e-20 -9.87715e-16 0)
(-2.05088e-20 -9.87715e-16 0)
(-1.92563e-20 -9.87714e-16 0)
(-1.80336e-20 -9.87714e-16 0)
(-1.684e-20 -9.87714e-16 0)
(-1.5767e-20 -9.87714e-16 0)
(-2.82153e-11 -1.00066e-15 0)
(-3.04534e-07 -1.70011e-06 0)
(-1.14443e-07 -0.000459886 0)
(-2.04787e-21 -9.87771e-16 0)
(-6.08642e-21 -9.87771e-16 0)
(-9.99194e-21 -9.8777e-16 0)
(-1.37286e-20 -9.87769e-16 0)
(-1.72634e-20 -9.87767e-16 0)
(-2.05656e-20 -9.87766e-16 0)
(-2.36071e-20 -9.87764e-16 0)
(-2.63624e-20 -9.87761e-16 0)
(-2.88093e-20 -9.87759e-16 0)
(-3.093e-20 -9.87756e-16 0)
(-3.27112e-20 -9.87753e-16 0)
(-3.41458e-20 -9.8775e-16 0)
(-3.52334e-20 -9.87747e-16 0)
(-3.59808e-20 -9.87744e-16 0)
(-3.64024e-20 -9.87742e-16 0)
(-3.65196e-20 -9.87739e-16 0)
(-3.63604e-20 -9.87736e-16 0)
(-3.59576e-20 -9.87734e-16 0)
(-3.53473e-20 -9.87731e-16 0)
(-3.45665e-20 -9.87729e-16 0)
(-3.36515e-20 -9.87728e-16 0)
(-3.26355e-20 -9.87726e-16 0)
(-3.15476e-20 -9.87724e-16 0)
(-3.0412e-20 -9.87723e-16 0)
(-2.92475e-20 -9.87722e-16 0)
(-2.80685e-20 -9.87721e-16 0)
(-2.68851e-20 -9.8772e-16 0)
(-2.57043e-20 -9.8772e-16 0)
(-2.45307e-20 -9.87719e-16 0)
(-2.33675e-20 -9.87719e-16 0)
(-2.22169e-20 -9.87718e-16 0)
(-2.10807e-20 -9.87718e-16 0)
(-1.99599e-20 -9.87718e-16 0)
(-1.88556e-20 -9.87718e-16 0)
(-1.77683e-20 -9.87717e-16 0)
(-1.66984e-20 -9.87717e-16 0)
(-1.57505e-20 -9.87717e-16 0)
(-3.17621e-11 -1.00238e-15 0)
(-3.04113e-07 -1.86493e-06 0)
(-1.14287e-07 -0.000463045 0)
(-1.76908e-21 -9.87766e-16 0)
(-5.25701e-21 -9.87765e-16 0)
(-8.62786e-21 -9.87765e-16 0)
(-1.18499e-20 -9.87764e-16 0)
(-1.48947e-20 -9.87762e-16 0)
(-1.77367e-20 -9.87761e-16 0)
(-2.03534e-20 -9.87759e-16 0)
(-2.27256e-20 -9.87757e-16 0)
(-2.48376e-20 -9.87755e-16 0)
(-2.66779e-20 -9.87753e-16 0)
(-2.82392e-20 -9.8775e-16 0)
(-2.95193e-20 -9.87748e-16 0)
(-3.05207e-20 -9.87746e-16 0)
(-3.12514e-20 -9.87743e-16 0)
(-3.17242e-20 -9.87741e-16 0)
(-3.19565e-20 -9.87739e-16 0)
(-3.19693e-20 -9.87737e-16 0)
(-3.17866e-20 -9.87734e-16 0)
(-3.14336e-20 -9.87733e-16 0)
(-3.09362e-20 -9.87731e-16 0)
(-3.03194e-20 -9.87729e-16 0)
(-2.96065e-20 -9.87728e-16 0)
(-2.88183e-20 -9.87727e-16 0)
(-2.79724e-20 -9.87725e-16 0)
(-2.70839e-20 -9.87724e-16 0)
(-2.61647e-20 -9.87724e-16 0)
(-2.5224e-20 -9.87723e-16 0)
(-2.42691e-20 -9.87722e-16 0)
(-2.33055e-20 -9.87722e-16 0)
(-2.23372e-20 -9.87721e-16 0)
(-2.13674e-20 -9.87721e-16 0)
(-2.03985e-20 -9.87721e-16 0)
(-1.94326e-20 -9.8772e-16 0)
(-1.84713e-20 -9.8772e-16 0)
(-1.75159e-20 -9.8772e-16 0)
(-1.65679e-20 -9.8772e-16 0)
(-1.57488e-20 -9.8772e-16 0)
(-3.62961e-11 -1.00458e-15 0)
(-3.02947e-07 -2.06399e-06 0)
(-1.13293e-07 -0.000466186 0)
(-1.53109e-21 -9.87761e-16 0)
(-4.54963e-21 -9.87761e-16 0)
(-7.46639e-21 -9.8776e-16 0)
(-1.02541e-20 -9.87759e-16 0)
(-1.28885e-20 -9.87758e-16 0)
(-1.53488e-20 -9.87757e-16 0)
(-1.7617e-20 -9.87755e-16 0)
(-1.96785e-20 -9.87754e-16 0)
(-2.15222e-20 -9.87752e-16 0)
(-2.31405e-20 -9.8775e-16 0)
(-2.45296e-20 -9.87748e-16 0)
(-2.56894e-20 -9.87746e-16 0)
(-2.66237e-20 -9.87744e-16 0)
(-2.73401e-20 -9.87742e-16 0)
(-2.78494e-20 -9.8774e-16 0)
(-2.81652e-20 -9.87738e-16 0)
(-2.83037e-20 -9.87737e-16 0)
(-2.82825e-20 -9.87735e-16 0)
(-2.81201e-20 -9.87733e-16 0)
(-2.78349e-20 -9.87732e-16 0)
(-2.74451e-20 -9.8773e-16 0)
(-2.69673e-20 -9.87729e-16 0)
(-2.64168e-20 -9.87728e-16 0)
(-2.58069e-20 -9.87727e-16 0)
(-2.51491e-20 -9.87726e-16 0)
(-2.44528e-20 -9.87725e-16 0)
(-2.37259e-20 -9.87725e-16 0)
(-2.29744e-20 -9.87724e-16 0)
(-2.22032e-20 -9.87724e-16 0)
(-2.14162e-20 -9.87723e-16 0)
(-2.06163e-20 -9.87723e-16 0)
(-1.98059e-20 -9.87723e-16 0)
(-1.8987e-20 -9.87723e-16 0)
(-1.81612e-20 -9.87722e-16 0)
(-1.73304e-20 -9.87722e-16 0)
(-1.64963e-20 -9.87722e-16 0)
(-1.58004e-20 -9.87722e-16 0)
(-4.19727e-11 -1.00738e-15 0)
(-3.01124e-07 -2.30246e-06 0)
(-1.11483e-07 -0.000469305 0)
(-1.32884e-21 -9.87757e-16 0)
(-3.94882e-21 -9.87757e-16 0)
(-6.48107e-21 -9.87756e-16 0)
(-8.90246e-21 -9.87755e-16 0)
(-1.11929e-20 -9.87755e-16 0)
(-1.33352e-20 -9.87753e-16 0)
(-1.53151e-20 -9.87752e-16 0)
(-1.71217e-20 -9.87751e-16 0)
(-1.87466e-20 -9.87749e-16 0)
(-2.0185e-20 -9.87748e-16 0)
(-2.14349e-20 -9.87746e-16 0)
(-2.24973e-20 -9.87744e-16 0)
(-2.33763e-20 -9.87743e-16 0)
(-2.40784e-20 -9.87741e-16 0)
(-2.46125e-20 -9.87739e-16 0)
(-2.49897e-20 -9.87738e-16 0)
(-2.52222e-20 -9.87736e-16 0)
(-2.53233e-20 -9.87735e-16 0)
(-2.5307e-20 -9.87734e-16 0)
(-2.51869e-20 -9.87732e-16 0)
(-2.49763e-20 -9.87731e-16 0)
(-2.46877e-20 -9.8773e-16 0)
(-2.43325e-20 -9.87729e-16 0)
(-2.39207e-20 -9.87728e-16 0)
(-2.3461e-20 -9.87727e-16 0)
(-2.29606e-20 -9.87727e-16 0)
(-2.24254e-20 -9.87726e-16 0)
(-2.18602e-20 -9.87726e-16 0)
(-2.12685e-20 -9.87725e-16 0)
(-2.0653e-20 -9.87725e-16 0)
(-2.00156e-20 -9.87725e-16 0)
(-1.93577e-20 -9.87725e-16 0)
(-1.86804e-20 -9.87725e-16 0)
(-1.79846e-20 -9.87724e-16 0)
(-1.72712e-20 -9.87724e-16 0)
(-1.65417e-20 -9.87725e-16 0)
(-1.59638e-20 -9.87725e-16 0)
(-4.93907e-11 -1.01096e-15 0)
(-2.98768e-07 -2.59166e-06 0)
(-1.08832e-07 -0.000472401 0)
(-1.15721e-21 -9.87753e-16 0)
(-3.43917e-21 -9.87753e-16 0)
(-5.6459e-21 -9.87753e-16 0)
(-7.75809e-21 -9.87752e-16 0)
(-9.75909e-21 -9.87751e-16 0)
(-1.1635e-20 -9.8775e-16 0)
(-1.33746e-20 -9.87749e-16 0)
(-1.49692e-20 -9.87748e-16 0)
(-1.64129e-20 -9.87747e-16 0)
(-1.77024e-20 -9.87746e-16 0)
(-1.88369e-20 -9.87744e-16 0)
(-1.98178e-20 -9.87743e-16 0)
(-2.0649e-20 -9.87741e-16 0)
(-2.1336e-20 -9.8774e-16 0)
(-2.18864e-20 -9.87739e-16 0)
(-2.23088e-20 -9.87737e-16 0)
(-2.2613e-20 -9.87736e-16 0)
(-2.28094e-20 -9.87735e-16 0)
(-2.29086e-20 -9.87734e-16 0)
(-2.29211e-20 -9.87732e-16 0)
(-2.28572e-20 -9.87731e-16 0)
(-2.27263e-20 -9.87731e-16 0)
(-2.25371e-20 -9.8773e-16 0)
(-2.22973e-20 -9.87729e-16 0)
(-2.20135e-20 -9.87728e-16 0)
(-2.16911e-20 -9.87728e-16 0)
(-2.13342e-20 -9.87727e-16 0)
(-2.0946e-20 -9.87727e-16 0)
(-2.05285e-20 -9.87727e-16 0)
(-2.00828e-20 -9.87726e-16 0)
(-1.96088e-20 -9.87726e-16 0)
(-1.91062e-20 -9.87726e-16 0)
(-1.85737e-20 -9.87726e-16 0)
(-1.80101e-20 -9.87726e-16 0)
(-1.74144e-20 -9.87726e-16 0)
(-1.6786e-20 -9.87726e-16 0)
(-1.63278e-20 -9.87727e-16 0)
(-5.95547e-11 -1.01576e-15 0)
(-2.96035e-07 -2.95138e-06 0)
(-1.05252e-07 -0.000475475 0)
(-1.0114e-21 -9.8775e-16 0)
(-3.00633e-21 -9.8775e-16 0)
(-4.93694e-21 -9.8775e-16 0)
(-6.78724e-21 -9.87749e-16 0)
(-8.54362e-21 -9.87748e-16 0)
(-1.01948e-20 -9.87748e-16 0)
(-1.17319e-20 -9.87747e-16 0)
(-1.31483e-20 -9.87746e-16 0)
(-1.44395e-20 -9.87745e-16 0)
(-1.56035e-20 -9.87744e-16 0)
(-1.66399e-20 -9.87742e-16 0)
(-1.75506e-20 -9.87741e-16 0)
(-1.83389e-20 -9.8774e-16 0)
(-1.90098e-20 -9.87739e-16 0)
(-1.95694e-20 -9.87738e-16 0)
(-2.0025e-20 -9.87737e-16 0)
(-2.03845e-20 -9.87735e-16 0)
(-2.06562e-20 -9.87734e-16 0)
(-2.08487e-20 -9.87733e-16 0)
(-2.09704e-20 -9.87732e-16 0)
(-2.10294e-20 -9.87732e-16 0)
(-2.10335e-20 -9.87731e-16 0)
(-2.09896e-20 -9.8773e-16 0)
(-2.09038e-20 -9.87729e-16 0)
(-2.07814e-20 -9.87729e-16 0)
(-2.06265e-20 -9.87728e-16 0)
(-2.04422e-20 -9.87728e-16 0)
(-2.02304e-20 -9.87728e-16 0)
(-1.99916e-20 -9.87727e-16 0)
(-1.97251e-20 -9.87727e-16 0)
(-1.94289e-20 -9.87727e-16 0)
(-1.90996e-20 -9.87727e-16 0)
(-1.87326e-20 -9.87727e-16 0)
(-1.8322e-20 -9.87727e-16 0)
(-1.78612e-20 -9.87728e-16 0)
(-1.73431e-20 -9.87728e-16 0)
(-1.70179e-20 -9.87728e-16 0)
(-7.4367e-11 -1.0225e-15 0)
(-2.93139e-07 -3.40918e-06 0)
(-1.00608e-07 -0.000478528 0)
(-8.87145e-22 -9.87747e-16 0)
(-2.63749e-21 -9.87747e-16 0)
(-4.3329e-21 -9.87747e-16 0)
(-5.96026e-21 -9.87747e-16 0)
(-7.5085e-21 -9.87746e-16 0)
(-8.96855e-21 -9.87745e-16 0)
(-1.03334e-20 -9.87745e-16 0)
(-1.15978e-20 -9.87744e-16 0)
(-1.27587e-20 -9.87743e-16 0)
(-1.38146e-20 -9.87742e-16 0)
(-1.47658e-20 -9.87741e-16 0)
(-1.56141e-20 -9.8774e-16 0)
(-1.63625e-20 -9.87739e-16 0)
(-1.70154e-20 -9.87738e-16 0)
(-1.75783e-20 -9.87737e-16 0)
(-1.8057e-20 -9.87736e-16 0)
(-1.84584e-20 -9.87735e-16 0)
(-1.87895e-20 -9.87734e-16 0)
(-1.90575e-20 -9.87733e-16 0)
(-1.92695e-20 -9.87732e-16 0)
(-1.94326e-20 -9.87731e-16 0)
(-1.95533e-20 -9.87731e-16 0)
(-1.9638e-20 -9.8773e-16 0)
(-1.9692e-20 -9.87729e-16 0)
(-1.97202e-20 -9.87729e-16 0)
(-1.97264e-20 -9.87729e-16 0)
(-1.97136e-20 -9.87728e-16 0)
(-1.96834e-20 -9.87728e-16 0)
(-1.96362e-20 -9.87728e-16 0)
(-1.95705e-20 -9.87728e-16 0)
(-1.94834e-20 -9.87728e-16 0)
(-1.93693e-20 -9.87728e-16 0)
(-1.92202e-20 -9.87728e-16 0)
(-1.90252e-20 -9.87728e-16 0)
(-1.87697e-20 -9.87729e-16 0)
(-1.84357e-20 -9.87729e-16 0)
(-1.8349e-20 -9.8773e-16 0)
(-9.85817e-11 -1.03236e-15 0)
(-2.90166e-07 -4.02826e-06 0)
(-9.4401e-08 -0.00048157 0)
(-7.80696e-22 -9.87745e-16 0)
(-2.32151e-21 -9.87745e-16 0)
(-3.81539e-21 -9.87745e-16 0)
(-5.25167e-21 -9.87744e-16 0)
(-6.62136e-21 -9.87744e-16 0)
(-7.91723e-21 -9.87743e-16 0)
(-9.13369e-21 -9.87743e-16 0)
(-1.02669e-20 -9.87742e-16 0)
(-1.13144e-20 -9.87741e-16 0)
(-1.22754e-20 -9.8774e-16 0)
(-1.31505e-20 -9.87739e-16 0)
(-1.39415e-20 -9.87738e-16 0)
(-1.46513e-20 -9.87738e-16 0)
(-1.52837e-20 -9.87737e-16 0)
(-1.58435e-20 -9.87736e-16 0)
(-1.63361e-20 -9.87735e-16 0)
(-1.67672e-20 -9.87734e-16 0)
(-1.71432e-20 -9.87733e-16 0)
(-1.74704e-20 -9.87732e-16 0)
(-1.77553e-20 -9.87732e-16 0)
(-1.80044e-20 -9.87731e-16 0)
(-1.82239e-20 -9.8773e-16 0)
(-1.84201e-20 -9.8773e-16 0)
(-1.85986e-20 -9.87729e-16 0)
(-1.87647e-20 -9.87729e-16 0)
(-1.89232e-20 -9.87728e-16 0)
(-1.90782e-20 -9.87728e-16 0)
(-1.92332e-20 -9.87728e-16 0)
(-1.93902e-20 -9.87728e-16 0)
(-1.95502e-20 -9.87728e-16 0)
(-1.97124e-20 -9.87728e-16 0)
(-1.98736e-20 -9.87728e-16 0)
(-2.00274e-20 -9.87728e-16 0)
(-2.01634e-20 -9.87728e-16 0)
(-2.02654e-20 -9.87729e-16 0)
(-2.03098e-20 -9.8773e-16 0)
(-2.07808e-20 -9.87731e-16 0)
(-1.46185e-10 -1.04909e-15 0)
(-2.87013e-07 -4.97571e-06 0)
(-8.56901e-08 -0.00048461 0)
(-6.88873e-22 -9.87743e-16 0)
(-2.0489e-21 -9.87743e-16 0)
(-3.3688e-21 -9.87743e-16 0)
(-4.63991e-21 -9.87742e-16 0)
(-5.85498e-21 -9.87742e-16 0)
(-7.00824e-21 -9.87741e-16 0)
(-8.09531e-21 -9.87741e-16 0)
(-9.11322e-21 -9.8774e-16 0)
(-1.00603e-20 -9.87739e-16 0)
(-1.09362e-20 -9.87739e-16 0)
(-1.17416e-20 -9.87738e-16 0)
(-1.24782e-20 -9.87737e-16 0)
(-1.3149e-20 -9.87736e-16 0)
(-1.37573e-20 -9.87736e-16 0)
(-1.43074e-20 -9.87735e-16 0)
(-1.48041e-20 -9.87734e-16 0)
(-1.52528e-20 -9.87733e-16 0)
(-1.56591e-20 -9.87732e-16 0)
(-1.60288e-20 -9.87732e-16 0)
(-1.63682e-20 -9.87731e-16 0)
(-1.66836e-20 -9.8773e-16 0)
(-1.69812e-20 -9.8773e-16 0)
(-1.72675e-20 -9.87729e-16 0)
(-1.75489e-20 -9.87729e-16 0)
(-1.7832e-20 -9.87728e-16 0)
(-1.81232e-20 -9.87728e-16 0)
(-1.84291e-20 -9.87728e-16 0)
(-1.87562e-20 -9.87727e-16 0)
(-1.91112e-20 -9.87727e-16 0)
(-1.95005e-20 -9.87727e-16 0)
(-1.99305e-20 -9.87727e-16 0)
(-2.0407e-20 -9.87727e-16 0)
(-2.09349e-20 -9.87727e-16 0)
(-2.15178e-20 -9.87727e-16 0)
(-2.21562e-20 -9.87728e-16 0)
(-2.28461e-20 -9.87729e-16 0)
(-2.44522e-20 -9.8773e-16 0)
(-2.49786e-10 -1.08114e-15 0)
(-2.83742e-07 -6.54255e-06 0)
(-7.38597e-08 -0.000487664 0)
(-6.09011e-22 -9.87741e-16 0)
(-1.81175e-21 -9.87741e-16 0)
(-2.9801e-21 -9.87741e-16 0)
(-4.10705e-21 -9.8774e-16 0)
(-5.18678e-21 -9.8774e-16 0)
(-6.21466e-21 -9.8774e-16 0)
(-7.18728e-21 -9.87739e-16 0)
(-8.10238e-21 -9.87739e-16 0)
(-8.95881e-21 -9.87738e-16 0)
(-9.75647e-21 -9.87737e-16 0)
(-1.04962e-20 -9.87737e-16 0)
(-1.11798e-20 -9.87736e-16 0)
(-1.18097e-20 -9.87735e-16 0)
(-1.23893e-20 -9.87735e-16 0)
(-1.29223e-20 -9.87734e-16 0)
(-1.34131e-20 -9.87733e-16 0)
(-1.38665e-20 -9.87732e-16 0)
(-1.42877e-20 -9.87732e-16 0)
(-1.46822e-20 -9.87731e-16 0)
(-1.50558e-20 -9.8773e-16 0)
(-1.54147e-20 -9.8773e-16 0)
(-1.57651e-20 -9.87729e-16 0)
(-1.61137e-20 -9.87729e-16 0)
(-1.64676e-20 -9.87728e-16 0)
(-1.68342e-20 -9.87728e-16 0)
(-1.72215e-20 -9.87727e-16 0)
(-1.76383e-20 -9.87727e-16 0)
(-1.80944e-20 -9.87726e-16 0)
(-1.86008e-20 -9.87726e-16 0)
(-1.91703e-20 -9.87726e-16 0)
(-1.98176e-20 -9.87725e-16 0)
(-2.05607e-20 -9.87725e-16 0)
(-2.14209e-20 -9.87725e-16 0)
(-2.24245e-20 -9.87725e-16 0)
(-2.36044e-20 -9.87725e-16 0)
(-2.50016e-20 -9.87726e-16 0)
(-2.82705e-20 -9.87726e-16 0)
(-4.59477e-10 -1.14129e-15 0)
(-2.81727e-07 -8.96195e-06 0)
(-6.08654e-08 -0.000490753 0)
(-5.38914e-22 -9.87739e-16 0)
(-1.60352e-21 -9.87739e-16 0)
(-2.63859e-21 -9.87739e-16 0)
(-3.63842e-21 -9.87739e-16 0)
(-4.59831e-21 -9.87739e-16 0)
(-5.51457e-21 -9.87738e-16 0)
(-6.38451e-21 -9.87738e-16 0)
(-7.20642e-21 -9.87737e-16 0)
(-7.9795e-21 -9.87737e-16 0)
(-8.70385e-21 -9.87736e-16 0)
(-9.38037e-21 -9.87735e-16 0)
(-1.00107e-20 -9.87735e-16 0)
(-1.05972e-20 -9.87734e-16 0)
(-1.11427e-20 -9.87734e-16 0)
(-1.16506e-20 -9.87733e-16 0)
(-1.21249e-20 -9.87732e-16 0)
(-1.25699e-20 -9.87732e-16 0)
(-1.29903e-20 -9.87731e-16 0)
(-1.33909e-20 -9.8773e-16 0)
(-1.37772e-20 -9.8773e-16 0)
(-1.41547e-20 -9.87729e-16 0)
(-1.45293e-20 -9.87728e-16 0)
(-1.49074e-20 -9.87728e-16 0)
(-1.52957e-20 -9.87727e-16 0)
(-1.57017e-20 -9.87727e-16 0)
(-1.61333e-20 -9.87726e-16 0)
(-1.65997e-20 -9.87726e-16 0)
(-1.71113e-20 -9.87725e-16 0)
(-1.768e-20 -9.87725e-16 0)
(-1.83202e-20 -9.87724e-16 0)
(-1.90491e-20 -9.87724e-16 0)
(-1.98881e-20 -9.87723e-16 0)
(-2.08638e-20 -9.87723e-16 0)
(-2.20102e-20 -9.87722e-16 0)
(-2.33713e-20 -9.87722e-16 0)
(-2.50046e-20 -9.87721e-16 0)
(-2.97254e-20 -9.87721e-16 0)
(-7.57992e-10 -1.23554e-15 0)
(-2.85025e-07 -1.1938e-05 0)
(-5.37475e-08 -0.0004939 0)
(-4.76802e-22 -9.87738e-16 0)
(-1.41894e-21 -9.87738e-16 0)
(-2.33561e-21 -9.87738e-16 0)
(-3.22215e-21 -9.87737e-16 0)
(-4.07475e-21 -9.87737e-16 0)
(-4.89041e-21 -9.87737e-16 0)
(-5.66699e-21 -9.87736e-16 0)
(-6.40317e-21 -9.87736e-16 0)
(-7.0984e-21 -9.87735e-16 0)
(-7.75286e-21 -9.87735e-16 0)
(-8.3674e-21 -9.87734e-16 0)
(-8.94353e-21 -9.87734e-16 0)
(-9.48328e-21 -9.87733e-16 0)
(-9.98921e-21 -9.87733e-16 0)
(-1.04643e-20 -9.87732e-16 0)
(-1.09119e-20 -9.87731e-16 0)
(-1.13358e-20 -9.87731e-16 0)
(-1.174e-20 -9.8773e-16 0)
(-1.21287e-20 -9.87729e-16 0)
(-1.25065e-20 -9.87729e-16 0)
(-1.28781e-20 -9.87728e-16 0)
(-1.32485e-20 -9.87728e-16 0)
(-1.3623e-20 -9.87727e-16 0)
(-1.4007e-20 -9.87726e-16 0)
(-1.44066e-20 -9.87726e-16 0)
(-1.48279e-20 -9.87725e-16 0)
(-1.52778e-20 -9.87725e-16 0)
(-1.57638e-20 -9.87724e-16 0)
(-1.62944e-20 -9.87723e-16 0)
(-1.68789e-20 -9.87723e-16 0)
(-1.75279e-20 -9.87722e-16 0)
(-1.82539e-20 -9.87721e-16 0)
(-1.9071e-20 -9.8772e-16 0)
(-1.99955e-20 -9.87719e-16 0)
(-2.10463e-20 -9.87718e-16 0)
(-2.22448e-20 -9.87717e-16 0)
(-2.73553e-20 -9.87716e-16 0)
(-9.44169e-10 -1.34286e-15 0)
(-2.97267e-07 -1.45832e-05 0)
(-5.90432e-08 -0.000497138 0)
(-4.21261e-22 -9.87737e-16 0)
(-1.25381e-21 -9.87737e-16 0)
(-2.06431e-21 -9.87736e-16 0)
(-2.8489e-21 -9.87736e-16 0)
(-3.60442e-21 -9.87736e-16 0)
(-4.32841e-21 -9.87736e-16 0)
(-5.01913e-21 -9.87735e-16 0)
(-5.67549e-21 -9.87735e-16 0)
(-6.29707e-21 -9.87734e-16 0)
(-6.88408e-21 -9.87734e-16 0)
(-7.43727e-21 -9.87733e-16 0)
(-7.95791e-21 -9.87733e-16 0)
(-8.44775e-21 -9.87732e-16 0)
(-8.90893e-21 -9.87732e-16 0)
(-9.34397e-21 -9.87731e-16 0)
(-9.75568e-21 -9.87731e-16 0)
(-1.01471e-20 -9.8773e-16 0)
(-1.05216e-20 -9.87729e-16 0)
(-1.08826e-20 -9.87729e-16 0)
(-1.12336e-20 -9.87728e-16 0)
(-1.15784e-20 -9.87727e-16 0)
(-1.19205e-20 -9.87727e-16 0)
(-1.22639e-20 -9.87726e-16 0)
(-1.26121e-20 -9.87726e-16 0)
(-1.29688e-20 -9.87725e-16 0)
(-1.33376e-20 -9.87724e-16 0)
(-1.37218e-20 -9.87724e-16 0)
(-1.41244e-20 -9.87723e-16 0)
(-1.45481e-20 -9.87722e-16 0)
(-1.49949e-20 -9.87721e-16 0)
(-1.54659e-20 -9.8772e-16 0)
(-1.59608e-20 -9.8772e-16 0)
(-1.64772e-20 -9.87719e-16 0)
(-1.70098e-20 -9.87717e-16 0)
(-1.75486e-20 -9.87716e-16 0)
(-1.80772e-20 -9.87715e-16 0)
(-2.24494e-20 -9.87713e-16 0)
(-8.78428e-10 -1.42403e-15 0)
(-3.16945e-07 -1.61874e-05 0)
(-7.37446e-08 -0.000500501 0)
(-3.7119e-22 -9.87735e-16 0)
(-1.10487e-21 -9.87735e-16 0)
(-1.81936e-21 -9.87735e-16 0)
(-2.51142e-21 -9.87735e-16 0)
(-3.17834e-21 -9.87735e-16 0)
(-3.81806e-21 -9.87735e-16 0)
(-4.42907e-21 -9.87734e-16 0)
(-5.01046e-21 -9.87734e-16 0)
(-5.56184e-21 -9.87733e-16 0)
(-6.08334e-21 -9.87733e-16 0)
(-6.57557e-21 -9.87733e-16 0)
(-7.03956e-21 -9.87732e-16 0)
(-7.47671e-21 -9.87732e-16 0)
(-7.88878e-21 -9.87731e-16 0)
(-8.27778e-21 -9.8773e-16 0)
(-8.64598e-21 -9.8773e-16 0)
(-8.9958e-21 -9.87729e-16 0)
(-9.32983e-21 -9.87729e-16 0)
(-9.65069e-21 -9.87728e-16 0)
(-9.96103e-21 -9.87727e-16 0)
(-1.02635e-20 -9.87727e-16 0)
(-1.05605e-20 -9.87726e-16 0)
(-1.08544e-20 -9.87726e-16 0)
(-1.11472e-20 -9.87725e-16 0)
(-1.14404e-20 -9.87724e-16 0)
(-1.17352e-20 -9.87723e-16 0)
(-1.20319e-20 -9.87723e-16 0)
(-1.233e-20 -9.87722e-16 0)
(-1.26277e-20 -9.87721e-16 0)
(-1.29218e-20 -9.8772e-16 0)
(-1.32072e-20 -9.87719e-16 0)
(-1.34763e-20 -9.87719e-16 0)
(-1.37183e-20 -9.87718e-16 0)
(-1.39185e-20 -9.87716e-16 0)
(-1.40572e-20 -9.87715e-16 0)
(-1.41086e-20 -9.87714e-16 0)
(-1.73352e-20 -9.87713e-16 0)
(-6.87989e-10 -1.45683e-15 0)
(-3.40412e-07 -1.66967e-05 0)
(-9.00958e-08 -0.000504026 0)
(-3.25754e-22 -9.87734e-16 0)
(-9.69647e-22 -9.87734e-16 0)
(-1.59677e-21 -9.87734e-16 0)
(-2.20427e-21 -9.87734e-16 0)
(-2.78982e-21 -9.87734e-16 0)
(-3.35157e-21 -9.87734e-16 0)
(-3.88819e-21 -9.87733e-16 0)
(-4.3988e-21 -9.87733e-16 0)
(-4.88299e-21 -9.87733e-16 0)
(-5.3408e-21 -9.87732e-16 0)
(-5.77263e-21 -9.87732e-16 0)
(-6.17923e-21 -9.87731e-16 0)
(-6.5617e-21 -9.87731e-16 0)
(-6.92138e-21 -9.8773e-16 0)
(-7.25983e-21 -9.8773e-16 0)
(-7.57882e-21 -9.87729e-16 0)
(-7.88022e-21 -9.87729e-16 0)
(-8.16598e-21 -9.87728e-16 0)
(-8.43808e-21 -9.87728e-16 0)
(-8.69845e-21 -9.87727e-16 0)
(-8.94889e-21 -9.87726e-16 0)
(-9.19103e-21 -9.87726e-16 0)
(-9.4262e-21 -9.87725e-16 0)
(-9.65532e-21 -9.87724e-16 0)
(-9.87883e-21 -9.87724e-16 0)
(-1.00965e-20 -9.87723e-16 0)
(-1.03071e-20 -9.87722e-16 0)
(-1.05087e-20 -9.87721e-16 0)
(-1.0698e-20 -9.87721e-16 0)
(-1.08699e-20 -9.8772e-16 0)
(-1.10181e-20 -9.87719e-16 0)
(-1.1134e-20 -9.87718e-16 0)
(-1.12067e-20 -9.87717e-16 0)
(-1.12228e-20 -9.87716e-16 0)
(-1.11664e-20 -9.87715e-16 0)
(-1.10188e-20 -9.87714e-16 0)
(-1.32981e-20 -9.87713e-16 0)
(-5.12029e-10 -1.44516e-15 0)
(-3.66181e-07 -1.63969e-05 0)
(-1.03866e-07 -0.000507753 0)
(-2.8434e-22 -9.87734e-16 0)
(-8.46335e-22 -9.87734e-16 0)
(-1.39358e-21 -9.87733e-16 0)
(-1.92353e-21 -9.87733e-16 0)
(-2.43404e-21 -9.87733e-16 0)
(-2.92344e-21 -9.87733e-16 0)
(-3.39043e-21 -9.87733e-16 0)
(-3.83415e-21 -9.87732e-16 0)
(-4.25411e-21 -9.87732e-16 0)
(-4.65018e-21 -9.87732e-16 0)
(-5.02255e-21 -9.87731e-16 0)
(-5.37171e-21 -9.87731e-16 0)
(-5.69842e-21 -9.8773e-16 0)
(-6.00366e-21 -9.8773e-16 0)
(-6.28859e-21 -9.87729e-16 0)
(-6.55455e-21 -9.87729e-16 0)
(-6.80296e-21 -9.87728e-16 0)
(-7.03531e-21 -9.87728e-16 0)
(-7.25311e-21 -9.87727e-16 0)
(-7.45786e-21 -9.87726e-16 0)
(-7.65092e-21 -9.87726e-16 0)
(-7.83354e-21 -9.87725e-16 0)
(-8.00669e-21 -9.87725e-16 0)
(-8.17105e-21 -9.87724e-16 0)
(-8.32683e-21 -9.87723e-16 0)
(-8.47375e-21 -9.87722e-16 0)
(-8.61084e-21 -9.87722e-16 0)
(-8.73635e-21 -9.87721e-16 0)
(-8.84761e-21 -9.8772e-16 0)
(-8.94092e-21 -9.8772e-16 0)
(-9.01141e-21 -9.87719e-16 0)
(-9.05305e-21 -9.87718e-16 0)
(-9.05855e-21 -9.87717e-16 0)
(-9.01956e-21 -9.87716e-16 0)
(-8.92681e-21 -9.87716e-16 0)
(-8.77048e-21 -9.87715e-16 0)
(-1.04249e-20 -9.87714e-16 0)
(-3.83668e-10 -1.40268e-15 0)
(-3.94789e-07 -1.55512e-05 0)
(-1.1448e-07 -0.00051173 0)
(-2.46512e-22 -9.87733e-16 0)
(-7.33655e-22 -9.87733e-16 0)
(-1.20776e-21 -9.87733e-16 0)
(-1.66645e-21 -9.87733e-16 0)
(-2.10774e-21 -9.87732e-16 0)
(-2.52998e-21 -9.87732e-16 0)
(-2.9319e-21 -9.87732e-16 0)
(-3.31257e-21 -9.87732e-16 0)
(-3.67138e-21 -9.87731e-16 0)
(-4.00801e-21 -9.87731e-16 0)
(-4.32244e-21 -9.87731e-16 0)
(-4.61489e-21 -9.8773e-16 0)
(-4.88578e-21 -9.8773e-16 0)
(-5.13577e-21 -9.87729e-16 0)
(-5.36565e-21 -9.87729e-16 0)
(-5.57639e-21 -9.87728e-16 0)
(-5.76907e-21 -9.87728e-16 0)
(-5.94483e-21 -9.87727e-16 0)
(-6.10492e-21 -9.87727e-16 0)
(-6.25059e-21 -9.87726e-16 0)
(-6.38313e-21 -9.87726e-16 0)
(-6.50376e-21 -9.87725e-16 0)
(-6.61364e-21 -9.87724e-16 0)
(-6.71381e-21 -9.87724e-16 0)
(-6.80511e-21 -9.87723e-16 0)
(-6.88817e-21 -9.87722e-16 0)
(-6.96326e-21 -9.87722e-16 0)
(-7.03026e-21 -9.87721e-16 0)
(-7.08859e-21 -9.8772e-16 0)
(-7.13707e-21 -9.87719e-16 0)
(-7.17394e-21 -9.87719e-16 0)
(-7.19674e-21 -9.87718e-16 0)
(-7.20241e-21 -9.87717e-16 0)
(-7.18729e-21 -9.87716e-16 0)
(-7.14736e-21 -9.87716e-16 0)
(-7.07846e-21 -9.87715e-16 0)
(-8.33612e-21 -9.87715e-16 0)
(-2.89742e-10 -1.34135e-15 0)
(-4.27623e-07 -1.43078e-05 0)
(-1.22653e-07 -0.000516015 0)
(-2.11977e-22 -9.87732e-16 0)
(-6.30749e-22 -9.87732e-16 0)
(-1.03794e-21 -9.87732e-16 0)
(-1.43127e-21 -9.87732e-16 0)
(-1.80881e-21 -9.87732e-16 0)
(-2.16893e-21 -9.87732e-16 0)
(-2.5103e-21 -9.87731e-16 0)
(-2.83191e-21 -9.87731e-16 0)
(-3.13298e-21 -9.87731e-16 0)
(-3.41302e-21 -9.8773e-16 0)
(-3.67173e-21 -9.8773e-16 0)
(-3.90907e-21 -9.8773e-16 0)
(-4.12516e-21 -9.87729e-16 0)
(-4.32029e-21 -9.87729e-16 0)
(-4.49494e-21 -9.87728e-16 0)
(-4.64972e-21 -9.87728e-16 0)
(-4.78536e-21 -9.87727e-16 0)
(-4.90276e-21 -9.87727e-16 0)
(-5.00294e-21 -9.87726e-16 0)
(-5.08702e-21 -9.87726e-16 0)
(-5.15631e-21 -9.87725e-16 0)
(-5.21222e-21 -9.87725e-16 0)
(-5.25633e-21 -9.87724e-16 0)
(-5.29036e-21 -9.87723e-16 0)
(-5.3162e-21 -9.87723e-16 0)
(-5.33587e-21 -9.87722e-16 0)
(-5.35154e-21 -9.87721e-16 0)
(-5.36544e-21 -9.87721e-16 0)
(-5.37982e-21 -9.8772e-16 0)
(-5.39687e-21 -9.87719e-16 0)
(-5.4186e-21 -9.87719e-16 0)
(-5.44666e-21 -9.87718e-16 0)
(-5.48224e-21 -9.87717e-16 0)
(-5.52586e-21 -9.87716e-16 0)
(-5.5773e-21 -9.87716e-16 0)
(-5.63552e-21 -9.87715e-16 0)
(-6.62689e-21 -9.87715e-16 0)
(-2.135e-10 -1.26931e-15 0)
(-4.6632e-07 -1.2722e-05 0)
(-1.29106e-07 -0.000520679 0)
(-1.80547e-22 -9.87732e-16 0)
(-5.37066e-22 -9.87732e-16 0)
(-8.83254e-22 -9.87731e-16 0)
(-1.21689e-21 -9.87731e-16 0)
(-1.53605e-21 -9.87731e-16 0)
(-1.83908e-21 -9.87731e-16 0)
(-2.12457e-21 -9.87731e-16 0)
(-2.39139e-21 -9.87731e-16 0)
(-2.63861e-21 -9.8773e-16 0)
(-2.86551e-21 -9.8773e-16 0)
(-3.07155e-21 -9.8773e-16 0)
(-3.25638e-21 -9.87729e-16 0)
(-3.41981e-21 -9.87729e-16 0)
(-3.56177e-21 -9.87729e-16 0)
(-3.68238e-21 -9.87728e-16 0)
(-3.78185e-21 -9.87728e-16 0)
(-3.86056e-21 -9.87727e-16 0)
(-3.91906e-21 -9.87727e-16 0)
(-3.95807e-21 -9.87726e-16 0)
(-3.97849e-21 -9.87726e-16 0)
(-3.98153e-21 -9.87725e-16 0)
(-3.96865e-21 -9.87725e-16 0)
(-3.94172e-21 -9.87724e-16 0)
(-3.90302e-21 -9.87723e-16 0)
(-3.85538e-21 -9.87723e-16 0)
(-3.80223e-21 -9.87722e-16 0)
(-3.74766e-21 -9.87721e-16 0)
(-3.69649e-21 -9.87721e-16 0)
(-3.65428e-21 -9.8772e-16 0)
(-3.62724e-21 -9.87719e-16 0)
(-3.62209e-21 -9.87719e-16 0)
(-3.64581e-21 -9.87718e-16 0)
(-3.70514e-21 -9.87717e-16 0)
(-3.80609e-21 -9.87716e-16 0)
(-3.95317e-21 -9.87716e-16 0)
(-4.14867e-21 -9.87715e-16 0)
(-4.95086e-21 -9.87714e-16 0)
(-1.44596e-10 -1.19142e-15 0)
(-5.12444e-07 -1.07868e-05 0)
(-1.34097e-07 -0.000525809 0)
(-1.521e-22 -9.87731e-16 0)
(-4.52265e-22 -9.87731e-16 0)
(-7.43195e-22 -9.87731e-16 0)
(-1.0227e-21 -9.87731e-16 0)
(-1.28883e-21 -9.87731e-16 0)
(-1.5399e-21 -9.87731e-16 0)
(-1.77443e-21 -9.8773e-16 0)
(-1.99113e-21 -9.8773e-16 0)
(-2.18892e-21 -9.8773e-16 0)
(-2.36687e-21 -9.8773e-16 0)
(-2.52417e-21 -9.87729e-16 0)
(-2.66018e-21 -9.87729e-16 0)
(-2.77436e-21 -9.87729e-16 0)
(-2.86628e-21 -9.87728e-16 0)
(-2.9356e-21 -9.87728e-16 0)
(-2.98212e-21 -9.87728e-16 0)
(-3.00573e-21 -9.87727e-16 0)
(-3.00647e-21 -9.87727e-16 0)
(-2.98454e-21 -9.87726e-16 0)
(-2.94036e-21 -9.87726e-16 0)
(-2.87463e-21 -9.87725e-16 0)
(-2.78843e-21 -9.87725e-16 0)
(-2.6833e-21 -9.87724e-16 0)
(-2.56143e-21 -9.87724e-16 0)
(-2.42581e-21 -9.87723e-16 0)
(-2.28043e-21 -9.87722e-16 0)
(-2.13057e-21 -9.87722e-16 0)
(-1.98299e-21 -9.87721e-16 0)
(-1.84624e-21 -9.8772e-16 0)
(-1.73083e-21 -9.87719e-16 0)
(-1.64933e-21 -9.87719e-16 0)
(-1.61628e-21 -9.87718e-16 0)
(-1.64771e-21 -9.87717e-16 0)
(-1.76022e-21 -9.87716e-16 0)
(-1.96939e-21 -9.87715e-16 0)
(-2.2874e-21 -9.87714e-16 0)
(-2.96593e-21 -9.87713e-16 0)
(-7.96426e-11 -1.1124e-15 0)
(-5.66973e-07 -8.45133e-06 0)
(-1.37539e-07 -0.000531507 0)
(-1.26556e-22 -9.87731e-16 0)
(-3.76118e-22 -9.87731e-16 0)
(-6.17427e-22 -9.87731e-16 0)
(-8.48311e-22 -9.87731e-16 0)
(-1.06682e-21 -9.8773e-16 0)
(-1.27123e-21 -9.8773e-16 0)
(-1.45997e-21 -9.8773e-16 0)
(-1.63165e-21 -9.8773e-16 0)
(-1.78503e-21 -9.8773e-16 0)
(-1.91897e-21 -9.87729e-16 0)
(-2.03244e-21 -9.87729e-16 0)
(-2.12448e-21 -9.87729e-16 0)
(-2.19423e-21 -9.87729e-16 0)
(-2.24085e-21 -9.87728e-16 0)
(-2.26357e-21 -9.87728e-16 0)
(-2.26164e-21 -9.87728e-16 0)
(-2.23438e-21 -9.87727e-16 0)
(-2.18113e-21 -9.87727e-16 0)
(-2.10134e-21 -9.87726e-16 0)
(-1.99452e-21 -9.87726e-16 0)
(-1.8604e-21 -9.87726e-16 0)
(-1.6989e-21 -9.87725e-16 0)
(-1.51032e-21 -9.87725e-16 0)
(-1.2955e-21 -9.87724e-16 0)
(-1.056e-21 -9.87723e-16 0)
(-7.94458e-22 -9.87723e-16 0)
(-5.1501e-22 -9.87722e-16 0)
(-2.23824e-22 -9.87722e-16 0)
(7.01746e-23 -9.87721e-16 0)
(3.54422e-22 -9.8772e-16 0)
(6.11688e-22 -9.87719e-16 0)
(8.18981e-22 -9.87718e-16 0)
(9.46566e-22 -9.87717e-16 0)
(9.57475e-22 -9.87716e-16 0)
(8.08124e-22 -9.87714e-16 0)
(4.51032e-22 -9.87713e-16 0)
(-1.82076e-22 -9.87712e-16 0)
(-2.27894e-11 -1.04349e-15 0)
(-6.25981e-07 -5.63772e-06 0)
(-1.3875e-07 -0.000537857 0)
(-1.03845e-22 -9.8773e-16 0)
(-3.08424e-22 -9.8773e-16 0)
(-5.05658e-22 -9.8773e-16 0)
(-6.93409e-22 -9.8773e-16 0)
(-8.69745e-22 -9.8773e-16 0)
(-1.03291e-21 -9.8773e-16 0)
(-1.18131e-21 -9.8773e-16 0)
(-1.31346e-21 -9.8773e-16 0)
(-1.42798e-21 -9.87729e-16 0)
(-1.52359e-21 -9.87729e-16 0)
(-1.59905e-21 -9.87729e-16 0)
(-1.65316e-21 -9.87729e-16 0)
(-1.68473e-21 -9.87729e-16 0)
(-1.69258e-21 -9.87728e-16 0)
(-1.67549e-21 -9.87728e-16 0)
(-1.63221e-21 -9.87728e-16 0)
(-1.56141e-21 -9.87727e-16 0)
(-1.46169e-21 -9.87727e-16 0)
(-1.33157e-21 -9.87727e-16 0)
(-1.16943e-21 -9.87726e-16 0)
(-9.73581e-22 -9.87726e-16 0)
(-7.4219e-22 -9.87726e-16 0)
(-4.7336e-22 -9.87725e-16 0)
(-1.65161e-22 -9.87725e-16 0)
(1.84262e-22 -9.87724e-16 0)
(5.76495e-22 -9.87724e-16 0)
(1.01253e-21 -9.87723e-16 0)
(1.49221e-21 -9.87722e-16 0)
(2.01337e-21 -9.87722e-16 0)
(2.57037e-21 -9.87721e-16 0)
(3.15196e-21 -9.8772e-16 0)
(3.73795e-21 -9.87719e-16 0)
(4.29437e-21 -9.87718e-16 0)
(4.76677e-21 -9.87716e-16 0)
(5.07141e-21 -9.87714e-16 0)
(5.08519e-21 -9.87712e-16 0)
(4.63684e-21 -9.8771e-16 0)
(3.54035e-21 -1.00515e-15 0)
(-6.40679e-07 -2.36517e-06 0)
(-1.31079e-07 -0.000544657 0)
(-8.38791e-23 -9.8773e-16 0)
(-2.48935e-22 -9.8773e-16 0)
(-4.07507e-22 -9.8773e-16 0)
(-5.57529e-22 -9.8773e-16 0)
(-6.9712e-22 -9.8773e-16 0)
(-8.24549e-22 -9.8773e-16 0)
(-9.38206e-22 -9.8773e-16 0)
(-1.03658e-21 -9.87729e-16 0)
(-1.11823e-21 -9.87729e-16 0)
(-1.18177e-21 -9.87729e-16 0)
(-1.22583e-21 -9.87729e-16 0)
(-1.24903e-21 -9.87729e-16 0)
(-1.24997e-21 -9.87729e-16 0)
(-1.2272e-21 -9.87728e-16 0)
(-1.17918e-21 -9.87728e-16 0)
(-1.10425e-21 -9.87728e-16 0)
(-1.0006e-21 -9.87728e-16 0)
(-8.66188e-22 -9.87727e-16 0)
(-6.9875e-22 -9.87727e-16 0)
(-4.95665e-22 -9.87727e-16 0)
(-2.53901e-22 -9.87726e-16 0)
(3.01085e-23 -9.87726e-16 0)
(3.60607e-22 -9.87726e-16 0)
(7.42699e-22 -9.87725e-16 0)
(1.18259e-21 -9.87725e-16 0)
(1.68786e-21 -9.87725e-16 0)
(2.26786e-21 -9.87724e-16 0)
(2.93408e-21 -9.87724e-16 0)
(3.70054e-21 -9.87723e-16 0)
(4.58408e-21 -9.87723e-16 0)
(5.60409e-21 -9.87722e-16 0)
(6.78119e-21 -9.87721e-16 0)
(8.13332e-21 -9.8772e-16 0)
(9.66661e-21 -9.87719e-16 0)
(1.1356e-20 -9.87717e-16 0)
(1.31054e-20 -9.87714e-16 0)
(1.46706e-20 -9.8771e-16 0)
(1.5581e-20 -9.92178e-16 0)
(-7.71035e-08 -3.1485e-07 0)
(-5.77216e-08 -0.000274055 0)
(-6.65354e-23 -9.8773e-16 0)
(-1.97292e-22 -9.8773e-16 0)
(-3.22403e-22 -9.8773e-16 0)
(-4.39926e-22 -9.8773e-16 0)
(-5.48076e-22 -9.8773e-16 0)
(-6.45198e-22 -9.8773e-16 0)
(-7.29734e-22 -9.87729e-16 0)
(-8.00201e-22 -9.87729e-16 0)
(-8.55165e-22 -9.87729e-16 0)
(-8.93217e-22 -9.87729e-16 0)
(-9.12947e-22 -9.87729e-16 0)
(-9.12921e-22 -9.87729e-16 0)
(-8.91654e-22 -9.87729e-16 0)
(-8.4758e-22 -9.87728e-16 0)
(-7.79022e-22 -9.87728e-16 0)
(-6.84151e-22 -9.87728e-16 0)
(-5.60942e-22 -9.87728e-16 0)
(-4.07115e-22 -9.87728e-16 0)
(-2.20065e-22 -9.87727e-16 0)
(3.23467e-24 -9.87727e-16 0)
(2.66359e-22 -9.87727e-16 0)
(5.73598e-22 -9.87727e-16 0)
(9.30192e-22 -9.87727e-16 0)
(1.34266e-21 -9.87726e-16 0)
(1.81927e-21 -9.87726e-16 0)
(2.37072e-21 -9.87726e-16 0)
(3.01117e-21 -9.87726e-16 0)
(3.75979e-21 -9.87726e-16 0)
(4.64324e-21 -9.87725e-16 0)
(5.6996e-21 -9.87725e-16 0)
(6.98481e-21 -9.87725e-16 0)
(8.58342e-21 -9.87725e-16 0)
(1.06268e-20 -9.87725e-16 0)
(1.3324e-20 -9.87725e-16 0)
(1.70161e-20 -9.87725e-16 0)
(2.22685e-20 -9.87725e-16 0)
(3.00333e-20 -9.87725e-16 0)
(4.1931e-20 -9.87726e-16 0)
(4.27329e-20 -9.87726e-16 0)
(-4.11626e-18 -9.87677e-16 0)
(-5.16393e-23 -9.8773e-16 0)
(-1.52975e-22 -9.8773e-16 0)
(-2.49504e-22 -9.8773e-16 0)
(-3.39458e-22 -9.8773e-16 0)
(-4.21205e-22 -9.8773e-16 0)
(-4.93222e-22 -9.87729e-16 0)
(-5.54066e-22 -9.87729e-16 0)
(-6.02352e-22 -9.87729e-16 0)
(-6.36729e-22 -9.87729e-16 0)
(-6.55858e-22 -9.87729e-16 0)
(-6.58393e-22 -9.87729e-16 0)
(-6.42959e-22 -9.87729e-16 0)
(-6.0813e-22 -9.87729e-16 0)
(-5.52409e-22 -9.87728e-16 0)
(-4.74197e-22 -9.87728e-16 0)
(-3.71769e-22 -9.87728e-16 0)
(-2.43244e-22 -9.87728e-16 0)
(-8.65366e-23 -9.87728e-16 0)
(1.00679e-22 -9.87728e-16 0)
(3.21037e-22 -9.87728e-16 0)
(5.77547e-22 -9.87728e-16 0)
(8.73686e-22 -9.87727e-16 0)
(1.21352e-21 -9.87727e-16 0)
(1.60182e-21 -9.87727e-16 0)
(2.04427e-21 -9.87727e-16 0)
(2.54761e-21 -9.87727e-16 0)
(3.11987e-21 -9.87727e-16 0)
(3.77052e-21 -9.87727e-16 0)
(4.51042e-21 -9.87728e-16 0)
(5.35151e-21 -9.87728e-16 0)
(6.30548e-21 -9.87728e-16 0)
(7.3808e-21 -9.87729e-16 0)
(8.57605e-21 -9.87729e-16 0)
(9.86633e-21 -9.87731e-16 0)
(1.11764e-20 -9.87732e-16 0)
(1.23291e-20 -9.87735e-16 0)
(1.29473e-20 -9.87738e-16 0)
(1.22731e-20 -9.87744e-16 0)
(8.83608e-21 -9.87752e-16 0)
(-1.05436e-18 -9.87758e-16 0)
(-3.89554e-23 -9.8773e-16 0)
(-1.15286e-22 -9.8773e-16 0)
(-1.87656e-22 -9.8773e-16 0)
(-2.54528e-22 -9.87729e-16 0)
(-3.14481e-22 -9.87729e-16 0)
(-3.66179e-22 -9.87729e-16 0)
(-4.08356e-22 -9.87729e-16 0)
(-4.39788e-22 -9.87729e-16 0)
(-4.59282e-22 -9.87729e-16 0)
(-4.6565e-22 -9.87729e-16 0)
(-4.57705e-22 -9.87729e-16 0)
(-4.34235e-22 -9.87729e-16 0)
(-3.93999e-22 -9.87729e-16 0)
(-3.35711e-22 -9.87729e-16 0)
(-2.5803e-22 -9.87729e-16 0)
(-1.59548e-22 -9.87728e-16 0)
(-3.87851e-23 -9.87728e-16 0)
(1.05816e-22 -9.87728e-16 0)
(2.75895e-22 -9.87728e-16 0)
(4.73168e-22 -9.87728e-16 0)
(6.99415e-22 -9.87728e-16 0)
(9.56451e-22 -9.87728e-16 0)
(1.24608e-21 -9.87728e-16 0)
(1.56999e-21 -9.87728e-16 0)
(1.92963e-21 -9.87728e-16 0)
(2.32594e-21 -9.87728e-16 0)
(2.75894e-21 -9.87729e-16 0)
(3.22716e-21 -9.87729e-16 0)
(3.7266e-21 -9.87729e-16 0)
(4.24932e-21 -9.87729e-16 0)
(4.7812e-21 -9.8773e-16 0)
(5.2989e-21 -9.87731e-16 0)
(5.76561e-21 -9.87732e-16 0)
(6.12573e-21 -9.87733e-16 0)
(6.29922e-21 -9.87734e-16 0)
(6.17748e-21 -9.87736e-16 0)
(5.62623e-21 -9.87737e-16 0)
(4.50659e-21 -9.87739e-16 0)
(2.73789e-21 -9.87741e-16 0)
(-3.93542e-19 -9.87742e-16 0)
(-2.8186e-23 -9.87729e-16 0)
(-8.33341e-23 -9.87729e-16 0)
(-1.35382e-22 -9.87729e-16 0)
(-1.83074e-22 -9.87729e-16 0)
(-2.25249e-22 -9.87729e-16 0)
(-2.60813e-22 -9.87729e-16 0)
(-2.88727e-22 -9.87729e-16 0)
(-3.07988e-22 -9.87729e-16 0)
(-3.17614e-22 -9.87729e-16 0)
(-3.16637e-22 -9.87729e-16 0)
(-3.04091e-22 -9.87729e-16 0)
(-2.79005e-22 -9.87729e-16 0)
(-2.40399e-22 -9.87729e-16 0)
(-1.87282e-22 -9.87729e-16 0)
(-1.18657e-22 -9.87729e-16 0)
(-3.35238e-23 -9.87729e-16 0)
(6.91018e-23 -9.87729e-16 0)
(1.9017e-22 -9.87729e-16 0)
(3.30563e-22 -9.87729e-16 0)
(4.91046e-22 -9.87729e-16 0)
(6.72201e-22 -9.87729e-16 0)
(8.74336e-22 -9.87729e-16 0)
(1.09736e-21 -9.87729e-16 0)
(1.34059e-21 -9.87729e-16 0)
(1.60256e-21 -9.87729e-16 0)
(1.8807e-21 -9.87729e-16 0)
(2.17092e-21 -9.87729e-16 0)
(2.46714e-21 -9.8773e-16 0)
(2.7607e-21 -9.8773e-16 0)
(3.03962e-21 -9.8773e-16 0)
(3.28789e-21 -9.87731e-16 0)
(3.48482e-21 -9.87732e-16 0)
(3.6047e-21 -9.87732e-16 0)
(3.61716e-21 -9.87733e-16 0)
(3.48894e-21 -9.87734e-16 0)
(3.18769e-21 -9.87735e-16 0)
(2.68889e-21 -9.87735e-16 0)
(1.98632e-21 -9.87736e-16 0)
(1.10495e-21 -9.87737e-16 0)
(-2.00502e-19 -9.87737e-16 0)
(-1.89742e-23 -9.87729e-16 0)
(-5.60509e-23 -9.87729e-16 0)
(-9.09013e-23 -9.87729e-16 0)
(-1.22597e-22 -9.87729e-16 0)
(-1.50276e-22 -9.87729e-16 0)
(-1.73129e-22 -9.87729e-16 0)
(-1.90385e-22 -9.87729e-16 0)
(-2.01301e-22 -9.87729e-16 0)
(-2.05154e-22 -9.87729e-16 0)
(-2.0123e-22 -9.87729e-16 0)
(-1.88828e-22 -9.87729e-16 0)
(-1.67251e-22 -9.87729e-16 0)
(-1.35808e-22 -9.87729e-16 0)
(-9.38254e-23 -9.87729e-16 0)
(-4.06482e-23 -9.87729e-16 0)
(2.43376e-23 -9.87729e-16 0)
(1.01685e-22 -9.87729e-16 0)
(1.91851e-22 -9.87729e-16 0)
(2.95157e-22 -9.87729e-16 0)
(4.11725e-22 -9.87729e-16 0)
(5.41409e-22 -9.87729e-16 0)
(6.83698e-22 -9.87729e-16 0)
(8.376e-22 -9.87729e-16 0)
(1.0015e-21 -9.87729e-16 0)
(1.17301e-21 -9.87729e-16 0)
(1.34877e-21 -9.8773e-16 0)
(1.52426e-21 -9.8773e-16 0)
(1.69359e-21 -9.8773e-16 0)
(1.8494e-21 -9.87731e-16 0)
(1.9827e-21 -9.87731e-16 0)
(2.08299e-21 -9.87731e-16 0)
(2.13853e-21 -9.87732e-16 0)
(2.13691e-21 -9.87732e-16 0)
(2.06612e-21 -9.87733e-16 0)
(1.91607e-21 -9.87733e-16 0)
(1.68058e-21 -9.87734e-16 0)
(1.35974e-21 -9.87734e-16 0)
(9.62037e-22 -9.87734e-16 0)
(5.05604e-22 -9.87735e-16 0)
(-1.14982e-19 -9.87735e-16 0)
(-1.09132e-23 -9.87729e-16 0)
(-3.22176e-23 -9.87729e-16 0)
(-5.21814e-23 -9.87729e-16 0)
(-7.02341e-23 -9.87729e-16 0)
(-8.58466e-23 -9.87729e-16 0)
(-9.85213e-23 -9.87729e-16 0)
(-1.07785e-22 -9.87729e-16 0)
(-1.13182e-22 -9.87729e-16 0)
(-1.1427e-22 -9.87729e-16 0)
(-1.10616e-22 -9.87729e-16 0)
(-1.01796e-22 -9.87729e-16 0)
(-8.73956e-23 -9.87729e-16 0)
(-6.70116e-23 -9.87729e-16 0)
(-4.02595e-23 -9.87729e-16 0)
(-6.78283e-24 -9.87729e-16 0)
(3.37326e-23 -9.87729e-16 0)
(8.15388e-23 -9.87729e-16 0)
(1.368e-22 -9.87729e-16 0)
(1.99556e-22 -9.87729e-16 0)
(2.69685e-22 -9.87729e-16 0)
(3.46845e-22 -9.87729e-16 0)
(4.30418e-22 -9.87729e-16 0)
(5.19435e-22 -9.87729e-16 0)
(6.12505e-22 -9.8773e-16 0)
(7.0773e-22 -9.8773e-16 0)
(8.02638e-22 -9.8773e-16 0)
(8.94122e-22 -9.8773e-16 0)
(9.78414e-22 -9.8773e-16 0)
(1.05111e-21 -9.87731e-16 0)
(1.10728e-21 -9.87731e-16 0)
(1.14162e-21 -9.87731e-16 0)
(1.14884e-21 -9.87732e-16 0)
(1.12402e-21 -9.87732e-16 0)
(1.06325e-21 -9.87733e-16 0)
(9.6423e-22 -9.87733e-16 0)
(8.26926e-22 -9.87733e-16 0)
(6.54119e-22 -9.87733e-16 0)
(4.51622e-22 -9.87734e-16 0)
(2.28072e-22 -9.87734e-16 0)
(-6.17453e-20 -9.87734e-16 0)
(-3.55839e-24 -9.87729e-16 0)
(-1.05014e-23 -9.87729e-16 0)
(-1.69966e-23 -9.87729e-16 0)
(-2.28518e-23 -9.87729e-16 0)
(-2.78884e-23 -9.87729e-16 0)
(-3.19388e-23 -9.87729e-16 0)
(-3.48434e-23 -9.87729e-16 0)
(-3.64488e-23 -9.87729e-16 0)
(-3.66063e-23 -9.87729e-16 0)
(-3.5171e-23 -9.87729e-16 0)
(-3.20016e-23 -9.87729e-16 0)
(-2.69607e-23 -9.87729e-16 0)
(-1.99167e-23 -9.87729e-16 0)
(-1.07457e-23 -9.87729e-16 0)
(6.63754e-25 -9.87729e-16 0)
(1.44059e-23 -9.87729e-16 0)
(3.05496e-23 -9.87729e-16 0)
(4.91286e-23 -9.87729e-16 0)
(7.01293e-23 -9.87729e-16 0)
(9.34751e-23 -9.87729e-16 0)
(1.19009e-22 -9.87729e-16 0)
(1.46471e-22 -9.87729e-16 0)
(1.75479e-22 -9.87729e-16 0)
(2.05505e-22 -9.8773e-16 0)
(2.35849e-22 -9.8773e-16 0)
(2.6563e-22 -9.8773e-16 0)
(2.93773e-22 -9.8773e-16 0)
(3.19019e-22 -9.87731e-16 0)
(3.39948e-22 -9.87731e-16 0)
(3.55031e-22 -9.87731e-16 0)
(3.62714e-22 -9.87731e-16 0)
(3.61526e-22 -9.87732e-16 0)
(3.50226e-22 -9.87732e-16 0)
(3.27957e-22 -9.87732e-16 0)
(2.9441e-22 -9.87733e-16 0)
(2.49955e-22 -9.87733e-16 0)
(1.95718e-22 -9.87733e-16 0)
(1.33568e-22 -9.87733e-16 0)
(6.59952e-23 -9.87733e-16 0)
(-1.9641e-20 -9.87733e-16 0)
(1.04302e-05 -6.06758e-05 0)
(4.5726e-05 -4.07918e-05 0)
(7.0197e-05 -2.84409e-05 0)
(8.85434e-05 -2.26597e-05 0)
(0.000104642 -2.14711e-05 0)
(0.000119177 -1.78151e-05 0)
(0.000125763 -1.64168e-07 0)
(0.000125645 -1.8293e-07 0)
(0.000125507 -2.16881e-07 0)
(0.000125349 -2.60316e-07 0)
(0.000125167 -3.17111e-07 0)
(0.000124955 -3.93126e-07 0)
(0.000124704 -4.97684e-07 0)
(0.000124404 -6.45902e-07 0)
(0.000124035 -8.64208e-07 0)
(0.000123573 -1.20285e-06 0)
(0.00012297 -1.7619e-06 0)
(0.00012214 -2.78015e-06 0)
(0.000120865 -4.97477e-06 0)
(0.000118221 -1.20507e-05 0)
(7.69013e-05 -0.000137714 0)
(1.87189e-05 -4.36992e-09 0)
(5.71563e-12 -9.85736e-13 0)
(7.30614e-16 -9.85881e-13 0)
(5.45253e-16 -9.85961e-13 0)
(4.2404e-16 -9.86007e-13 0)
(3.40472e-16 -9.86035e-13 0)
(2.79877e-16 -9.86051e-13 0)
(2.33862e-16 -9.86062e-13 0)
(1.97457e-16 -9.8607e-13 0)
(1.67608e-16 -9.86075e-13 0)
(1.4236e-16 -9.86078e-13 0)
(1.2042e-16 -9.86081e-13 0)
(1.00893e-16 -9.86083e-13 0)
(8.31406e-17 -9.86084e-13 0)
(6.66844e-17 -9.86085e-13 0)
(5.11522e-17 -9.86086e-13 0)
(3.62386e-17 -9.86087e-13 0)
(2.16791e-17 -9.86087e-13 0)
(7.22826e-18 -9.86087e-13 0)
(6.52297e-05 -0.00032959 0)
(0.000129025 -5.82739e-05 0)
(0.000110357 -2.83587e-05 0)
(9.13382e-05 -2.25627e-05 0)
(7.38455e-05 -2.13575e-05 0)
(4.64964e-05 -1.76819e-05 0)
(1.40032e-05 -8.39489e-09 0)
(6.52843e-11 -5.67744e-13 0)
(3.96257e-16 -5.9417e-13 0)
(2.86213e-16 -6.21132e-13 0)
(2.05644e-16 -6.48645e-13 0)
(1.43383e-16 -6.76733e-13 0)
(9.23095e-17 -7.05423e-13 0)
(4.76244e-17 -7.34747e-13 0)
(5.77541e-18 -7.64742e-13 0)
(-3.62879e-17 -7.95456e-13 0)
(-8.17671e-17 -8.26952e-13 0)
(-1.34766e-16 -8.59319e-13 0)
(-2.01345e-16 -8.92692e-13 0)
(-2.90307e-16 -9.27311e-13 0)
(-2.89206e-16 -9.63714e-13 0)
(-4.99816e-17 -9.85022e-13 0)
(2.07458e-16 -9.85335e-13 0)
(2.94826e-16 -9.85521e-13 0)
(3.06285e-16 -9.8564e-13 0)
(2.87938e-16 -9.85718e-13 0)
(2.5975e-16 -9.85769e-13 0)
(2.2999e-16 -9.85804e-13 0)
(2.01785e-16 -9.85828e-13 0)
(1.76069e-16 -9.85846e-13 0)
(1.52886e-16 -9.85858e-13 0)
(1.31956e-16 -9.85867e-13 0)
(1.12917e-16 -9.85874e-13 0)
(9.54109e-17 -9.85879e-13 0)
(7.91154e-17 -9.85883e-13 0)
(6.37491e-17 -9.85886e-13 0)
(4.9065e-17 -9.85889e-13 0)
(3.48419e-17 -9.8589e-13 0)
(2.08749e-17 -9.85891e-13 0)
(6.96524e-18 -9.85892e-13 0)
(5.65892e-06 -0.000547064 0)
(4.22934e-06 -2.57773e-05 0)
(2.4469e-09 -1.35726e-12 0)
(-5.00878e-17 -9.41065e-13 0)
(-1.06232e-16 -9.59343e-13 0)
(-1.47387e-16 -9.75074e-13 0)
(-8.48056e-17 -9.85394e-13 0)
(2.98386e-17 -9.85543e-13 0)
(8.40303e-17 -9.85631e-13 0)
(9.87182e-17 -9.85691e-13 0)
(9.30172e-17 -9.85732e-13 0)
(7.70654e-17 -9.8576e-13 0)
(5.61148e-17 -9.85777e-13 0)
(3.27973e-17 -9.85786e-13 0)
(8.39719e-18 -9.85788e-13 0)
(-1.63826e-17 -9.85784e-13 0)
(-4.08375e-17 -9.85772e-13 0)
(-6.35622e-17 -9.85751e-13 0)
(-8.11972e-17 -9.85717e-13 0)
(-8.57614e-17 -9.85664e-13 0)
(-5.88658e-17 -9.85582e-13 0)
(9.71923e-18 -9.85519e-13 0)
(8.86959e-17 -9.85542e-13 0)
(1.44308e-16 -9.85593e-13 0)
(1.74168e-16 -9.85647e-13 0)
(1.84698e-16 -9.85696e-13 0)
(1.82787e-16 -9.85736e-13 0)
(1.7363e-16 -9.85767e-13 0)
(1.60647e-16 -9.85792e-13 0)
(1.45914e-16 -9.85811e-13 0)
(1.30612e-16 -9.85826e-13 0)
(1.15368e-16 -9.85838e-13 0)
(1.0048e-16 -9.85847e-13 0)
(8.60554e-17 -9.85855e-13 0)
(7.20973e-17 -9.8586e-13 0)
(5.85497e-17 -9.85864e-13 0)
(4.53254e-17 -9.85868e-13 0)
(3.23193e-17 -9.8587e-13 0)
(1.94151e-17 -9.85872e-13 0)
(6.48664e-18 -9.85872e-13 0)
(4.71632e-07 -0.000556193 0)
(2.17173e-07 -1.58761e-05 0)
(-9.00297e-18 -1.26528e-12 0)
(-1.87294e-17 -9.85744e-13 0)
(-2.70064e-17 -9.85731e-13 0)
(-2.75533e-17 -9.85706e-13 0)
(-1.4378e-17 -9.85676e-13 0)
(7.03353e-18 -9.85673e-13 0)
(2.51535e-17 -9.85685e-13 0)
(3.60014e-17 -9.85701e-13 0)
(3.95887e-17 -9.85717e-13 0)
(3.72956e-17 -9.85731e-13 0)
(3.07571e-17 -9.85741e-13 0)
(2.14728e-17 -9.85747e-13 0)
(1.07542e-17 -9.85748e-13 0)
(-1.73144e-19 -9.85744e-13 0)
(-9.98313e-18 -9.85736e-13 0)
(-1.70114e-17 -9.85722e-13 0)
(-1.90051e-17 -9.85703e-13 0)
(-1.30292e-17 -9.8568e-13 0)
(3.87865e-18 -9.85655e-13 0)
(3.1478e-17 -9.85639e-13 0)
(6.33602e-17 -9.85641e-13 0)
(9.16404e-17 -9.85657e-13 0)
(1.12295e-16 -9.8568e-13 0)
(1.24608e-16 -9.85706e-13 0)
(1.29615e-16 -9.85731e-13 0)
(1.28943e-16 -9.85754e-13 0)
(1.2419e-16 -9.85774e-13 0)
(1.1668e-16 -9.85791e-13 0)
(1.07402e-16 -9.85805e-13 0)
(9.70556e-17 -9.85817e-13 0)
(8.6105e-17 -9.85826e-13 0)
(7.4844e-17 -9.85834e-13 0)
(6.34456e-17 -9.8584e-13 0)
(5.19988e-17 -9.85845e-13 0)
(4.05359e-17 -9.85849e-13 0)
(2.90504e-17 -9.85852e-13 0)
(1.7509e-17 -9.85854e-13 0)
(5.85938e-18 -9.85855e-13 0)
(3.17519e-07 -0.000556074 0)
(1.21785e-07 -1.49845e-05 0)
(1.25405e-11 -1.24071e-12 0)
(-2.97217e-18 -9.85727e-13 0)
(-3.86982e-18 -9.85723e-13 0)
(-2.47912e-18 -9.85716e-13 0)
(1.62164e-18 -9.85711e-13 0)
(7.53381e-18 -9.85708e-13 0)
(1.34976e-17 -9.8571e-13 0)
(1.81231e-17 -9.85714e-13 0)
(2.07063e-17 -9.85719e-13 0)
(2.11264e-17 -9.85725e-13 0)
(1.96575e-17 -9.85729e-13 0)
(1.68127e-17 -9.85731e-13 0)
(1.32488e-17 -9.85731e-13 0)
(9.72568e-18 -9.85729e-13 0)
(7.09934e-18 -9.85724e-13 0)
(6.32066e-18 -9.85717e-13 0)
(8.39549e-18 -9.85708e-13 0)
(1.42353e-17 -9.85699e-13 0)
(2.43045e-17 -9.8569e-13 0)
(3.80454e-17 -9.85686e-13 0)
(5.36097e-17 -9.85687e-13 0)
(6.86077e-17 -9.85694e-13 0)
(8.11385e-17 -9.85706e-13 0)
(9.01668e-17 -9.8572e-13 0)
(9.54311e-17 -9.85736e-13 0)
(9.71837e-17 -9.85751e-13 0)
(9.59371e-17 -9.85766e-13 0)
(9.22818e-17 -9.85779e-13 0)
(8.67776e-17 -9.85791e-13 0)
(7.99026e-17 -9.85802e-13 0)
(7.20377e-17 -9.8581e-13 0)
(6.34708e-17 -9.85818e-13 0)
(5.44097e-17 -9.85824e-13 0)
(4.49971e-17 -9.85829e-13 0)
(3.53251e-17 -9.85833e-13 0)
(2.54476e-17 -9.85836e-13 0)
(1.53902e-17 -9.85838e-13 0)
(5.15917e-18 -9.85839e-13 0)
(3.08568e-07 -0.000555832 0)
(1.16486e-07 -1.43897e-05 0)
(3.80264e-11 -1.21851e-12 0)
(2.49077e-18 -9.85725e-13 0)
(2.78813e-18 -9.85724e-13 0)
(4.00194e-18 -9.85722e-13 0)
(5.90125e-18 -9.85721e-13 0)
(8.28456e-18 -9.8572e-13 0)
(1.07777e-17 -9.8572e-13 0)
(1.29908e-17 -9.85721e-13 0)
(1.46376e-17 -9.85723e-13 0)
(1.5588e-17 -9.85725e-13 0)
(1.58734e-17 -9.85726e-13 0)
(1.56665e-17 -9.85727e-13 0)
(1.52535e-17 -9.85726e-13 0)
(1.50055e-17 -9.85725e-13 0)
(1.53499e-17 -9.85723e-13 0)
(1.67334e-17 -9.8572e-13 0)
(1.95674e-17 -9.85716e-13 0)
(2.41407e-17 -9.85713e-13 0)
(3.05021e-17 -9.8571e-13 0)
(3.83428e-17 -9.85709e-13 0)
(4.69797e-17 -9.85711e-13 0)
(5.55176e-17 -9.85716e-13 0)
(6.30985e-17 -9.85723e-13 0)
(6.90794e-17 -9.85732e-13 0)
(7.30963e-17 -9.85742e-13 0)
(7.5041e-17 -9.85752e-13 0)
(7.49957e-17 -9.85763e-13 0)
(7.31595e-17 -9.85773e-13 0)
(6.97861e-17 -9.85782e-13 0)
(6.51391e-17 -9.85791e-13 0)
(5.94638e-17 -9.85799e-13 0)
(5.29732e-17 -9.85805e-13 0)
(4.58433e-17 -9.85811e-13 0)
(3.8213e-17 -9.85815e-13 0)
(3.01891e-17 -9.85819e-13 0)
(2.18511e-17 -9.85822e-13 0)
(1.32572e-17 -9.85824e-13 0)
(4.45128e-18 -9.85825e-13 0)
(3.11134e-07 -0.000555615 0)
(1.19853e-07 -1.38401e-05 0)
(4.80373e-11 -1.19791e-12 0)
(4.34994e-18 -9.85727e-13 0)
(4.81411e-18 -9.85726e-13 0)
(5.88248e-18 -9.85726e-13 0)
(7.15451e-18 -9.85725e-13 0)
(8.57818e-18 -9.85725e-13 0)
(1.00588e-17 -9.85725e-13 0)
(1.14876e-17 -9.85725e-13 0)
(1.27739e-17 -9.85726e-13 0)
(1.38703e-17 -9.85726e-13 0)
(1.47861e-17 -9.85727e-13 0)
(1.5591e-17 -9.85727e-13 0)
(1.64095e-17 -9.85727e-13 0)
(1.74088e-17 -9.85726e-13 0)
(1.8781e-17 -9.85726e-13 0)
(2.07183e-17 -9.85724e-13 0)
(2.33814e-17 -9.85723e-13 0)
(2.68605e-17 -9.85722e-13 0)
(3.11341e-17 -9.85722e-13 0)
(3.60402e-17 -9.85723e-13 0)
(4.12784e-17 -9.85725e-13 0)
(4.64558e-17 -9.85728e-13 0)
(5.116e-17 -9.85733e-13 0)
(5.50297e-17 -9.85739e-13 0)
(5.77998e-17 -9.85746e-13 0)
(5.93172e-17 -9.85754e-13 0)
(5.95332e-17 -9.85762e-13 0)
(5.84822e-17 -9.85769e-13 0)
(5.62556e-17 -9.85777e-13 0)
(5.29779e-17 -9.85783e-13 0)
(4.87865e-17 -9.8579e-13 0)
(4.3818e-17 -9.85795e-13 0)
(3.81994e-17 -9.858e-13 0)
(3.20431e-17 -9.85804e-13 0)
(2.54463e-17 -9.85808e-13 0)
(1.84916e-17 -9.8581e-13 0)
(1.12494e-17 -9.85812e-13 0)
(3.7823e-18 -9.85813e-13 0)
(3.14681e-07 -0.000555443 0)
(1.23925e-07 -1.33078e-05 0)
(5.21501e-11 -1.17979e-12 0)
(5.01901e-18 -9.85729e-13 0)
(5.50084e-18 -9.85729e-13 0)
(6.48389e-18 -9.85729e-13 0)
(7.5422e-18 -9.85728e-13 0)
(8.66282e-18 -9.85728e-13 0)
(9.82154e-18 -9.85728e-13 0)
(1.09899e-17 -9.85729e-13 0)
(1.21442e-17 -9.85729e-13 0)
(1.32744e-17 -9.85729e-13 0)
(1.43909e-17 -9.85729e-13 0)
(1.5527e-17 -9.85729e-13 0)
(1.67386e-17 -9.85729e-13 0)
(1.80984e-17 -9.85729e-13 0)
(1.96881e-17 -9.85729e-13 0)
(2.15849e-17 -9.85729e-13 0)
(2.38467e-17 -9.85729e-13 0)
(2.64949e-17 -9.85729e-13 0)
(2.9499e-17 -9.8573e-13 0)
(3.27673e-17 -9.85731e-13 0)
(3.61487e-17 -9.85733e-13 0)
(3.94475e-17 -9.85736e-13 0)
(4.24495e-17 -9.8574e-13 0)
(4.49494e-17 -9.85745e-13 0)
(4.67751e-17 -9.8575e-13 0)
(4.7802e-17 -9.85755e-13 0)
(4.7958e-17 -9.85761e-13 0)
(4.72205e-17 -9.85767e-13 0)
(4.56079e-17 -9.85773e-13 0)
(4.31693e-17 -9.85778e-13 0)
(3.99738e-17 -9.85783e-13 0)
(3.61017e-17 -9.85788e-13 0)
(3.16368e-17 -9.85792e-13 0)
(2.66621e-17 -9.85795e-13 0)
(2.12566e-17 -9.85798e-13 0)
(1.54946e-17 -9.85801e-13 0)
(9.44622e-18 -9.85802e-13 0)
(3.1795e-18 -9.85803e-13 0)
(3.18287e-07 -0.000555314 0)
(1.27935e-07 -1.27876e-05 0)
(5.39738e-11 -1.16463e-12 0)
(5.3156e-18 -9.85731e-13 0)
(5.77136e-18 -9.85731e-13 0)
(6.68581e-18 -9.85731e-13 0)
(7.63922e-18 -9.85731e-13 0)
(8.62959e-18 -9.85731e-13 0)
(9.65216e-18 -9.85731e-13 0)
(1.07014e-17 -9.85731e-13 0)
(1.17736e-17 -9.85731e-13 0)
(1.28703e-17 -9.85732e-13 0)
(1.39999e-17 -9.85732e-13 0)
(1.51795e-17 -9.85732e-13 0)
(1.64343e-17 -9.85732e-13 0)
(1.77948e-17 -9.85732e-13 0)
(1.92933e-17 -9.85733e-13 0)
(2.09575e-17 -9.85733e-13 0)
(2.28035e-17 -9.85734e-13 0)
(2.48286e-17 -9.85734e-13 0)
(2.70047e-17 -9.85735e-13 0)
(2.92747e-17 -9.85737e-13 0)
(3.15533e-17 -9.85739e-13 0)
(3.37325e-17 -9.85741e-13 0)
(3.56918e-17 -9.85744e-13 0)
(3.731e-17 -9.85748e-13 0)
(3.84767e-17 -9.85752e-13 0)
(3.91024e-17 -9.85756e-13 0)
(3.91231e-17 -9.8576e-13 0)
(3.85027e-17 -9.85765e-13 0)
(3.72313e-17 -9.85769e-13 0)
(3.5322e-17 -9.85774e-13 0)
(3.28056e-17 -9.85778e-13 0)
(2.97265e-17 -9.85782e-13 0)
(2.61376e-17 -9.85785e-13 0)
(2.20969e-17 -9.85788e-13 0)
(1.76655e-17 -9.85791e-13 0)
(1.29053e-17 -9.85792e-13 0)
(7.87989e-18 -9.85794e-13 0)
(2.65442e-18 -9.85794e-13 0)
(3.21795e-07 -0.000555228 0)
(1.31787e-07 -1.22763e-05 0)
(5.46435e-11 -1.15106e-12 0)
(5.47504e-18 -9.85734e-13 0)
(5.88684e-18 -9.85733e-13 0)
(6.73145e-18 -9.85733e-13 0)
(7.60321e-18 -9.85733e-13 0)
(8.50293e-18 -9.85734e-13 0)
(9.43084e-18 -9.85734e-13 0)
(1.03873e-17 -9.85734e-13 0)
(1.13734e-17 -9.85734e-13 0)
(1.23921e-17 -9.85734e-13 0)
(1.34491e-17 -9.85734e-13 0)
(1.45524e-17 -9.85735e-13 0)
(1.57126e-17 -9.85735e-13 0)
(1.69414e-17 -9.85735e-13 0)
(1.82493e-17 -9.85736e-13 0)
(1.96433e-17 -9.85736e-13 0)
(2.11231e-17 -9.85737e-13 0)
(2.26781e-17 -9.85738e-13 0)
(2.42847e-17 -9.85739e-13 0)
(2.59044e-17 -9.85741e-13 0)
(2.74842e-17 -9.85743e-13 0)
(2.89593e-17 -9.85745e-13 0)
(3.02567e-17 -9.85747e-13 0)
(3.13011e-17 -9.8575e-13 0)
(3.20209e-17 -9.85753e-13 0)
(3.23533e-17 -9.85756e-13 0)
(3.22487e-17 -9.8576e-13 0)
(3.16726e-17 -9.85763e-13 0)
(3.0607e-17 -9.85767e-13 0)
(2.90495e-17 -9.8577e-13 0)
(2.70114e-17 -9.85774e-13 0)
(2.45162e-17 -9.85777e-13 0)
(2.15964e-17 -9.8578e-13 0)
(1.82921e-17 -9.85782e-13 0)
(1.46489e-17 -9.85784e-13 0)
(1.07169e-17 -9.85786e-13 0)
(6.55039e-18 -9.85787e-13 0)
(2.20775e-18 -9.85787e-13 0)
(3.25189e-07 -0.000555182 0)
(1.35449e-07 -1.17717e-05 0)
(5.45344e-11 -1.13854e-12 0)
(5.56323e-18 -9.85736e-13 0)
(5.9248e-18 -9.85736e-13 0)
(6.69403e-18 -9.85736e-13 0)
(7.48488e-18 -9.85736e-13 0)
(8.29844e-18 -9.85736e-13 0)
(9.13574e-18 -9.85736e-13 0)
(9.99789e-18 -9.85736e-13 0)
(1.08863e-17 -9.85736e-13 0)
(1.18031e-17 -9.85736e-13 0)
(1.27507e-17 -9.85737e-13 0)
(1.37324e-17 -9.85737e-13 0)
(1.47516e-17 -9.85738e-13 0)
(1.58112e-17 -9.85738e-13 0)
(1.69125e-17 -9.85739e-13 0)
(1.8054e-17 -9.85739e-13 0)
(1.92295e-17 -9.8574e-13 0)
(2.04269e-17 -9.85741e-13 0)
(2.16268e-17 -9.85742e-13 0)
(2.28018e-17 -9.85744e-13 0)
(2.39166e-17 -9.85745e-13 0)
(2.49292e-17 -9.85747e-13 0)
(2.57926e-17 -9.85749e-13 0)
(2.64579e-17 -9.85751e-13 0)
(2.68772e-17 -9.85754e-13 0)
(2.70066e-17 -9.85756e-13 0)
(2.68089e-17 -9.85759e-13 0)
(2.62559e-17 -9.85762e-13 0)
(2.53292e-17 -9.85765e-13 0)
(2.4021e-17 -9.85768e-13 0)
(2.23336e-17 -9.8577e-13 0)
(2.02787e-17 -9.85773e-13 0)
(1.78766e-17 -9.85775e-13 0)
(1.51548e-17 -9.85777e-13 0)
(1.21473e-17 -9.85779e-13 0)
(8.89387e-18 -9.8578e-13 0)
(5.43932e-18 -9.85781e-13 0)
(1.83385e-18 -9.85782e-13 0)
(3.28464e-07 -0.000555173 0)
(1.389e-07 -1.12716e-05 0)
(5.38058e-11 -1.12716e-12 0)
(5.60692e-18 -9.85738e-13 0)
(5.91315e-18 -9.85738e-13 0)
(6.60252e-18 -9.85738e-13 0)
(7.30957e-18 -9.85738e-13 0)
(8.03499e-18 -9.85738e-13 0)
(8.77944e-18 -9.85738e-13 0)
(9.54354e-18 -9.85738e-13 0)
(1.03279e-17 -9.85738e-13 0)
(1.11333e-17 -9.85739e-13 0)
(1.19601e-17 -9.85739e-13 0)
(1.28088e-17 -9.85739e-13 0)
(1.36793e-17 -9.8574e-13 0)
(1.45706e-17 -9.8574e-13 0)
(1.548e-17 -9.85741e-13 0)
(1.64029e-17 -9.85741e-13 0)
(1.73316e-17 -9.85742e-13 0)
(1.82547e-17 -9.85743e-13 0)
(1.91564e-17 -9.85744e-13 0)
(2.00164e-17 -9.85746e-13 0)
(2.081e-17 -9.85747e-13 0)
(2.15083e-17 -9.85749e-13 0)
(2.20797e-17 -9.8575e-13 0)
(2.24908e-17 -9.85752e-13 0)
(2.27086e-17 -9.85754e-13 0)
(2.27021e-17 -9.85756e-13 0)
(2.24439e-17 -9.85759e-13 0)
(2.19119e-17 -9.85761e-13 0)
(2.10904e-17 -9.85763e-13 0)
(1.99703e-17 -9.85765e-13 0)
(1.85503e-17 -9.85768e-13 0)
(1.68362e-17 -9.8577e-13 0)
(1.48406e-17 -9.85771e-13 0)
(1.25829e-17 -9.85773e-13 0)
(1.00886e-17 -9.85774e-13 0)
(7.3887e-18 -9.85776e-13 0)
(4.5199e-18 -9.85776e-13 0)
(1.52409e-18 -9.85777e-13 0)
(3.31676e-07 -0.000555199 0)
(1.42129e-07 -1.07741e-05 0)
(5.25619e-11 -1.1167e-12 0)
(5.61656e-18 -9.85739e-13 0)
(5.86653e-18 -9.85739e-13 0)
(6.47425e-18 -9.85739e-13 0)
(7.09627e-18 -9.85739e-13 0)
(7.73278e-18 -9.8574e-13 0)
(8.3839e-18 -9.8574e-13 0)
(9.04961e-18 -9.8574e-13 0)
(9.72973e-18 -9.8574e-13 0)
(1.04239e-17 -9.8574e-13 0)
(1.11314e-17 -9.85741e-13 0)
(1.18511e-17 -9.85741e-13 0)
(1.25812e-17 -9.85741e-13 0)
(1.3319e-17 -9.85742e-13 0)
(1.40605e-17 -9.85743e-13 0)
(1.48002e-17 -9.85743e-13 0)
(1.55305e-17 -9.85744e-13 0)
(1.62413e-17 -9.85745e-13 0)
(1.692e-17 -9.85746e-13 0)
(1.75511e-17 -9.85747e-13 0)
(1.81166e-17 -9.85748e-13 0)
(1.85959e-17 -9.8575e-13 0)
(1.89665e-17 -9.85751e-13 0)
(1.92051e-17 -9.85753e-13 0)
(1.92883e-17 -9.85754e-13 0)
(1.91937e-17 -9.85756e-13 0)
(1.89013e-17 -9.85758e-13 0)
(1.8394e-17 -9.8576e-13 0)
(1.76592e-17 -9.85762e-13 0)
(1.66887e-17 -9.85763e-13 0)
(1.54799e-17 -9.85765e-13 0)
(1.40356e-17 -9.85767e-13 0)
(1.23641e-17 -9.85768e-13 0)
(1.04793e-17 -9.8577e-13 0)
(8.40041e-18 -9.85771e-13 0)
(6.1519e-18 -9.85772e-13 0)
(3.76327e-18 -9.85772e-13 0)
(1.26896e-18 -9.85773e-13 0)
(3.34978e-07 -0.000555255 0)
(1.45142e-07 -1.02776e-05 0)
(5.08951e-11 -1.10711e-12 0)
(5.60167e-18 -9.85741e-13 0)
(5.79554e-18 -9.85741e-13 0)
(6.3224e-18 -9.85741e-13 0)
(6.86063e-18 -9.85741e-13 0)
(7.41002e-18 -9.85741e-13 0)
(7.97022e-18 -9.85741e-13 0)
(8.54074e-18 -9.85741e-13 0)
(9.12083e-18 -9.85742e-13 0)
(9.70946e-18 -9.85742e-13 0)
(1.03052e-17 -9.85742e-13 0)
(1.09063e-17 -9.85743e-13 0)
(1.15101e-17 -9.85743e-13 0)
(1.21133e-17 -9.85743e-13 0)
(1.27118e-17 -9.85744e-13 0)
(1.32999e-17 -9.85745e-13 0)
(1.38708e-17 -9.85745e-13 0)
(1.44161e-17 -9.85746e-13 0)
(1.49255e-17 -9.85747e-13 0)
(1.5387e-17 -9.85748e-13 0)
(1.57872e-17 -9.85749e-13 0)
(1.61106e-17 -9.8575e-13 0)
(1.63412e-17 -9.85752e-13 0)
(1.64619e-17 -9.85753e-13 0)
(1.64557e-17 -9.85754e-13 0)
(1.63064e-17 -9.85756e-13 0)
(1.59989e-17 -9.85757e-13 0)
(1.55205e-17 -9.85759e-13 0)
(1.48611e-17 -9.8576e-13 0)
(1.40142e-17 -9.85762e-13 0)
(1.29768e-17 -9.85763e-13 0)
(1.17505e-17 -9.85765e-13 0)
(1.03409e-17 -9.85766e-13 0)
(8.75819e-18 -9.85767e-13 0)
(7.01725e-18 -9.85768e-13 0)
(5.1373e-18 -9.85768e-13 0)
(3.14201e-18 -9.85769e-13 0)
(1.05938e-18 -9.85769e-13 0)
(3.38629e-07 -0.000555337 0)
(1.47954e-07 -9.78068e-06 0)
(4.88935e-11 -1.09807e-12 0)
(5.56858e-18 -9.85742e-13 0)
(5.70853e-18 -9.85742e-13 0)
(6.15724e-18 -9.85742e-13 0)
(6.61487e-18 -9.85742e-13 0)
(7.08096e-18 -9.85742e-13 0)
(7.55487e-18 -9.85742e-13 0)
(8.03578e-18 -9.85743e-13 0)
(8.52262e-18 -9.85743e-13 0)
(9.01401e-18 -9.85743e-13 0)
(9.50823e-18 -9.85743e-13 0)
(1.00031e-17 -9.85744e-13 0)
(1.04959e-17 -9.85744e-13 0)
(1.09833e-17 -9.85745e-13 0)
(1.14612e-17 -9.85745e-13 0)
(1.19246e-17 -9.85746e-13 0)
(1.23674e-17 -9.85746e-13 0)
(1.27825e-17 -9.85747e-13 0)
(1.31619e-17 -9.85748e-13 0)
(1.34959e-17 -9.85749e-13 0)
(1.37742e-17 -9.8575e-13 0)
(1.39854e-17 -9.85751e-13 0)
(1.41171e-17 -9.85752e-13 0)
(1.4157e-17 -9.85753e-13 0)
(1.40923e-17 -9.85754e-13 0)
(1.3911e-17 -9.85755e-13 0)
(1.36019e-17 -9.85757e-13 0)
(1.31553e-17 -9.85758e-13 0)
(1.25634e-17 -9.85759e-13 0)
(1.18211e-17 -9.8576e-13 0)
(1.09258e-17 -9.85761e-13 0)
(9.87832e-18 -9.85763e-13 0)
(8.68282e-18 -9.85764e-13 0)
(7.34706e-18 -9.85764e-13 0)
(5.88253e-18 -9.85765e-13 0)
(4.30446e-18 -9.85766e-13 0)
(2.63181e-18 -9.85766e-13 0)
(8.87222e-19 -9.85766e-13 0)
(3.4299e-07 -0.000555438 0)
(1.5058e-07 -9.28245e-06 0)
(4.66337e-11 -1.08944e-12 0)
(5.52208e-18 -9.85743e-13 0)
(5.61153e-18 -9.85743e-13 0)
(5.98594e-18 -9.85743e-13 0)
(6.36741e-18 -9.85743e-13 0)
(6.7553e-18 -9.85743e-13 0)
(7.14882e-18 -9.85744e-13 0)
(7.54696e-18 -9.85744e-13 0)
(7.94849e-18 -9.85744e-13 0)
(8.35192e-18 -9.85744e-13 0)
(8.75541e-18 -9.85745e-13 0)
(9.15675e-18 -9.85745e-13 0)
(9.55328e-18 -9.85745e-13 0)
(9.94184e-18 -9.85746e-13 0)
(1.03187e-17 -9.85746e-13 0)
(1.06794e-17 -9.85747e-13 0)
(1.10188e-17 -9.85747e-13 0)
(1.1331e-17 -9.85748e-13 0)
(1.16094e-17 -9.85749e-13 0)
(1.18465e-17 -9.85749e-13 0)
(1.2034e-17 -9.8575e-13 0)
(1.21633e-17 -9.85751e-13 0)
(1.2225e-17 -9.85752e-13 0)
(1.22096e-17 -9.85753e-13 0)
(1.21076e-17 -9.85754e-13 0)
(1.19099e-17 -9.85755e-13 0)
(1.1608e-17 -9.85756e-13 0)
(1.11947e-17 -9.85757e-13 0)
(1.06639e-17 -9.85758e-13 0)
(1.00116e-17 -9.85759e-13 0)
(9.23584e-18 -9.8576e-13 0)
(8.33707e-18 -9.85761e-13 0)
(7.31848e-18 -9.85762e-13 0)
(6.1861e-18 -9.85762e-13 0)
(4.94896e-18 -9.85763e-13 0)
(3.61917e-18 -9.85764e-13 0)
(2.21195e-18 -9.85764e-13 0)
(7.45538e-19 -9.85764e-13 0)
(3.48649e-07 -0.000555549 0)
(1.53026e-07 -8.78227e-06 0)
(4.41679e-11 -1.08116e-12 0)
(5.46504e-18 -9.85744e-13 0)
(5.50759e-18 -9.85744e-13 0)
(5.81224e-18 -9.85744e-13 0)
(6.12268e-18 -9.85744e-13 0)
(6.43817e-18 -9.85744e-13 0)
(6.75782e-18 -9.85744e-13 0)
(7.08054e-18 -9.85745e-13 0)
(7.40506e-18 -9.85745e-13 0)
(7.72985e-18 -9.85745e-13 0)
(8.05313e-18 -9.85745e-13 0)
(8.37278e-18 -9.85746e-13 0)
(8.68632e-18 -9.85746e-13 0)
(8.99089e-18 -9.85746e-13 0)
(9.28315e-18 -9.85747e-13 0)
(9.5593e-18 -9.85747e-13 0)
(9.81497e-18 -9.85748e-13 0)
(1.00453e-17 -9.85748e-13 0)
(1.02448e-17 -9.85749e-13 0)
(1.04075e-17 -9.8575e-13 0)
(1.05269e-17 -9.8575e-13 0)
(1.05962e-17 -9.85751e-13 0)
(1.06081e-17 -9.85752e-13 0)
(1.05554e-17 -9.85753e-13 0)
(1.04307e-17 -9.85754e-13 0)
(1.02272e-17 -9.85754e-13 0)
(9.93834e-18 -9.85755e-13 0)
(9.55852e-18 -9.85756e-13 0)
(9.08322e-18 -9.85757e-13 0)
(8.50928e-18 -9.85758e-13 0)
(7.8352e-18 -9.85759e-13 0)
(7.06137e-18 -9.85759e-13 0)
(6.19026e-18 -9.8576e-13 0)
(5.22666e-18 -9.85761e-13 0)
(4.17775e-18 -9.85761e-13 0)
(3.05322e-18 -9.85762e-13 0)
(1.86525e-18 -9.85762e-13 0)
(6.28546e-19 -9.85762e-13 0)
(3.56397e-07 -0.000555656 0)
(1.55261e-07 -8.27955e-06 0)
(4.15077e-11 -1.07303e-12 0)
(5.39585e-18 -9.85745e-13 0)
(5.39614e-18 -9.85745e-13 0)
(5.63622e-18 -9.85745e-13 0)
(5.88134e-18 -9.85745e-13 0)
(6.13067e-18 -9.85745e-13 0)
(6.38326e-18 -9.85745e-13 0)
(6.63801e-18 -9.85745e-13 0)
(6.89367e-18 -9.85746e-13 0)
(7.14877e-18 -9.85746e-13 0)
(7.40163e-18 -9.85746e-13 0)
(7.65033e-18 -9.85746e-13 0)
(7.89263e-18 -9.85747e-13 0)
(8.12599e-18 -9.85747e-13 0)
(8.34752e-18 -9.85747e-13 0)
(8.55394e-18 -9.85748e-13 0)
(8.7416e-18 -9.85748e-13 0)
(8.90643e-18 -9.85749e-13 0)
(9.04396e-18 -9.85749e-13 0)
(9.14935e-18 -9.8575e-13 0)
(9.21743e-18 -9.85751e-13 0)
(9.24272e-18 -9.85751e-13 0)
(9.2196e-18 -9.85752e-13 0)
(9.14234e-18 -9.85753e-13 0)
(9.0053e-18 -9.85753e-13 0)
(8.80309e-18 -9.85754e-13 0)
(8.53073e-18 -9.85755e-13 0)
(8.18388e-18 -9.85755e-13 0)
(7.75906e-18 -9.85756e-13 0)
(7.25385e-18 -9.85757e-13 0)
(6.6671e-18 -9.85758e-13 0)
(5.99917e-18 -9.85758e-13 0)
(5.25205e-18 -9.85759e-13 0)
(4.42957e-18 -9.85759e-13 0)
(3.53749e-18 -9.8576e-13 0)
(2.58358e-18 -9.8576e-13 0)
(1.57764e-18 -9.8576e-13 0)
(5.31509e-19 -9.8576e-13 0)
(3.66745e-07 -0.000555742 0)
(1.57151e-07 -7.77352e-06 0)
(3.86261e-11 -1.06527e-12 0)
(5.30889e-18 -9.85745e-13 0)
(5.27344e-18 -9.85745e-13 0)
(5.45507e-18 -9.85745e-13 0)
(5.64119e-18 -9.85746e-13 0)
(5.83093e-18 -9.85746e-13 0)
(6.02336e-18 -9.85746e-13 0)
(6.21742e-18 -9.85746e-13 0)
(6.41197e-18 -9.85746e-13 0)
(6.60567e-18 -9.85746e-13 0)
(6.79703e-18 -9.85747e-13 0)
(6.98433e-18 -9.85747e-13 0)
(7.16562e-18 -9.85747e-13 0)
(7.33869e-18 -9.85747e-13 0)
(7.50107e-18 -9.85748e-13 0)
(7.64997e-18 -9.85748e-13 0)
(7.78232e-18 -9.85749e-13 0)
(7.89474e-18 -9.85749e-13 0)
(7.98354e-18 -9.8575e-13 0)
(8.04477e-18 -9.8575e-13 0)
(8.07424e-18 -9.85751e-13 0)
(8.06756e-18 -9.85751e-13 0)
(8.02023e-18 -9.85752e-13 0)
(7.92772e-18 -9.85752e-13 0)
(7.78558e-18 -9.85753e-13 0)
(7.58957e-18 -9.85754e-13 0)
(7.33579e-18 -9.85754e-13 0)
(7.02087e-18 -9.85755e-13 0)
(6.64207e-18 -9.85755e-13 0)
(6.19755e-18 -9.85756e-13 0)
(5.68643e-18 -9.85757e-13 0)
(5.10903e-18 -9.85757e-13 0)
(4.46699e-18 -9.85758e-13 0)
(3.76339e-18 -9.85758e-13 0)
(3.00287e-18 -9.85758e-13 0)
(2.19169e-18 -9.85759e-13 0)
(1.33774e-18 -9.85759e-13 0)
(4.50587e-19 -9.85759e-13 0)
(3.788e-07 -0.000555784 0)
(1.58433e-07 -7.26339e-06 0)
(3.54992e-11 -1.05793e-12 0)
(5.19996e-18 -9.85746e-13 0)
(5.13527e-18 -9.85746e-13 0)
(5.26536e-18 -9.85746e-13 0)
(5.3991e-18 -9.85746e-13 0)
(5.53578e-18 -9.85746e-13 0)
(5.67463e-18 -9.85746e-13 0)
(5.81479e-18 -9.85746e-13 0)
(5.9553e-18 -9.85747e-13 0)
(6.09506e-18 -9.85747e-13 0)
(6.23278e-18 -9.85747e-13 0)
(6.36703e-18 -9.85747e-13 0)
(6.49614e-18 -9.85747e-13 0)
(6.61824e-18 -9.85748e-13 0)
(6.73123e-18 -9.85748e-13 0)
(6.83275e-18 -9.85748e-13 0)
(6.92022e-18 -9.85749e-13 0)
(6.99081e-18 -9.85749e-13 0)
(7.04145e-18 -9.8575e-13 0)
(7.06889e-18 -9.8575e-13 0)
(7.06968e-18 -9.85751e-13 0)
(7.04025e-18 -9.85751e-13 0)
(6.97695e-18 -9.85752e-13 0)
(6.87612e-18 -9.85752e-13 0)
(6.7342e-18 -9.85753e-13 0)
(6.5478e-18 -9.85753e-13 0)
(6.31381e-18 -9.85754e-13 0)
(6.02955e-18 -9.85754e-13 0)
(5.69288e-18 -9.85755e-13 0)
(5.30233e-18 -9.85755e-13 0)
(4.85724e-18 -9.85756e-13 0)
(4.3579e-18 -9.85756e-13 0)
(3.80563e-18 -9.85757e-13 0)
(3.20294e-18 -9.85757e-13 0)
(2.55358e-18 -9.85757e-13 0)
(1.8626e-18 -9.85758e-13 0)
(1.1364e-18 -9.85758e-13 0)
(3.82689e-19 -9.85758e-13 0)
(3.89386e-07 -0.000555774 0)
(1.58899e-07 -6.74934e-06 0)
(3.21991e-11 -1.05084e-12 0)
(5.06934e-18 -9.85746e-13 0)
(4.98196e-18 -9.85746e-13 0)
(5.06645e-18 -9.85746e-13 0)
(5.15336e-18 -9.85746e-13 0)
(5.2424e-18 -9.85746e-13 0)
(5.33316e-18 -9.85746e-13 0)
(5.42511e-18 -9.85747e-13 0)
(5.51757e-18 -9.85747e-13 0)
(5.60973e-18 -9.85747e-13 0)
(5.70058e-18 -9.85747e-13 0)
(5.78895e-18 -9.85747e-13 0)
(5.87347e-18 -9.85748e-13 0)
(5.95256e-18 -9.85748e-13 0)
(6.02445e-18 -9.85748e-13 0)
(6.08716e-18 -9.85749e-13 0)
(6.13848e-18 -9.85749e-13 0)
(6.17602e-18 -9.85749e-13 0)
(6.19721e-18 -9.8575e-13 0)
(6.1993e-18 -9.8575e-13 0)
(6.17941e-18 -9.85751e-13 0)
(6.13458e-18 -9.85751e-13 0)
(6.06179e-18 -9.85751e-13 0)
(5.95803e-18 -9.85752e-13 0)
(5.82038e-18 -9.85752e-13 0)
(5.64608e-18 -9.85753e-13 0)
(5.43261e-18 -9.85753e-13 0)
(5.17778e-18 -9.85754e-13 0)
(4.87988e-18 -9.85754e-13 0)
(4.53773e-18 -9.85755e-13 0)
(4.1508e-18 -9.85755e-13 0)
(3.71933e-18 -9.85755e-13 0)
(3.24441e-18 -9.85756e-13 0)
(2.72807e-18 -9.85756e-13 0)
(2.17336e-18 -9.85756e-13 0)
(1.58437e-18 -9.85757e-13 0)
(9.66272e-19 -9.85757e-13 0)
(3.25333e-19 -9.85757e-13 0)
(3.96098e-07 -0.000555716 0)
(1.58848e-07 -6.23331e-06 0)
(2.89309e-11 -1.04392e-12 0)
(4.92947e-18 -9.85746e-13 0)
(4.82024e-18 -9.85746e-13 0)
(4.8612e-18 -9.85746e-13 0)
(4.9038e-18 -9.85746e-13 0)
(4.94821e-18 -9.85747e-13 0)
(4.9944e-18 -9.85747e-13 0)
(5.04219e-18 -9.85747e-13 0)
(5.0912e-18 -9.85747e-13 0)
(5.14089e-18 -9.85747e-13 0)
(5.19051e-18 -9.85747e-13 0)
(5.23912e-18 -9.85748e-13 0)
(5.2856e-18 -9.85748e-13 0)
(5.32863e-18 -9.85748e-13 0)
(5.36667e-18 -9.85748e-13 0)
(5.39801e-18 -9.85749e-13 0)
(5.42075e-18 -9.85749e-13 0)
(5.43282e-18 -9.85749e-13 0)
(5.43199e-18 -9.8575e-13 0)
(5.4159e-18 -9.8575e-13 0)
(5.38207e-18 -9.8575e-13 0)
(5.32798e-18 -9.85751e-13 0)
(5.25107e-18 -9.85751e-13 0)
(5.1488e-18 -9.85752e-13 0)
(5.01871e-18 -9.85752e-13 0)
(4.85849e-18 -9.85752e-13 0)
(4.66605e-18 -9.85753e-13 0)
(4.43958e-18 -9.85753e-13 0)
(4.17766e-18 -9.85754e-13 0)
(3.87931e-18 -9.85754e-13 0)
(3.54409e-18 -9.85754e-13 0)
(3.1722e-18 -9.85755e-13 0)
(2.76452e-18 -9.85755e-13 0)
(2.3227e-18 -9.85755e-13 0)
(1.84921e-18 -9.85756e-13 0)
(1.3474e-18 -9.85756e-13 0)
(8.21476e-19 -9.85756e-13 0)
(2.76535e-19 -9.85756e-13 0)
(4.01247e-07 -0.000555626 0)
(1.5895e-07 -5.71767e-06 0)
(2.58582e-11 -1.03715e-12 0)
(4.79073e-18 -9.85746e-13 0)
(4.6545e-18 -9.85746e-13 0)
(4.64973e-18 -9.85746e-13 0)
(4.6473e-18 -9.85746e-13 0)
(4.6476e-18 -9.85747e-13 0)
(4.65083e-18 -9.85747e-13 0)
(4.65702e-18 -9.85747e-13 0)
(4.666e-18 -9.85747e-13 0)
(4.67738e-18 -9.85747e-13 0)
(4.6906e-18 -9.85747e-13 0)
(4.70488e-18 -9.85748e-13 0)
(4.71926e-18 -9.85748e-13 0)
(4.73254e-18 -9.85748e-13 0)
(4.74337e-18 -9.85748e-13 0)
(4.75019e-18 -9.85749e-13 0)
(4.75128e-18 -9.85749e-13 0)
(4.74476e-18 -9.85749e-13 0)
(4.72864e-18 -9.8575e-13 0)
(4.70079e-18 -9.8575e-13 0)
(4.65903e-18 -9.8575e-13 0)
(4.6011e-18 -9.85751e-13 0)
(4.52478e-18 -9.85751e-13 0)
(4.42785e-18 -9.85751e-13 0)
(4.30819e-18 -9.85752e-13 0)
(4.16381e-18 -9.85752e-13 0)
(3.99292e-18 -9.85753e-13 0)
(3.79398e-18 -9.85753e-13 0)
(3.56578e-18 -9.85753e-13 0)
(3.30749e-18 -9.85754e-13 0)
(3.01873e-18 -9.85754e-13 0)
(2.69964e-18 -9.85754e-13 0)
(2.35093e-18 -9.85754e-13 0)
(1.97397e-18 -9.85755e-13 0)
(1.57078e-18 -9.85755e-13 0)
(1.14408e-18 -9.85755e-13 0)
(6.97333e-19 -9.85755e-13 0)
(2.34713e-19 -9.85755e-13 0)
(4.09074e-07 -0.000555506 0)
(1.59469e-07 -5.2028e-06 0)
(2.29367e-11 -1.03053e-12 0)
(4.64457e-18 -9.85746e-13 0)
(4.47533e-18 -9.85746e-13 0)
(4.42149e-18 -9.85746e-13 0)
(4.37226e-18 -9.85746e-13 0)
(4.32808e-18 -9.85747e-13 0)
(4.28923e-18 -9.85747e-13 0)
(4.25581e-18 -9.85747e-13 0)
(4.22773e-18 -9.85747e-13 0)
(4.20469e-18 -9.85747e-13 0)
(4.18619e-18 -9.85747e-13 0)
(4.17148e-18 -9.85748e-13 0)
(4.15962e-18 -9.85748e-13 0)
(4.14947e-18 -9.85748e-13 0)
(4.13968e-18 -9.85748e-13 0)
(4.12874e-18 -9.85749e-13 0)
(4.11498e-18 -9.85749e-13 0)
(4.09659e-18 -9.85749e-13 0)
(4.07167e-18 -9.8575e-13 0)
(4.03822e-18 -9.8575e-13 0)
(3.9942e-18 -9.8575e-13 0)
(3.93755e-18 -9.85751e-13 0)
(3.86623e-18 -9.85751e-13 0)
(3.77825e-18 -9.85751e-13 0)
(3.67171e-18 -9.85752e-13 0)
(3.54486e-18 -9.85752e-13 0)
(3.39613e-18 -9.85752e-13 0)
(3.22416e-18 -9.85753e-13 0)
(3.02792e-18 -9.85753e-13 0)
(2.80666e-18 -9.85753e-13 0)
(2.56007e-18 -9.85753e-13 0)
(2.28823e-18 -9.85754e-13 0)
(1.99175e-18 -9.85754e-13 0)
(1.67172e-18 -9.85754e-13 0)
(1.32984e-18 -9.85754e-13 0)
(9.68356e-19 -9.85754e-13 0)
(5.9013e-19 -9.85755e-13 0)
(1.98613e-19 -9.85755e-13 0)
(4.21934e-07 -0.000555336 0)
(1.60151e-07 -4.6862e-06 0)
(2.00173e-11 -1.02419e-12 0)
(4.4652e-18 -9.85746e-13 0)
(4.2596e-18 -9.85746e-13 0)
(4.15464e-18 -9.85746e-13 0)
(4.05763e-18 -9.85746e-13 0)
(3.96912e-18 -9.85746e-13 0)
(3.88949e-18 -9.85747e-13 0)
(3.81891e-18 -9.85747e-13 0)
(3.7573e-18 -9.85747e-13 0)
(3.70434e-18 -9.85747e-13 0)
(3.65944e-18 -9.85747e-13 0)
(3.62178e-18 -9.85748e-13 0)
(3.59029e-18 -9.85748e-13 0)
(3.56368e-18 -9.85748e-13 0)
(3.54049e-18 -9.85748e-13 0)
(3.51909e-18 -9.85749e-13 0)
(3.4977e-18 -9.85749e-13 0)
(3.47447e-18 -9.85749e-13 0)
(3.44745e-18 -9.8575e-13 0)
(3.41466e-18 -9.8575e-13 0)
(3.3741e-18 -9.8575e-13 0)
(3.3238e-18 -9.8575e-13 0)
(3.26183e-18 -9.85751e-13 0)
(3.18634e-18 -9.85751e-13 0)
(3.09559e-18 -9.85751e-13 0)
(2.988e-18 -9.85752e-13 0)
(2.86216e-18 -9.85752e-13 0)
(2.71687e-18 -9.85752e-13 0)
(2.55122e-18 -9.85753e-13 0)
(2.36456e-18 -9.85753e-13 0)
(2.15662e-18 -9.85753e-13 0)
(1.92746e-18 -9.85753e-13 0)
(1.67759e-18 -9.85753e-13 0)
(1.40795e-18 -9.85754e-13 0)
(1.11994e-18 -9.85754e-13 0)
(8.15476e-19 -9.85754e-13 0)
(4.96946e-19 -9.85754e-13 0)
(1.67248e-19 -9.85754e-13 0)
(4.40584e-07 -0.000555084 0)
(1.60675e-07 -4.16316e-06 0)
(1.70016e-11 -1.01813e-12 0)
(4.22216e-18 -9.85746e-13 0)
(3.97732e-18 -9.85746e-13 0)
(3.81976e-18 -9.85746e-13 0)
(3.67459e-18 -9.85746e-13 0)
(3.54266e-18 -9.85746e-13 0)
(3.42456e-18 -9.85746e-13 0)
(3.32049e-18 -9.85747e-13 0)
(3.23031e-18 -9.85747e-13 0)
(3.15351e-18 -9.85747e-13 0)
(3.08924e-18 -9.85747e-13 0)
(3.03637e-18 -9.85748e-13 0)
(2.99347e-18 -9.85748e-13 0)
(2.95893e-18 -9.85748e-13 0)
(2.93093e-18 -9.85748e-13 0)
(2.90754e-18 -9.85749e-13 0)
(2.88675e-18 -9.85749e-13 0)
(2.86647e-18 -9.85749e-13 0)
(2.84464e-18 -9.8575e-13 0)
(2.81917e-18 -9.8575e-13 0)
(2.78805e-18 -9.8575e-13 0)
(2.74932e-18 -9.8575e-13 0)
(2.70111e-18 -9.85751e-13 0)
(2.64166e-18 -9.85751e-13 0)
(2.56938e-18 -9.85751e-13 0)
(2.48281e-18 -9.85752e-13 0)
(2.38069e-18 -9.85752e-13 0)
(2.26197e-18 -9.85752e-13 0)
(2.12584e-18 -9.85752e-13 0)
(1.97178e-18 -9.85753e-13 0)
(1.79954e-18 -9.85753e-13 0)
(1.60921e-18 -9.85753e-13 0)
(1.40124e-18 -9.85753e-13 0)
(1.17646e-18 -9.85753e-13 0)
(9.36082e-19 -9.85753e-13 0)
(6.81747e-19 -9.85753e-13 0)
(4.15513e-19 -9.85754e-13 0)
(1.39852e-19 -9.85754e-13 0)
(4.65538e-07 -0.00055471 0)
(1.60871e-07 -3.62777e-06 0)
(1.38773e-11 -1.01213e-12 0)
(3.88189e-18 -9.85745e-13 0)
(3.59282e-18 -9.85745e-13 0)
(3.3797e-18 -9.85745e-13 0)
(3.18561e-18 -9.85746e-13 0)
(3.01185e-18 -9.85746e-13 0)
(2.85911e-18 -9.85746e-13 0)
(2.72745e-18 -9.85746e-13 0)
(2.61635e-18 -9.85747e-13 0)
(2.52479e-18 -9.85747e-13 0)
(2.45126e-18 -9.85747e-13 0)
(2.39395e-18 -9.85747e-13 0)
(2.35073e-18 -9.85748e-13 0)
(2.31932e-18 -9.85748e-13 0)
(2.29733e-18 -9.85748e-13 0)
(2.2823e-18 -9.85749e-13 0)
(2.2718e-18 -9.85749e-13 0)
(2.26344e-18 -9.85749e-13 0)
(2.25491e-18 -9.85749e-13 0)
(2.24401e-18 -9.8575e-13 0)
(2.22864e-18 -9.8575e-13 0)
(2.20685e-18 -9.8575e-13 0)
(2.17685e-18 -9.85751e-13 0)
(2.13698e-18 -9.85751e-13 0)
(2.08577e-18 -9.85751e-13 0)
(2.02193e-18 -9.85751e-13 0)
(1.94433e-18 -9.85752e-13 0)
(1.85211e-18 -9.85752e-13 0)
(1.74459e-18 -9.85752e-13 0)
(1.62135e-18 -9.85752e-13 0)
(1.48224e-18 -9.85752e-13 0)
(1.32739e-18 -9.85753e-13 0)
(1.15724e-18 -9.85753e-13 0)
(9.72563e-19 -9.85753e-13 0)
(7.7445e-19 -9.85753e-13 0)
(5.64359e-19 -9.85753e-13 0)
(3.441e-19 -9.85753e-13 0)
(1.15839e-19 -9.85753e-13 0)
(4.97542e-07 -0.00055417 0)
(1.60552e-07 -3.07359e-06 0)
(1.06722e-11 -1.0065e-12 0)
(3.39929e-18 -9.85744e-13 0)
(3.05573e-18 -9.85744e-13 0)
(2.78153e-18 -9.85745e-13 0)
(2.53761e-18 -9.85745e-13 0)
(2.32545e-18 -9.85745e-13 0)
(2.14538e-18 -9.85746e-13 0)
(1.99664e-18 -9.85746e-13 0)
(1.87758e-18 -9.85746e-13 0)
(1.78585e-18 -9.85747e-13 0)
(1.71858e-18 -9.85747e-13 0)
(1.67261e-18 -9.85747e-13 0)
(1.64461e-18 -9.85748e-13 0)
(1.63121e-18 -9.85748e-13 0)
(1.62915e-18 -9.85748e-13 0)
(1.63526e-18 -9.85749e-13 0)
(1.6466e-18 -9.85749e-13 0)
(1.6604e-18 -9.85749e-13 0)
(1.67414e-18 -9.85749e-13 0)
(1.6855e-18 -9.8575e-13 0)
(1.69239e-18 -9.8575e-13 0)
(1.69292e-18 -9.8575e-13 0)
(1.68542e-18 -9.85751e-13 0)
(1.66841e-18 -9.85751e-13 0)
(1.64061e-18 -9.85751e-13 0)
(1.60092e-18 -9.85751e-13 0)
(1.54844e-18 -9.85751e-13 0)
(1.4825e-18 -9.85752e-13 0)
(1.40259e-18 -9.85752e-13 0)
(1.30845e-18 -9.85752e-13 0)
(1.20006e-18 -9.85752e-13 0)
(1.07763e-18 -9.85752e-13 0)
(9.4163e-19 -9.85753e-13 0)
(7.92819e-19 -9.85753e-13 0)
(6.32236e-19 -9.85753e-13 0)
(4.61221e-19 -9.85753e-13 0)
(2.81417e-19 -9.85753e-13 0)
(9.4771e-20 -9.85753e-13 0)
(5.37427e-07 -0.000553409 0)
(1.59232e-07 -2.49377e-06 0)
(7.42839e-12 -1.00123e-12 0)
(2.69788e-18 -9.85743e-13 0)
(2.28197e-18 -9.85744e-13 0)
(1.93982e-18 -9.85744e-13 0)
(1.64816e-18 -9.85744e-13 0)
(1.4076e-18 -9.85745e-13 0)
(1.21648e-18 -9.85745e-13 0)
(1.07143e-18 -9.85746e-13 0)
(9.67904e-19 -9.85746e-13 0)
(9.00677e-19 -9.85746e-13 0)
(8.64261e-19 -9.85747e-13 0)
(8.53208e-19 -9.85747e-13 0)
(8.6233e-19 -9.85748e-13 0)
(8.86825e-19 -9.85748e-13 0)
(9.22345e-19 -9.85748e-13 0)
(9.65015e-19 -9.85749e-13 0)
(1.01143e-18 -9.85749e-13 0)
(1.0586e-18 -9.85749e-13 0)
(1.10395e-18 -9.8575e-13 0)
(1.14525e-18 -9.8575e-13 0)
(1.18058e-18 -9.8575e-13 0)
(1.20829e-18 -9.8575e-13 0)
(1.22699e-18 -9.85751e-13 0)
(1.23548e-18 -9.85751e-13 0)
(1.23279e-18 -9.85751e-13 0)
(1.21812e-18 -9.85751e-13 0)
(1.19086e-18 -9.85751e-13 0)
(1.15057e-18 -9.85752e-13 0)
(1.09701e-18 -9.85752e-13 0)
(1.0301e-18 -9.85752e-13 0)
(9.49979e-19 -9.85752e-13 0)
(8.5698e-19 -9.85752e-13 0)
(7.51659e-19 -9.85752e-13 0)
(6.34799e-19 -9.85752e-13 0)
(5.07429e-19 -9.85753e-13 0)
(3.70825e-19 -9.85753e-13 0)
(2.26526e-19 -9.85753e-13 0)
(7.63302e-20 -9.85753e-13 0)
(5.8558e-07 -0.000552361 0)
(1.5623e-07 -1.88105e-06 0)
(4.24976e-12 -9.96144e-13 0)
(1.63301e-18 -9.85742e-13 0)
(1.11914e-18 -9.85742e-13 0)
(7.06092e-19 -9.85743e-13 0)
(3.82321e-19 -9.85744e-13 0)
(1.42918e-19 -9.85744e-13 0)
(-2.07138e-20 -9.85745e-13 0)
(-1.19078e-19 -9.85745e-13 0)
(-1.63233e-19 -9.85746e-13 0)
(-1.63872e-19 -9.85746e-13 0)
(-1.30783e-19 -9.85747e-13 0)
(-7.25794e-20 -9.85747e-13 0)
(3.37017e-21 -9.85748e-13 0)
(9.08898e-20 -9.85748e-13 0)
(1.84884e-19 -9.85748e-13 0)
(2.81192e-19 -9.85749e-13 0)
(3.76446e-19 -9.85749e-13 0)
(4.67928e-19 -9.85749e-13 0)
(5.53452e-19 -9.8575e-13 0)
(6.3126e-19 -9.8575e-13 0)
(6.99944e-19 -9.8575e-13 0)
(7.58374e-19 -9.8575e-13 0)
(8.05652e-19 -9.85751e-13 0)
(8.41075e-19 -9.85751e-13 0)
(8.64106e-19 -9.85751e-13 0)
(8.74359e-19 -9.85751e-13 0)
(8.71589e-19 -9.85751e-13 0)
(8.55689e-19 -9.85752e-13 0)
(8.2669e-19 -9.85752e-13 0)
(7.84767e-19 -9.85752e-13 0)
(7.30246e-19 -9.85752e-13 0)
(6.63617e-19 -9.85752e-13 0)
(5.85541e-19 -9.85752e-13 0)
(4.96865e-19 -9.85752e-13 0)
(3.98637e-19 -9.85752e-13 0)
(2.92111e-19 -9.85752e-13 0)
(1.78761e-19 -9.85752e-13 0)
(6.02892e-20 -9.85752e-13 0)
(6.37571e-07 -0.00055096 0)
(1.50364e-07 -1.22978e-06 0)
(1.36857e-12 -9.91503e-13 0)
(-1.00979e-19 -9.8574e-13 0)
(-7.42687e-19 -9.85741e-13 0)
(-1.19725e-18 -9.85742e-13 0)
(-1.48652e-18 -9.85743e-13 0)
(-1.63867e-18 -9.85744e-13 0)
(-1.683e-18 -9.85745e-13 0)
(-1.64638e-18 -9.85745e-13 0)
(-1.55174e-18 -9.85746e-13 0)
(-1.41764e-18 -9.85747e-13 0)
(-1.25861e-18 -9.85747e-13 0)
(-1.0857e-18 -9.85748e-13 0)
(-9.07174e-19 -9.85748e-13 0)
(-7.29049e-19 -9.85748e-13 0)
(-5.55684e-19 -9.85749e-13 0)
(-3.90181e-19 -9.85749e-13 0)
(-2.34724e-19 -9.85749e-13 0)
(-9.08289e-20 -9.8575e-13 0)
(4.04675e-20 -9.8575e-13 0)
(1.5847e-19 -9.8575e-13 0)
(2.6273e-19 -9.8575e-13 0)
(3.52976e-19 -9.85751e-13 0)
(4.29067e-19 -9.85751e-13 0)
(4.90963e-19 -9.85751e-13 0)
(5.3871e-19 -9.85751e-13 0)
(5.72427e-19 -9.85751e-13 0)
(5.92306e-19 -9.85751e-13 0)
(5.98613e-19 -9.85752e-13 0)
(5.91696e-19 -9.85752e-13 0)
(5.71994e-19 -9.85752e-13 0)
(5.40047e-19 -9.85752e-13 0)
(4.96509e-19 -9.85752e-13 0)
(4.42165e-19 -9.85752e-13 0)
(3.77938e-19 -9.85752e-13 0)
(3.04911e-19 -9.85752e-13 0)
(2.24337e-19 -9.85752e-13 0)
(1.37651e-19 -9.85752e-13 0)
(4.64857e-20 -9.85752e-13 0)
(6.44765e-07 -0.000549254 0)
(1.35165e-07 -5.59415e-07 0)
(-2.1523e-18 -9.8809e-13 0)
(-3.34648e-18 -9.85738e-13 0)
(-4.02287e-18 -9.8574e-13 0)
(-4.30323e-18 -9.85741e-13 0)
(-4.30807e-18 -9.85743e-13 0)
(-4.13486e-18 -9.85744e-13 0)
(-3.85537e-18 -9.85745e-13 0)
(-3.51942e-18 -9.85746e-13 0)
(-3.15998e-18 -9.85747e-13 0)
(-2.79804e-18 -9.85747e-13 0)
(-2.44638e-18 -9.85748e-13 0)
(-2.11234e-18 -9.85748e-13 0)
(-1.79981e-18 -9.85749e-13 0)
(-1.51055e-18 -9.85749e-13 0)
(-1.24498e-18 -9.85749e-13 0)
(-1.00281e-18 -9.85749e-13 0)
(-7.83354e-19 -9.8575e-13 0)
(-5.8572e-19 -9.8575e-13 0)
(-4.08967e-19 -9.8575e-13 0)
(-2.52155e-19 -9.8575e-13 0)
(-1.14388e-19 -9.85751e-13 0)
(5.17358e-21 -9.85751e-13 0)
(1.07311e-19 -9.85751e-13 0)
(1.92751e-19 -9.85751e-13 0)
(2.6218e-19 -9.85751e-13 0)
(3.16253e-19 -9.85751e-13 0)
(3.55611e-19 -9.85751e-13 0)
(3.80896e-19 -9.85752e-13 0)
(3.92765e-19 -9.85752e-13 0)
(3.91913e-19 -9.85752e-13 0)
(3.79082e-19 -9.85752e-13 0)
(3.55083e-19 -9.85752e-13 0)
(3.20812e-19 -9.85752e-13 0)
(2.77267e-19 -9.85752e-13 0)
(2.25563e-19 -9.85752e-13 0)
(1.66954e-19 -9.85752e-13 0)
(1.02841e-19 -9.85752e-13 0)
(3.47972e-20 -9.85752e-13 0)
(6.93269e-08 -0.000274172 0)
(4.9945e-08 -1.12404e-07 0)
(-9.82869e-18 -9.86299e-13 0)
(-1.06257e-17 -9.85737e-13 0)
(-1.02398e-17 -9.8574e-13 0)
(-9.35859e-18 -9.85743e-13 0)
(-8.32512e-18 -9.85744e-13 0)
(-7.2998e-18 -9.85746e-13 0)
(-6.35027e-18 -9.85747e-13 0)
(-5.49869e-18 -9.85747e-13 0)
(-4.7462e-18 -9.85748e-13 0)
(-4.08517e-18 -9.85748e-13 0)
(-3.5052e-18 -9.85749e-13 0)
(-2.99577e-18 -9.85749e-13 0)
(-2.54739e-18 -9.85749e-13 0)
(-2.15187e-18 -9.8575e-13 0)
(-1.80235e-18 -9.8575e-13 0)
(-1.49315e-18 -9.8575e-13 0)
(-1.21958e-18 -9.8575e-13 0)
(-9.77762e-19 -9.8575e-13 0)
(-7.64479e-19 -9.85751e-13 0)
(-5.77057e-19 -9.85751e-13 0)
(-4.13247e-19 -9.85751e-13 0)
(-2.71148e-19 -9.85751e-13 0)
(-1.49127e-19 -9.85751e-13 0)
(-4.57731e-20 -9.85751e-13 0)
(4.01585e-20 -9.85751e-13 0)
(1.09782e-19 -9.85751e-13 0)
(1.64115e-19 -9.85751e-13 0)
(2.04111e-19 -9.85752e-13 0)
(2.30682e-19 -9.85752e-13 0)
(2.44725e-19 -9.85752e-13 0)
(2.47142e-19 -9.85752e-13 0)
(2.38865e-19 -9.85752e-13 0)
(2.20871e-19 -9.85752e-13 0)
(1.94206e-19 -9.85752e-13 0)
(1.59998e-19 -9.85752e-13 0)
(1.19484e-19 -9.85752e-13 0)
(7.40229e-20 -9.85752e-13 0)
(2.51168e-20 -9.85752e-13 0)
(-3.06354e-17 -9.85714e-13 0)
(-4.8592e-17 -9.85747e-13 0)
(-3.7629e-17 -9.85748e-13 0)
(-2.69051e-17 -9.85748e-13 0)
(-1.99902e-17 -9.85749e-13 0)
(-1.53729e-17 -9.85749e-13 0)
(-1.21698e-17 -9.85749e-13 0)
(-9.85954e-18 -9.85749e-13 0)
(-8.12999e-18 -9.8575e-13 0)
(-6.79085e-18 -9.8575e-13 0)
(-5.72348e-18 -9.8575e-13 0)
(-4.85201e-18 -9.8575e-13 0)
(-4.12651e-18 -9.8575e-13 0)
(-3.51316e-18 -9.8575e-13 0)
(-2.98838e-18 -9.8575e-13 0)
(-2.53525e-18 -9.85751e-13 0)
(-2.14133e-18 -9.85751e-13 0)
(-1.79725e-18 -9.85751e-13 0)
(-1.49579e-18 -9.85751e-13 0)
(-1.23131e-18 -9.85751e-13 0)
(-9.99305e-19 -9.85751e-13 0)
(-7.9613e-19 -9.85751e-13 0)
(-6.1879e-19 -9.85751e-13 0)
(-4.64792e-19 -9.85751e-13 0)
(-3.32031e-19 -9.85751e-13 0)
(-2.18704e-19 -9.85751e-13 0)
(-1.23246e-19 -9.85751e-13 0)
(-4.42742e-20 -9.85751e-13 0)
(1.94535e-20 -9.85752e-13 0)
(6.90739e-20 -9.85752e-13 0)
(1.05649e-19 -9.85752e-13 0)
(1.30195e-19 -9.85752e-13 0)
(1.43701e-19 -9.85752e-13 0)
(1.47159e-19 -9.85752e-13 0)
(1.41577e-19 -9.85752e-13 0)
(1.28007e-19 -9.85752e-13 0)
(1.07556e-19 -9.85752e-13 0)
(8.1414e-20 -9.85752e-13 0)
(5.08694e-20 -9.85752e-13 0)
(1.73322e-20 -9.85752e-13 0)
(-5.97046e-18 -9.85781e-13 0)
(-1.15039e-17 -9.85772e-13 0)
(-1.34377e-17 -9.85765e-13 0)
(-1.33094e-17 -9.85761e-13 0)
(-1.22956e-17 -9.85758e-13 0)
(-1.09811e-17 -9.85756e-13 0)
(-9.64113e-18 -9.85754e-13 0)
(-8.39355e-18 -9.85753e-13 0)
(-7.27877e-18 -9.85753e-13 0)
(-6.30143e-18 -9.85752e-13 0)
(-5.4512e-18 -9.85752e-13 0)
(-4.71283e-18 -9.85752e-13 0)
(-4.07075e-18 -9.85752e-13 0)
(-3.51087e-18 -9.85752e-13 0)
(-3.02111e-18 -9.85751e-13 0)
(-2.59141e-18 -9.85751e-13 0)
(-2.21349e-18 -9.85751e-13 0)
(-1.88053e-18 -9.85751e-13 0)
(-1.58693e-18 -9.85751e-13 0)
(-1.32804e-18 -9.85751e-13 0)
(-1.09999e-18 -9.85751e-13 0)
(-8.99532e-19 -9.85751e-13 0)
(-7.23902e-19 -9.85751e-13 0)
(-5.70739e-19 -9.85751e-13 0)
(-4.38002e-19 -9.85752e-13 0)
(-3.23907e-19 -9.85752e-13 0)
(-2.26882e-19 -9.85752e-13 0)
(-1.45522e-19 -9.85752e-13 0)
(-7.85579e-20 -9.85752e-13 0)
(-2.48245e-20 -9.85752e-13 0)
(1.67626e-20 -9.85752e-13 0)
(4.72313e-20 -9.85752e-13 0)
(6.75742e-20 -9.85752e-13 0)
(7.87681e-20 -9.85752e-13 0)
(8.17933e-20 -9.85752e-13 0)
(7.76523e-20 -9.85752e-13 0)
(6.73883e-20 -9.85752e-13 0)
(5.21042e-20 -9.85752e-13 0)
(3.29828e-20 -9.85752e-13 0)
(1.13082e-20 -9.85752e-13 0)
(-1.96943e-18 -9.85766e-13 0)
(-4.0486e-18 -9.85765e-13 0)
(-5.50608e-18 -9.85763e-13 0)
(-6.33282e-18 -9.85761e-13 0)
(-6.65278e-18 -9.85759e-13 0)
(-6.61241e-18 -9.85758e-13 0)
(-6.33861e-18 -9.85756e-13 0)
(-5.92773e-18 -9.85756e-13 0)
(-5.44744e-18 -9.85755e-13 0)
(-4.94256e-18 -9.85754e-13 0)
(-4.44125e-18 -9.85754e-13 0)
(-3.96018e-18 -9.85753e-13 0)
(-3.50846e-18 -9.85753e-13 0)
(-3.09038e-18 -9.85753e-13 0)
(-2.70724e-18 -9.85752e-13 0)
(-2.35861e-18 -9.85752e-13 0)
(-2.04308e-18 -9.85752e-13 0)
(-1.75876e-18 -9.85752e-13 0)
(-1.50353e-18 -9.85752e-13 0)
(-1.27526e-18 -9.85752e-13 0)
(-1.07188e-18 -9.85752e-13 0)
(-8.91404e-19 -9.85752e-13 0)
(-7.32014e-19 -9.85752e-13 0)
(-5.9201e-19 -9.85752e-13 0)
(-4.69834e-19 -9.85752e-13 0)
(-3.64053e-19 -9.85752e-13 0)
(-2.73351e-19 -9.85752e-13 0)
(-1.96515e-19 -9.85752e-13 0)
(-1.3242e-19 -9.85752e-13 0)
(-8.00172e-20 -9.85752e-13 0)
(-3.83184e-20 -9.85752e-13 0)
(-6.38245e-21 -9.85752e-13 0)
(1.66997e-20 -9.85752e-13 0)
(3.18196e-20 -9.85752e-13 0)
(3.98656e-20 -9.85752e-13 0)
(4.17389e-20 -9.85752e-13 0)
(3.83688e-20 -9.85752e-13 0)
(3.07295e-20 -9.85752e-13 0)
(1.98581e-20 -9.85752e-13 0)
(6.87425e-21 -9.85752e-13 0)
(-9.01621e-19 -9.85761e-13 0)
(-1.84502e-18 -9.85761e-13 0)
(-2.64125e-18 -9.8576e-13 0)
(-3.24411e-18 -9.85759e-13 0)
(-3.64538e-18 -9.85759e-13 0)
(-3.86209e-18 -9.85758e-13 0)
(-3.9241e-18 -9.85757e-13 0)
(-3.86519e-18 -9.85756e-13 0)
(-3.71753e-18 -9.85756e-13 0)
(-3.50904e-18 -9.85755e-13 0)
(-3.26245e-18 -9.85754e-13 0)
(-2.99538e-18 -9.85754e-13 0)
(-2.721e-18 -9.85754e-13 0)
(-2.44877e-18 -9.85753e-13 0)
(-2.18525e-18 -9.85753e-13 0)
(-1.93476e-18 -9.85753e-13 0)
(-1.69997e-18 -9.85753e-13 0)
(-1.48235e-18 -9.85753e-13 0)
(-1.2825e-18 -9.85752e-13 0)
(-1.10044e-18 -9.85752e-13 0)
(-9.35781e-19 -9.85752e-13 0)
(-7.87872e-19 -9.85752e-13 0)
(-6.55901e-19 -9.85752e-13 0)
(-5.38965e-19 -9.85752e-13 0)
(-4.36122e-19 -9.85752e-13 0)
(-3.46425e-19 -9.85752e-13 0)
(-2.68937e-19 -9.85752e-13 0)
(-2.02753e-19 -9.85752e-13 0)
(-1.46997e-19 -9.85752e-13 0)
(-1.00832e-19 -9.85752e-13 0)
(-6.34496e-20 -9.85752e-13 0)
(-3.40719e-20 -9.85752e-13 0)
(-1.19407e-20 -9.85752e-13 0)
(3.68918e-21 -9.85752e-13 0)
(1.35606e-20 -9.85752e-13 0)
(1.84245e-20 -9.85752e-13 0)
(1.90519e-20 -9.85752e-13 0)
(1.62476e-20 -9.85752e-13 0)
(1.08641e-20 -9.85752e-13 0)
(3.81883e-21 -9.85752e-13 0)
(-4.74105e-19 -9.85759e-13 0)
(-9.46388e-19 -9.85759e-13 0)
(-1.3742e-18 -9.85759e-13 0)
(-1.73498e-18 -9.85758e-13 0)
(-2.01553e-18 -9.85758e-13 0)
(-2.21182e-18 -9.85757e-13 0)
(-2.32717e-18 -9.85757e-13 0)
(-2.3699e-18 -9.85756e-13 0)
(-2.35115e-18 -9.85756e-13 0)
(-2.28305e-18 -9.85755e-13 0)
(-2.17749e-18 -9.85755e-13 0)
(-2.04526e-18 -9.85755e-13 0)
(-1.89572e-18 -9.85754e-13 0)
(-1.73662e-18 -9.85754e-13 0)
(-1.57413e-18 -9.85754e-13 0)
(-1.41301e-18 -9.85753e-13 0)
(-1.25678e-18 -9.85753e-13 0)
(-1.10797e-18 -9.85753e-13 0)
(-9.68231e-19 -9.85753e-13 0)
(-8.38606e-19 -9.85753e-13 0)
(-7.19619e-19 -9.85752e-13 0)
(-6.11426e-19 -9.85752e-13 0)
(-5.13911e-19 -9.85752e-13 0)
(-4.26766e-19 -9.85752e-13 0)
(-3.49559e-19 -9.85752e-13 0)
(-2.8177e-19 -9.85752e-13 0)
(-2.22837e-19 -9.85752e-13 0)
(-1.72172e-19 -9.85752e-13 0)
(-1.29179e-19 -9.85752e-13 0)
(-9.32702e-20 -9.85752e-13 0)
(-6.38618e-20 -9.85752e-13 0)
(-4.03828e-20 -9.85752e-13 0)
(-2.22708e-20 -9.85752e-13 0)
(-8.96933e-21 -9.85752e-13 0)
(7.7725e-23 -9.85752e-13 0)
(5.43277e-21 -9.85752e-13 0)
(7.67253e-21 -9.85752e-13 0)
(7.3974e-21 -9.85752e-13 0)
(5.24213e-21 -9.85752e-13 0)
(1.88815e-21 -9.85752e-13 0)
(-2.40153e-19 -9.85758e-13 0)
(-4.68344e-19 -9.85758e-13 0)
(-6.81421e-19 -9.85758e-13 0)
(-8.69806e-19 -9.85758e-13 0)
(-1.02634e-18 -9.85757e-13 0)
(-1.14681e-18 -9.85757e-13 0)
(-1.22988e-18 -9.85757e-13 0)
(-1.27673e-18 -9.85756e-13 0)
(-1.29047e-18 -9.85756e-13 0)
(-1.27543e-18 -9.85756e-13 0)
(-1.23661e-18 -9.85755e-13 0)
(-1.17915e-18 -9.85755e-13 0)
(-1.10796e-18 -9.85754e-13 0)
(-1.02751e-18 -9.85754e-13 0)
(-9.41652e-19 -9.85754e-13 0)
(-8.53587e-19 -9.85754e-13 0)
(-7.65887e-19 -9.85753e-13 0)
(-6.80527e-19 -9.85753e-13 0)
(-5.98965e-19 -9.85753e-13 0)
(-5.22217e-19 -9.85753e-13 0)
(-4.5094e-19 -9.85753e-13 0)
(-3.85501e-19 -9.85752e-13 0)
(-3.26049e-19 -9.85752e-13 0)
(-2.72563e-19 -9.85752e-13 0)
(-2.24904e-19 -9.85752e-13 0)
(-1.82847e-19 -9.85752e-13 0)
(-1.46114e-19 -9.85752e-13 0)
(-1.14388e-19 -9.85752e-13 0)
(-8.73364e-20 -9.85752e-13 0)
(-6.46143e-20 -9.85752e-13 0)
(-4.58757e-20 -9.85752e-13 0)
(-3.07753e-20 -9.85752e-13 0)
(-1.89695e-20 -9.85752e-13 0)
(-1.01164e-20 -9.85752e-13 0)
(-3.87299e-21 -9.85752e-13 0)
(1.08226e-22 -9.85752e-13 0)
(2.18349e-21 -9.85752e-13 0)
(2.72339e-21 -9.85752e-13 0)
(2.11927e-21 -9.85752e-13 0)
(7.90822e-22 -9.85752e-13 0)
(-7.42175e-20 -9.85758e-13 0)
(-1.42846e-19 -9.85758e-13 0)
(-2.07693e-19 -9.85758e-13 0)
(-2.66107e-19 -9.85757e-13 0)
(-3.15936e-19 -9.85757e-13 0)
(-3.55703e-19 -9.85757e-13 0)
(-3.84669e-19 -9.85757e-13 0)
(-4.02802e-19 -9.85756e-13 0)
(-4.10674e-19 -9.85756e-13 0)
(-4.09306e-19 -9.85756e-13 0)
(-4.00017e-19 -9.85755e-13 0)
(-3.84268e-19 -9.85755e-13 0)
(-3.63542e-19 -9.85755e-13 0)
(-3.39245e-19 -9.85754e-13 0)
(-3.12646e-19 -9.85754e-13 0)
(-2.8484e-19 -9.85754e-13 0)
(-2.56736e-19 -9.85753e-13 0)
(-2.29055e-19 -9.85753e-13 0)
(-2.02352e-19 -9.85753e-13 0)
(-1.77027e-19 -9.85753e-13 0)
(-1.53357e-19 -9.85753e-13 0)
(-1.3151e-19 -9.85753e-13 0)
(-1.11574e-19 -9.85752e-13 0)
(-9.35737e-20 -9.85752e-13 0)
(-7.74841e-20 -9.85752e-13 0)
(-6.32473e-20 -9.85752e-13 0)
(-5.07815e-20 -9.85752e-13 0)
(-3.99895e-20 -9.85752e-13 0)
(-3.07645e-20 -9.85752e-13 0)
(-2.29946e-20 -9.85752e-13 0)
(-1.65655e-20 -9.85752e-13 0)
(-1.13619e-20 -9.85752e-13 0)
(-7.26866e-21 -9.85752e-13 0)
(-4.17062e-21 -9.85752e-13 0)
(-1.95196e-21 -9.85752e-13 0)
(-4.95285e-22 -9.85752e-13 0)
(3.19853e-22 -9.85752e-13 0)
(6.18709e-22 -9.85752e-13 0)
(5.33501e-22 -9.85752e-13 0)
(2.05958e-22 -9.85752e-13 0)
)
;

boundaryField
{
    top
    {
        type            zeroGradient;
    }
    inlet
    {
        type            fixedValue;
        value           uniform (0 0 0);
    }
    axis
    {
        type            fixedValue;
        value           uniform (0 0 0);
    }
    frontAndBack
    {
        type            empty;
    }
}


// ************************************************************************* //
