/*--------------------------------*- C++ -*----------------------------------*\
  =========                 |
  \\      /  F ield         | OpenFOAM: The Open Source CFD Toolbox
   \\    /   O peration     | Website:  https://openfoam.org
    \\  /    A nd           | Version:  7
     \\/     M anipulation  |
\*---------------------------------------------------------------------------*/
FoamFile
{
    version     2.0;
    format      ascii;
    class       surfaceScalarField;
    location    "5000";
    object      phia;
}
// * * * * * * * * * * * * * * * * * * * * * * * * * * * * * * * * * * * * * //

dimensions      [0 3 -1 0 0 0 0];

internalField   nonuniform List<scalar> 
6280
(
-4.60667e-08
4.60667e-08
-9.1103e-08
4.50363e-08
-1.34923e-07
4.38196e-08
-1.77352e-07
4.24291e-08
-2.18225e-07
4.08733e-08
-2.57383e-07
3.91576e-08
-2.94667e-07
3.72844e-08
-3.29921e-07
3.52545e-08
-3.62988e-07
3.3067e-08
-3.93709e-07
3.07202e-08
-4.2192e-07
2.82119e-08
-4.4746e-07
2.55397e-08
-4.70162e-07
2.27017e-08
-4.89859e-07
1.96967e-08
-5.06383e-07
1.65246e-08
-5.1957e-07
1.31871e-08
-5.29258e-07
9.6879e-09
-5.35292e-07
6.03349e-09
-5.37525e-07
2.23339e-09
-5.35826e-07
-1.69916e-09
-5.30079e-07
-5.74674e-09
-5.20192e-07
-9.88728e-09
-5.06098e-07
-1.40936e-08
-4.87765e-07
-1.83334e-08
-4.65196e-07
-2.25686e-08
-4.3844e-07
-2.67562e-08
-4.07592e-07
-3.08482e-08
-3.72799e-07
-3.47922e-08
-3.34266e-07
-3.85333e-08
-2.92252e-07
-4.20147e-08
-2.47071e-07
-4.51802e-08
-1.99095e-07
-4.7976e-08
-1.48742e-07
-5.03535e-08
-9.64707e-08
-5.22712e-08
-4.27736e-08
-5.36971e-08
1.18373e-08
-5.4611e-08
6.68426e-08
-5.50053e-08
1.21729e-07
-5.48862e-08
1.76002e-07
-5.4273e-08
-5.31975e-08
2.29199e-07
-4.65354e-08
9.26021e-08
-9.20427e-08
9.05436e-08
-1.36345e-07
8.81219e-08
-1.79278e-07
8.53617e-08
-2.20684e-07
8.22792e-08
-2.6041e-07
7.88842e-08
-2.98307e-07
7.51815e-08
-3.34224e-07
7.11717e-08
-3.6801e-07
6.68528e-08
-3.99511e-07
6.22204e-08
-4.28568e-07
5.72695e-08
-4.55023e-07
5.19941e-08
-4.7871e-07
4.63892e-08
-4.99464e-07
4.04506e-08
-5.17116e-07
3.41764e-08
-5.31496e-07
2.75672e-08
-5.42436e-07
2.06277e-08
-5.49769e-07
1.33672e-08
-5.53337e-07
5.80048e-09
-5.52985e-07
-2.05054e-09
-5.48576e-07
-1.01563e-08
-5.39985e-07
-1.84782e-08
-5.2711e-07
-2.69679e-08
-5.09878e-07
-3.55659e-08
-4.88245e-07
-4.42016e-08
-4.62208e-07
-5.27927e-08
-4.31811e-07
-6.12452e-08
-3.97149e-07
-6.94548e-08
-3.58374e-07
-7.73082e-08
-3.15703e-07
-8.46856e-08
-2.69419e-07
-9.14644e-08
-2.19872e-07
-9.75233e-08
-1.67478e-07
-1.02747e-07
-1.12715e-07
-1.07034e-07
-5.6113e-08
-1.10299e-07
1.75679e-09
-1.12481e-07
6.02981e-08
-1.13547e-07
1.18907e-07
-1.13495e-07
1.76989e-07
-1.12356e-07
-1.10191e-07
2.33983e-07
-4.74504e-08
1.40053e-07
-9.38773e-08
1.3697e-07
-1.39123e-07
1.33368e-07
-1.8304e-07
1.29279e-07
-2.25487e-07
1.24727e-07
-2.66328e-07
1.19725e-07
-3.05426e-07
1.1428e-07
-3.42645e-07
1.0839e-07
-3.77844e-07
1.02052e-07
-4.1088e-07
9.52571e-08
-4.41607e-07
8.79962e-08
-4.69871e-07
8.02584e-08
-4.95515e-07
7.20328e-08
-5.18374e-07
6.33097e-08
-5.38279e-07
5.40817e-08
-5.55056e-07
4.43441e-08
-5.68525e-07
3.4097e-08
-5.78504e-07
2.3346e-08
-5.84807e-07
1.21035e-08
-5.87249e-07
3.90863e-10
-5.85644e-07
-1.17607e-08
-5.79815e-07
-2.43078e-08
-5.69589e-07
-3.71932e-08
-5.54812e-07
-5.03437e-08
-5.35345e-07
-6.36686e-08
-5.11079e-07
-7.70579e-08
-4.81943e-07
-9.03811e-08
-4.47911e-07
-1.03487e-07
-4.09017e-07
-1.16203e-07
-3.65364e-07
-1.28338e-07
-3.17141e-07
-1.39688e-07
-2.64627e-07
-1.50037e-07
-2.08205e-07
-1.59169e-07
-1.48365e-07
-1.66874e-07
-8.56983e-08
-1.72966e-07
-2.0891e-08
-1.77288e-07
4.52939e-08
-1.79731e-07
1.12043e-07
-1.80243e-07
1.78523e-07
-1.78836e-07
-1.75588e-07
2.4392e-07
-4.87675e-08
1.8882e-07
-9.65185e-08
1.84721e-07
-1.43123e-07
1.79972e-07
-1.8846e-07
1.74615e-07
-2.32412e-07
1.68679e-07
-2.74864e-07
1.62178e-07
-3.15703e-07
1.55118e-07
-3.54811e-07
1.47497e-07
-3.92067e-07
1.39308e-07
-4.27346e-07
1.30536e-07
-4.60517e-07
1.21167e-07
-4.91442e-07
1.11183e-07
-5.19974e-07
1.00565e-07
-5.45958e-07
8.92935e-08
-5.69229e-07
7.73526e-08
-5.89612e-07
6.47272e-08
-6.0692e-07
5.14059e-08
-6.20957e-07
3.73824e-08
-6.3151e-07
2.26569e-08
-6.38357e-07
7.23753e-09
-6.4126e-07
-8.8576e-09
-6.3997e-07
-2.55979e-08
-6.34226e-07
-4.29375e-08
-6.23757e-07
-6.08126e-08
-6.08288e-07
-7.91373e-08
-5.87546e-07
-9.77997e-08
-5.61269e-07
-1.16658e-07
-5.2922e-07
-1.35536e-07
-4.91204e-07
-1.54219e-07
-4.4709e-07
-1.72452e-07
-3.96841e-07
-1.89938e-07
-3.40537e-07
-2.06341e-07
-2.78412e-07
-2.21294e-07
-2.10879e-07
-2.34407e-07
-1.38553e-07
-2.45291e-07
-6.2261e-08
-2.5358e-07
1.69691e-08
-2.58962e-07
9.79369e-08
-2.61211e-07
1.79326e-07
-2.60225e-07
-2.56042e-07
2.59779e-07
-5.04219e-08
2.39242e-07
-9.98369e-08
2.34136e-07
-1.48151e-07
2.28286e-07
-1.95276e-07
2.2174e-07
-2.41127e-07
2.14529e-07
-2.85617e-07
2.06668e-07
-3.28661e-07
1.98162e-07
-3.7017e-07
1.89006e-07
-4.10048e-07
1.79186e-07
-4.48196e-07
1.68685e-07
-4.84507e-07
1.57478e-07
-5.18865e-07
1.45541e-07
-5.51144e-07
1.32844e-07
-5.81209e-07
1.19358e-07
-6.08908e-07
1.05052e-07
-6.34079e-07
8.98981e-08
-6.5654e-07
7.38673e-08
-6.76092e-07
5.69344e-08
-6.92513e-07
3.90772e-08
-7.05553e-07
2.02783e-08
-7.14937e-07
5.26501e-10
-7.20354e-07
-2.0181e-08
-7.21456e-07
-4.18362e-08
-7.17852e-07
-6.44166e-08
-7.09108e-07
-8.78804e-08
-6.94748e-07
-1.12161e-07
-6.74248e-07
-1.37157e-07
-6.47057e-07
-1.62727e-07
-6.12604e-07
-1.88672e-07
-5.70327e-07
-2.14728e-07
-5.19717e-07
-2.40548e-07
-4.60369e-07
-2.65689e-07
-3.92054e-07
-2.89609e-07
-3.14803e-07
-3.11658e-07
-2.28997e-07
-3.31097e-07
-1.35454e-07
-3.47124e-07
-3.54848e-08
-3.58931e-07
6.90901e-08
-3.65786e-07
1.76006e-07
-3.67141e-07
-3.6274e-07
2.82704e-07
-5.23305e-08
2.91572e-07
-1.03666e-07
2.85472e-07
-1.53957e-07
2.78576e-07
-2.03152e-07
2.70936e-07
-2.51205e-07
2.62582e-07
-2.98065e-07
2.53529e-07
-3.43682e-07
2.43779e-07
-3.87998e-07
2.33323e-07
-4.30955e-07
2.22143e-07
-4.72484e-07
2.10214e-07
-5.12511e-07
1.97506e-07
-5.50954e-07
1.83983e-07
-5.87718e-07
1.69608e-07
-6.22698e-07
1.54338e-07
-6.55777e-07
1.38131e-07
-6.86818e-07
1.2094e-07
-7.15669e-07
1.02718e-07
-7.42153e-07
8.34179e-08
-7.66065e-07
6.29901e-08
-7.87171e-07
4.13841e-08
-8.05194e-07
1.85488e-08
-8.19807e-07
-5.56807e-09
-8.30624e-07
-3.10188e-08
-8.37186e-07
-5.78547e-08
-8.38943e-07
-8.61235e-08
-8.35239e-07
-1.15865e-07
-8.25294e-07
-1.47102e-07
-8.08188e-07
-1.79832e-07
-7.82853e-07
-2.14007e-07
-7.48073e-07
-2.49508e-07
-7.02509e-07
-2.86112e-07
-6.44753e-07
-3.23445e-07
-5.73431e-07
-3.60931e-07
-4.87361e-07
-3.97729e-07
-3.85781e-07
-4.32677e-07
-2.68648e-07
-4.64258e-07
-1.36971e-07
-4.90608e-07
6.86497e-09
-5.09622e-07
1.58914e-07
-5.19189e-07
-5.17607e-07
3.13781e-07
-5.4395e-08
3.45967e-07
-1.0781e-07
3.38888e-07
-1.60242e-07
3.31008e-07
-2.11686e-07
3.2238e-07
-2.62136e-07
3.13032e-07
-3.11583e-07
3.02976e-07
-3.60017e-07
2.92212e-07
-4.07419e-07
2.80725e-07
-4.5377e-07
2.68494e-07
-4.99043e-07
2.55487e-07
-5.43204e-07
2.41667e-07
-5.86212e-07
2.26991e-07
-6.28018e-07
2.11413e-07
-6.68561e-07
1.94881e-07
-7.0777e-07
1.7734e-07
-7.45559e-07
1.58729e-07
-7.8183e-07
1.38988e-07
-8.1646e-07
1.18048e-07
-8.49308e-07
9.58378e-08
-8.80201e-07
7.22775e-08
-9.08932e-07
4.72797e-08
-9.35245e-07
2.07453e-08
-9.58824e-07
-7.44002e-09
-9.79269e-07
-3.74095e-08
-9.96072e-07
-6.93206e-08
-1.00858e-06
-1.0336e-07
-1.01593e-06
-1.39747e-07
-1.01703e-06
-1.78737e-07
-1.01042e-06
-2.20613e-07
-9.94252e-07
-2.65678e-07
-9.66147e-07
-3.14217e-07
-9.23157e-07
-3.66436e-07
-8.61724e-07
-4.22363e-07
-7.77771e-07
-4.81682e-07
-6.6696e-07
-5.43488e-07
-5.25263e-07
-6.05955e-07
-3.49952e-07
-6.65918e-07
-1.41116e-07
-7.18458e-07
9.63699e-08
-7.56675e-07
-7.72138e-07
3.50901e-07
-5.65054e-08
4.02473e-07
-1.12048e-07
3.9443e-07
-1.66675e-07
3.85635e-07
-2.20429e-07
3.76133e-07
-2.73348e-07
3.65951e-07
-3.25469e-07
3.55097e-07
-3.76822e-07
3.43565e-07
-4.27435e-07
3.31339e-07
-4.77331e-07
3.1839e-07
-5.26529e-07
3.04685e-07
-5.75043e-07
2.9018e-07
-6.2288e-07
2.74829e-07
-6.70044e-07
2.58577e-07
-7.1653e-07
2.41367e-07
-7.62328e-07
2.23137e-07
-8.07418e-07
2.0382e-07
-8.51775e-07
1.83345e-07
-8.95363e-07
1.61636e-07
-9.38137e-07
1.38612e-07
-9.80041e-07
1.14181e-07
-1.02101e-06
8.82445e-08
-1.06095e-06
6.0685e-08
-1.09975e-06
3.13651e-08
-1.13728e-06
1.15799e-10
-1.17332e-06
-3.32764e-08
-1.20759e-06
-6.90884e-08
-1.23965e-06
-1.07686e-07
-1.26883e-06
-1.49557e-07
-1.29409e-06
-1.95357e-07
-1.3138e-06
-2.45963e-07
-1.32548e-06
-3.02537e-07
-1.32533e-06
-3.66585e-07
-1.30769e-06
-4.40004e-07
-1.26433e-06
-5.25048e-07
-1.18367e-06
-6.24148e-07
-1.05024e-06
-7.39379e-07
-8.44895e-07
-8.71266e-07
-5.47061e-07
-1.01629e-06
-1.417e-07
-1.16204e-06
-1.27801e-06
3.64172e-07
-5.85459e-08
4.61019e-07
-1.16148e-07
4.52032e-07
-1.72903e-07
4.4239e-07
-2.28902e-07
4.32133e-07
-2.84231e-07
4.2128e-07
-3.38968e-07
4.09834e-07
-3.93191e-07
3.97788e-07
-4.46971e-07
3.85119e-07
-5.00378e-07
3.71797e-07
-5.53478e-07
3.57785e-07
-6.06336e-07
3.43038e-07
-6.59013e-07
3.27506e-07
-7.11568e-07
3.11132e-07
-7.64057e-07
2.93856e-07
-8.16535e-07
2.75615e-07
-8.69056e-07
2.56341e-07
-9.21674e-07
2.35964e-07
-9.74448e-07
2.1441e-07
-1.02744e-06
1.91604e-07
-1.08073e-06
1.67468e-07
-1.1344e-06
1.4192e-07
-1.18859e-06
1.14876e-07
-1.24347e-06
8.62404e-08
-1.29926e-06
5.59081e-08
-1.35629e-06
2.37497e-08
-1.41497e-06
-1.04024e-08
-1.47588e-06
-4.67815e-08
-1.5397e-06
-8.57303e-08
-1.60729e-06
-1.27773e-07
-1.67952e-06
-1.73731e-07
-1.75714e-06
-2.24914e-07
-1.84029e-06
-2.83433e-07
-1.92759e-06
-3.52708e-07
-2.01431e-06
-4.38324e-07
-2.08902e-06
-5.49443e-07
-2.12722e-06
-7.01176e-07
-2.07992e-06
-9.18569e-07
-1.85289e-06
-1.24332e-06
-1.26987e-06
-1.74506e-06
-2.54035e-06
-7.53192e-09
-6.03992e-08
5.21418e-07
-1.19874e-07
5.11507e-07
-1.7857e-07
5.01087e-07
-2.36625e-07
4.90187e-07
-2.94166e-07
4.78821e-07
-3.51318e-07
4.66986e-07
-4.082e-07
4.5467e-07
-4.64928e-07
4.41847e-07
-5.21618e-07
4.28487e-07
-5.78384e-07
4.14551e-07
-6.35338e-07
3.99993e-07
-6.92595e-07
3.84763e-07
-7.50269e-07
3.68806e-07
-8.08476e-07
3.52063e-07
-8.67333e-07
3.34472e-07
-9.26959e-07
3.15968e-07
-9.87481e-07
2.96486e-07
-1.04903e-06
2.7596e-07
-1.11176e-06
2.54328e-07
-1.17582e-06
2.31534e-07
-1.24143e-06
2.07528e-07
-1.30883e-06
1.82279e-07
-1.37837e-06
1.55774e-07
-1.45049e-06
1.28033e-07
-1.52586e-06
9.91182e-08
-1.60542e-06
6.91531e-08
-1.69054e-06
3.8342e-08
-1.78327e-06
7.00218e-09
-1.88665e-06
-2.43934e-08
-2.00523e-06
-5.51517e-08
-2.14589e-06
-8.42591e-08
-2.3191e-06
-1.10219e-07
-2.54103e-06
-1.30775e-07
-2.83692e-06
-1.42436e-07
-3.24673e-06
-1.3963e-07
-3.83469e-06
-1.13221e-07
-4.70539e-06
-4.78671e-08
-6.03134e-06
8.26286e-08
-8.09986e-06
3.23466e-07
7.42629e-07
-1.13796e-05
-6.19535e-08
5.83371e-07
-1.23002e-07
5.72556e-07
-1.83336e-07
5.6142e-07
-2.43133e-07
5.49984e-07
-3.02561e-07
5.38249e-07
-3.61783e-07
5.26209e-07
-4.2096e-07
5.13846e-07
-4.80247e-07
5.01134e-07
-5.39801e-07
4.88042e-07
-5.99782e-07
4.74531e-07
-6.60348e-07
4.60559e-07
-7.21662e-07
4.46077e-07
-7.8389e-07
4.31033e-07
-8.472e-07
4.15373e-07
-9.11765e-07
3.99037e-07
-9.7776e-07
3.81963e-07
-1.04537e-06
3.64091e-07
-1.11476e-06
3.45357e-07
-1.18614e-06
3.25703e-07
-1.25968e-06
3.05077e-07
-1.33559e-06
2.8344e-07
-1.41408e-06
2.60772e-07
-1.4954e-06
2.37089e-07
-1.57982e-06
2.12455e-07
-1.66771e-06
1.87008e-07
-1.75956e-06
1.60997e-07
-1.85604e-06
1.34827e-07
-1.95816e-06
1.09123e-07
-2.06738e-06
8.48258e-08
-2.18584e-06
6.33084e-08
-2.31664e-06
4.65379e-08
-2.46414e-06
3.72866e-08
-2.63432e-06
3.93983e-08
-2.83487e-06
5.81158e-08
-3.07496e-06
1.0046e-07
-3.3638e-06
1.75623e-07
-3.70695e-06
2.95279e-07
-4.09794e-06
4.73621e-07
-4.50117e-06
7.267e-07
1.04697e-06
-3.99791e-06
-6.31082e-08
6.4648e-07
-1.2533e-07
6.34778e-07
-1.86893e-07
6.22983e-07
-2.48008e-07
6.11099e-07
-3.08878e-07
5.99119e-07
-3.69698e-07
5.87029e-07
-4.30662e-07
5.74809e-07
-4.9196e-07
5.62433e-07
-5.53787e-07
5.49868e-07
-6.16337e-07
5.37082e-07
-6.79812e-07
5.24033e-07
-7.44416e-07
5.10681e-07
-8.10361e-07
4.96979e-07
-8.77865e-07
4.82877e-07
-9.4715e-07
4.68321e-07
-1.01844e-06
4.53255e-07
-1.09197e-06
4.37616e-07
-1.16795e-06
4.21339e-07
-1.2466e-06
4.04356e-07
-1.32812e-06
3.86594e-07
-1.41266e-06
3.67981e-07
-1.50034e-06
3.48448e-07
-1.59118e-06
3.27932e-07
-1.68511e-06
3.06389e-07
-1.7819e-06
2.83799e-07
-1.8811e-06
2.60193e-07
-1.98195e-06
2.35676e-07
-2.08329e-06
2.10466e-07
-2.18341e-06
1.84946e-07
-2.27984e-06
1.59739e-07
-2.3691e-06
1.35792e-07
-2.4463e-06
1.14485e-07
-2.50464e-06
9.7746e-08
-2.53468e-06
8.81487e-08
-2.52317e-06
8.89506e-08
-2.45153e-06
1.03983e-07
-2.2935e-06
1.37251e-07
-2.0119e-06
1.92025e-07
-1.55429e-06
2.69088e-07
3.44472e-07
-5.03009e-07
-6.37794e-08
7.10259e-07
-1.2669e-07
6.97689e-07
-1.88985e-07
6.85278e-07
-2.50903e-07
6.73016e-07
-3.12669e-07
6.60886e-07
-3.74505e-07
6.48866e-07
-4.36629e-07
6.36933e-07
-4.99257e-07
6.25061e-07
-5.62611e-07
6.13222e-07
-6.26916e-07
6.01387e-07
-6.92405e-07
5.89522e-07
-7.59318e-07
5.77594e-07
-8.27907e-07
5.65568e-07
-8.98432e-07
5.53402e-07
-9.71165e-07
5.41054e-07
-1.04638e-06
5.28475e-07
-1.12438e-06
5.15608e-07
-1.20543e-06
5.02389e-07
-1.28981e-06
4.88741e-07
-1.37779e-06
4.7457e-07
-1.46957e-06
4.59763e-07
-1.5653e-06
4.44176e-07
-1.665e-06
4.27634e-07
-1.76852e-06
4.09909e-07
-1.87544e-06
3.90715e-07
-1.98493e-06
3.69686e-07
-2.09561e-06
3.46355e-07
-2.20527e-06
3.20132e-07
-2.3106e-06
2.90276e-07
-2.40674e-06
2.55874e-07
-2.48678e-06
2.15835e-07
-2.54121e-06
1.68913e-07
-2.55725e-06
1.13789e-07
-2.51838e-06
4.92735e-08
-2.40411e-06
-2.53148e-08
-2.19066e-06
-1.09465e-07
-1.85307e-06
-2.00347e-07
-1.36998e-06
-2.91062e-07
-7.32782e-07
-3.68109e-07
-3.78997e-07
-5.05203e-09
-6.39048e-08
7.74164e-07
-1.26956e-07
7.6074e-07
-1.89423e-07
7.47745e-07
-2.51558e-07
7.35151e-07
-3.13602e-07
7.2293e-07
-3.75791e-07
7.11054e-07
-4.38356e-07
6.99498e-07
-5.01531e-07
6.88236e-07
-5.65552e-07
6.77244e-07
-6.30664e-07
6.66498e-07
-6.97119e-07
6.55977e-07
-7.65183e-07
6.45658e-07
-8.35134e-07
6.35519e-07
-9.0727e-07
6.25538e-07
-9.81904e-07
6.15688e-07
-1.05937e-06
6.0594e-07
-1.14002e-06
5.9626e-07
-1.22423e-06
5.86601e-07
-1.3124e-06
5.76905e-07
-1.40492e-06
5.67094e-07
-1.50222e-06
5.57058e-07
-1.60469e-06
5.46649e-07
-1.71272e-06
5.35659e-07
-1.8266e-06
5.23797e-07
-1.94655e-06
5.10657e-07
-2.07253e-06
4.95669e-07
-2.20421e-06
4.78034e-07
-2.34071e-06
4.56632e-07
-2.48033e-06
4.29895e-07
-2.62009e-06
3.95636e-07
-2.75507e-06
3.50816e-07
-2.8774e-06
2.91248e-07
-2.97484e-06
2.11224e-07
-3.02867e-06
1.03099e-07
-3.01087e-06
-4.31086e-08
-2.88043e-06
-2.3991e-07
-2.57883e-06
-5.01943e-07
-2.0257e-06
-8.4419e-07
-1.11653e-06
-1.27728e-06
-1.62917e-06
1.338e-07
-6.34475e-08
8.37611e-07
-1.26054e-07
8.23346e-07
-1.88093e-07
8.09784e-07
-2.4982e-07
7.96878e-07
-3.1148e-07
7.8459e-07
-3.7331e-07
7.72885e-07
-4.35546e-07
7.61734e-07
-4.98422e-07
7.51113e-07
-5.6218e-07
7.41001e-07
-6.27066e-07
7.31384e-07
-6.93339e-07
7.2225e-07
-7.61271e-07
7.1359e-07
-8.31152e-07
7.054e-07
-9.03294e-07
6.9768e-07
-9.78034e-07
6.90428e-07
-1.05574e-06
6.83648e-07
-1.13682e-06
6.77342e-07
-1.22173e-06
6.71508e-07
-1.31097e-06
6.66144e-07
-1.40511e-06
6.61237e-07
-1.50482e-06
6.56761e-07
-1.61084e-06
6.52672e-07
-1.72407e-06
6.48894e-07
-1.84559e-06
6.4531e-07
-1.97667e-06
6.41738e-07
-2.1189e-06
6.37904e-07
-2.27427e-06
6.33399e-07
-2.44525e-06
6.27609e-07
-2.63497e-06
6.19618e-07
-2.84736e-06
6.0803e-07
-3.08724e-06
5.90696e-07
-3.36024e-06
5.64245e-07
-3.67229e-06
5.23273e-07
-4.02814e-06
4.58954e-07
-4.42786e-06
3.56615e-07
-4.85926e-06
1.9149e-07
-5.28254e-06
-7.86715e-08
-5.60023e-06
-5.26496e-07
-5.59984e-06
-1.27767e-06
-1.95554e-06
1.10484e-07
-6.23975e-08
9.00009e-07
-1.23965e-07
8.84913e-07
-1.84966e-07
8.70785e-07
-2.45651e-07
8.57562e-07
-3.06254e-07
8.45193e-07
-3.67005e-07
8.33636e-07
-4.28129e-07
8.22858e-07
-4.89851e-07
8.12835e-07
-5.52399e-07
8.03549e-07
-6.16008e-07
7.94993e-07
-6.80921e-07
7.87163e-07
-7.47397e-07
7.80066e-07
-8.15711e-07
7.73715e-07
-8.86161e-07
7.68129e-07
-9.59071e-07
7.63338e-07
-1.0348e-06
7.59378e-07
-1.11375e-06
7.56295e-07
-1.19639e-06
7.54145e-07
-1.28324e-06
7.52995e-07
-1.37493e-06
7.52924e-07
-1.4722e-06
7.5403e-07
-1.57596e-06
7.56431e-07
-1.68733e-06
7.60272e-07
-1.80777e-06
7.65742e-07
-1.93911e-06
7.73084e-07
-2.08384e-06
7.82631e-07
-2.24529e-06
7.94851e-07
-2.42811e-06
8.10426e-07
-2.63887e-06
8.30378e-07
-2.88713e-06
8.56288e-07
-3.18708e-06
8.90647e-07
-3.5603e-06
9.37472e-07
-4.04037e-06
1.00334e-06
-4.68057e-06
1.09915e-06
-5.56715e-06
1.2432e-06
-6.84203e-06
1.46637e-06
-8.74186e-06
1.82116e-06
-1.16655e-05
2.39711e-06
-1.59278e-05
3.27015e-06
1.3089e-08
2.88651e-06
-6.07722e-08
9.60781e-07
-1.20723e-07
9.44864e-07
-1.80098e-07
9.3016e-07
-2.39127e-07
9.16592e-07
-2.98028e-07
9.04094e-07
-3.57009e-07
8.92617e-07
-4.16274e-07
8.82123e-07
-4.76024e-07
8.72585e-07
-5.36463e-07
8.63988e-07
-5.97795e-07
8.56325e-07
-6.60232e-07
8.496e-07
-7.23995e-07
8.43829e-07
-7.89316e-07
8.39036e-07
-8.56444e-07
8.35257e-07
-9.25647e-07
8.32542e-07
-9.97221e-07
8.30952e-07
-1.07149e-06
8.30567e-07
-1.14883e-06
8.31483e-07
-1.22966e-06
8.3382e-07
-1.31446e-06
8.37725e-07
-1.40381e-06
8.4338e-07
-1.49839e-06
8.51012e-07
-1.59902e-06
8.60907e-07
-1.70671e-06
8.73427e-07
-1.82266e-06
8.89037e-07
-1.94838e-06
9.08343e-07
-2.08566e-06
9.32134e-07
-2.23668e-06
9.61449e-07
-2.40396e-06
9.97659e-07
-2.59024e-06
1.04257e-06
-2.79812e-06
1.09852e-06
-3.02919e-06
1.16855e-06
-3.28223e-06
1.25637e-06
-3.54946e-06
1.36638e-06
-3.80941e-06
1.50315e-06
-4.01326e-06
1.67022e-06
-4.05947e-06
1.86736e-06
-3.74718e-06
2.08482e-06
-1.04062e-06
1.98037e-06
6.91791e-08
5.42034e-07
-5.86136e-08
1.01939e-06
-1.16414e-07
1.00266e-06
-1.7362e-07
9.87366e-07
-2.30432e-07
9.73404e-07
-2.87041e-07
9.60703e-07
-3.43627e-07
9.49203e-07
-4.00363e-07
9.38859e-07
-4.57416e-07
9.29639e-07
-5.14953e-07
9.21525e-07
-5.73137e-07
9.14508e-07
-6.32131e-07
9.08594e-07
-6.92101e-07
9.03799e-07
-7.53216e-07
9.0015e-07
-8.15648e-07
8.97689e-07
-8.79578e-07
8.96471e-07
-9.4519e-07
8.96565e-07
-1.01268e-06
8.98059e-07
-1.08226e-06
9.01061e-07
-1.15414e-06
9.05702e-07
-1.22856e-06
9.12139e-07
-1.30574e-06
9.20567e-07
-1.38595e-06
9.31215e-07
-1.4694e-06
9.44366e-07
-1.55633e-06
9.60356e-07
-1.64689e-06
9.79593e-07
-1.74111e-06
1.00256e-06
-1.83881e-06
1.02984e-06
-1.93946e-06
1.06209e-06
-2.04188e-06
1.10008e-06
-2.14396e-06
1.14464e-06
-2.24205e-06
1.19662e-06
-2.33027e-06
1.25676e-06
-2.39948e-06
1.32559e-06
-2.43615e-06
1.40305e-06
-2.42117e-06
1.48817e-06
-2.32943e-06
1.57849e-06
-2.13153e-06
1.66946e-06
-1.80077e-06
1.75406e-06
-3.52411e-07
1.38352e-06
2.30593e-08
2.6073e-07
-5.5985e-08
1.07538e-06
-1.11167e-07
1.05785e-06
-1.65728e-07
1.04193e-06
-2.19837e-07
1.02751e-06
-2.73649e-07
1.01452e-06
-3.27311e-07
1.00286e-06
-3.80959e-07
9.92506e-07
-4.3472e-07
9.83401e-07
-4.88717e-07
9.75522e-07
-5.43065e-07
9.68856e-07
-5.97871e-07
9.634e-07
-6.53237e-07
9.59166e-07
-7.09259e-07
9.56173e-07
-7.66024e-07
9.54454e-07
-8.23609e-07
9.54056e-07
-8.8208e-07
9.55036e-07
-9.41486e-07
9.57466e-07
-1.00186e-06
9.61433e-07
-1.0632e-06
9.67042e-07
-1.12547e-06
9.74414e-07
-1.18859e-06
9.83688e-07
-1.25241e-06
9.95027e-07
-1.31665e-06
1.00861e-06
-1.38094e-06
1.02464e-06
-1.44468e-06
1.04334e-06
-1.50704e-06
1.06492e-06
-1.56682e-06
1.08962e-06
-1.62236e-06
1.11763e-06
-1.67137e-06
1.1491e-06
-1.71081e-06
1.18408e-06
-1.73667e-06
1.22248e-06
-1.74384e-06
1.26393e-06
-1.72602e-06
1.30777e-06
-1.67587e-06
1.3529e-06
-1.58535e-06
1.39765e-06
-1.44663e-06
1.43977e-06
-1.25358e-06
1.47641e-06
-1.00378e-06
1.50426e-06
-1.60561e-07
1.0602e-06
8.96462e-09
1.65491e-07
-5.29649e-08
1.12834e-06
-1.05139e-07
1.11002e-06
-1.56665e-07
1.09345e-06
-2.07676e-07
1.07852e-06
-2.58289e-07
1.06513e-06
-3.08614e-07
1.05319e-06
-3.58747e-07
1.04264e-06
-4.08776e-07
1.03343e-06
-4.58777e-07
1.02552e-06
-5.08816e-07
1.01889e-06
-5.58946e-07
1.01353e-06
-6.09209e-07
1.00943e-06
-6.59628e-07
1.00659e-06
-7.10212e-07
1.00504e-06
-7.60947e-07
1.00479e-06
-8.11793e-07
1.00588e-06
-8.62678e-07
1.00835e-06
-9.13491e-07
1.01225e-06
-9.64074e-07
1.01762e-06
-1.0142e-06
1.02454e-06
-1.06359e-06
1.03307e-06
-1.11183e-06
1.04327e-06
-1.15841e-06
1.0552e-06
-1.20268e-06
1.06891e-06
-1.2438e-06
1.08445e-06
-1.28069e-06
1.10181e-06
-1.31204e-06
1.12097e-06
-1.33624e-06
1.14183e-06
-1.35134e-06
1.16419e-06
-1.35505e-06
1.18779e-06
-1.34476e-06
1.21219e-06
-1.31763e-06
1.2368e-06
-1.2707e-06
1.26084e-06
-1.20114e-06
1.28335e-06
-1.10665e-06
1.30315e-06
-9.85825e-07
1.31895e-06
-8.38766e-07
1.32935e-06
-6.67521e-07
1.33302e-06
-9.67414e-08
8.7045e-07
4.52485e-09
1.23124e-07
-4.96409e-08
1.17799e-06
-9.85069e-08
1.15889e-06
-1.46702e-07
1.14165e-06
-1.9432e-07
1.12614e-06
-2.41442e-07
1.11225e-06
-2.88139e-07
1.09989e-06
-3.34471e-07
1.08897e-06
-3.80487e-07
1.07945e-06
-4.26222e-07
1.07126e-06
-4.71697e-07
1.06437e-06
-5.1692e-07
1.05875e-06
-5.61878e-07
1.05439e-06
-6.06542e-07
1.05126e-06
-6.50858e-07
1.04935e-06
-6.94746e-07
1.04868e-06
-7.38092e-07
1.04923e-06
-7.80748e-07
1.05101e-06
-8.22521e-07
1.05402e-06
-8.63164e-07
1.05827e-06
-9.02372e-07
1.06375e-06
-9.39766e-07
1.07046e-06
-9.74884e-07
1.07839e-06
-1.00717e-06
1.08748e-06
-1.03596e-06
1.0977e-06
-1.06048e-06
1.10896e-06
-1.07981e-06
1.12114e-06
-1.09292e-06
1.13408e-06
-1.09865e-06
1.14756e-06
-1.09575e-06
1.1613e-06
-1.08291e-06
1.17494e-06
-1.05879e-06
1.18807e-06
-1.02216e-06
1.20017e-06
-9.71986e-07
1.21067e-06
-9.07568e-07
1.21893e-06
-8.28702e-07
1.22428e-06
-7.35825e-07
1.22607e-06
-6.3014e-07
1.22366e-06
-5.13658e-07
1.21654e-06
-6.98664e-08
7.4984e-07
2.83015e-09
9.85329e-08
-4.61034e-08
1.22409e-06
-9.14534e-08
1.20424e-06
-1.36115e-07
1.18631e-06
-1.80146e-07
1.17017e-06
-2.23592e-07
1.1557e-06
-2.66492e-07
1.14279e-06
-3.08871e-07
1.13135e-06
-3.50744e-07
1.12132e-06
-3.92112e-07
1.11263e-06
-4.32962e-07
1.10522e-06
-4.73265e-07
1.09906e-06
-5.12972e-07
1.09409e-06
-5.52017e-07
1.0903e-06
-5.90308e-07
1.08764e-06
-6.27726e-07
1.0861e-06
-6.64124e-07
1.08563e-06
-6.99319e-07
1.0862e-06
-7.33092e-07
1.08779e-06
-7.65178e-07
1.09035e-06
-7.95266e-07
1.09384e-06
-8.22994e-07
1.09819e-06
-8.47941e-07
1.10333e-06
-8.69632e-07
1.10918e-06
-8.87531e-07
1.1156e-06
-9.01048e-07
1.12248e-06
-9.09544e-07
1.12964e-06
-9.12346e-07
1.13688e-06
-9.08767e-07
1.14398e-06
-8.9813e-07
1.15066e-06
-8.79812e-07
1.15663e-06
-8.53287e-07
1.16155e-06
-8.18182e-07
1.16507e-06
-7.74336e-07
1.16682e-06
-7.21863e-07
1.16645e-06
-6.61205e-07
1.16363e-06
-5.93177e-07
1.15804e-06
-5.18985e-07
1.14947e-06
-4.4022e-07
1.13778e-06
-5.58198e-08
6.63113e-07
2.06866e-09
8.21136e-08
-4.24403e-08
1.26653e-06
-8.4154e-08
1.24595e-06
-1.25171e-07
1.22733e-06
-1.65515e-07
1.21052e-06
-2.05204e-07
1.19539e-06
-2.44243e-07
1.18183e-06
-2.82633e-07
1.16974e-06
-3.20361e-07
1.15905e-06
-3.57402e-07
1.14967e-06
-3.93719e-07
1.14154e-06
-4.29258e-07
1.1346e-06
-4.63951e-07
1.12879e-06
-4.97711e-07
1.12406e-06
-5.30429e-07
1.12036e-06
-5.61979e-07
1.11765e-06
-5.92204e-07
1.11585e-06
-6.20928e-07
1.11493e-06
-6.47942e-07
1.11481e-06
-6.7301e-07
1.11542e-06
-6.95866e-07
1.1167e-06
-7.16213e-07
1.11854e-06
-7.33727e-07
1.12085e-06
-7.48056e-07
1.1235e-06
-7.58828e-07
1.12638e-06
-7.65658e-07
1.12931e-06
-7.6816e-07
1.13214e-06
-7.65956e-07
1.13468e-06
-7.58702e-07
1.13673e-06
-7.46101e-07
1.13806e-06
-7.27934e-07
1.13846e-06
-7.04078e-07
1.13769e-06
-6.7454e-07
1.13553e-06
-6.39476e-07
1.13176e-06
-5.99209e-07
1.12619e-06
-5.5424e-07
1.11866e-06
-5.05249e-07
1.10905e-06
-4.53079e-07
1.0973e-06
-3.987e-07
1.08341e-06
-4.69333e-08
5.97365e-07
1.67605e-09
6.99529e-08
-3.8732e-08
1.30526e-06
-7.67698e-08
1.28399e-06
-1.14112e-07
1.26467e-06
-1.50755e-07
1.24716e-06
-1.86689e-07
1.23132e-06
-2.21898e-07
1.21704e-06
-2.56359e-07
1.2042e-06
-2.90039e-07
1.19273e-06
-3.22897e-07
1.18252e-06
-3.54881e-07
1.17352e-06
-3.85924e-07
1.16564e-06
-4.1595e-07
1.15881e-06
-4.44867e-07
1.15298e-06
-4.72569e-07
1.14807e-06
-4.98935e-07
1.14401e-06
-5.23826e-07
1.14074e-06
-5.47089e-07
1.13819e-06
-5.68553e-07
1.13627e-06
-5.88032e-07
1.1349e-06
-6.05327e-07
1.13399e-06
-6.20226e-07
1.13344e-06
-6.32509e-07
1.13313e-06
-6.4195e-07
1.13295e-06
-6.48327e-07
1.13275e-06
-6.51426e-07
1.13241e-06
-6.51052e-07
1.13177e-06
-6.47037e-07
1.13067e-06
-6.39252e-07
1.12894e-06
-6.27621e-07
1.12643e-06
-6.12129e-07
1.12297e-06
-5.92836e-07
1.1184e-06
-5.69884e-07
1.11258e-06
-5.43501e-07
1.10537e-06
-5.14007e-07
1.09669e-06
-4.81803e-07
1.08645e-06
-4.47365e-07
1.07461e-06
-4.11224e-07
1.06116e-06
-3.73933e-07
1.04612e-06
-4.03695e-08
5.44946e-07
1.45976e-09
6.01694e-08
-3.50492e-08
1.34031e-06
-6.94414e-08
1.31838e-06
-1.0315e-07
1.29838e-06
-1.36146e-07
1.28016e-06
-1.68401e-07
1.26357e-06
-1.9988e-07
1.24851e-06
-2.30543e-07
1.23487e-06
-2.60346e-07
1.22253e-06
-2.89236e-07
1.21141e-06
-3.17153e-07
1.20144e-06
-3.44028e-07
1.19251e-06
-3.69785e-07
1.18457e-06
-3.94339e-07
1.17753e-06
-4.17595e-07
1.17132e-06
-4.39449e-07
1.16587e-06
-4.59791e-07
1.16108e-06
-4.78503e-07
1.1569e-06
-4.95459e-07
1.15323e-06
-5.10532e-07
1.14997e-06
-5.23591e-07
1.14705e-06
-5.34505e-07
1.14435e-06
-5.43151e-07
1.14178e-06
-5.49411e-07
1.13921e-06
-5.53182e-07
1.13652e-06
-5.5438e-07
1.13361e-06
-5.52944e-07
1.13033e-06
-5.48842e-07
1.12656e-06
-5.42079e-07
1.12218e-06
-5.32699e-07
1.11705e-06
-5.20787e-07
1.11106e-06
-5.06477e-07
1.10409e-06
-4.89947e-07
1.09604e-06
-4.71419e-07
1.08685e-06
-4.51157e-07
1.07643e-06
-4.29457e-07
1.06475e-06
-4.06647e-07
1.0518e-06
-3.83076e-07
1.03759e-06
-3.59104e-07
1.02216e-06
-3.4897e-08
5.00336e-07
1.33891e-09
5.17423e-08
-3.14511e-08
1.37176e-06
-6.22864e-08
1.34921e-06
-9.24582e-08
1.32855e-06
-1.2192e-07
1.30962e-06
-1.50627e-07
1.29228e-06
-1.78529e-07
1.27642e-06
-2.05578e-07
1.26191e-06
-2.31719e-07
1.24867e-06
-2.56896e-07
1.23659e-06
-2.81045e-07
1.22559e-06
-3.04102e-07
1.21557e-06
-3.25995e-07
1.20646e-06
-3.46651e-07
1.19819e-06
-3.65991e-07
1.19066e-06
-3.83935e-07
1.18381e-06
-4.00401e-07
1.17755e-06
-4.15309e-07
1.17181e-06
-4.28579e-07
1.1665e-06
-4.40135e-07
1.16153e-06
-4.49908e-07
1.15682e-06
-4.5784e-07
1.15229e-06
-4.63884e-07
1.14782e-06
-4.68008e-07
1.14333e-06
-4.702e-07
1.13872e-06
-4.7047e-07
1.13388e-06
-4.6885e-07
1.12871e-06
-4.65401e-07
1.12312e-06
-4.60213e-07
1.11699e-06
-4.534e-07
1.11024e-06
-4.45107e-07
1.10276e-06
-4.35501e-07
1.09448e-06
-4.24767e-07
1.08531e-06
-4.13107e-07
1.07519e-06
-4.00724e-07
1.06405e-06
-3.87817e-07
1.05185e-06
-3.74572e-07
1.03856e-06
-3.61146e-07
1.02416e-06
-3.47653e-07
1.00868e-06
-2.99466e-08
4.59558e-07
1.26753e-09
4.41139e-08
-2.79851e-08
1.39975e-06
-5.53985e-08
1.37663e-06
-8.21764e-08
1.35533e-06
-1.08259e-07
1.3357e-06
-1.33587e-07
1.31761e-06
-1.58105e-07
1.30093e-06
-1.81755e-07
1.28556e-06
-2.04478e-07
1.27139e-06
-2.26215e-07
1.25833e-06
-2.46907e-07
1.24628e-06
-2.6649e-07
1.23515e-06
-2.84904e-07
1.22488e-06
-3.02085e-07
1.21537e-06
-3.17974e-07
1.20655e-06
-3.32512e-07
1.19835e-06
-3.45643e-07
1.19068e-06
-3.57319e-07
1.18348e-06
-3.67498e-07
1.17667e-06
-3.76148e-07
1.17018e-06
-3.83251e-07
1.16393e-06
-3.888e-07
1.15783e-06
-3.9281e-07
1.15183e-06
-3.95311e-07
1.14583e-06
-3.96359e-07
1.13976e-06
-3.96031e-07
1.13355e-06
-3.94429e-07
1.12711e-06
-3.91681e-07
1.12037e-06
-3.87939e-07
1.11325e-06
-3.83377e-07
1.10567e-06
-3.78191e-07
1.09758e-06
-3.72587e-07
1.08888e-06
-3.66783e-07
1.07951e-06
-3.60995e-07
1.0694e-06
-3.55424e-07
1.05848e-06
-3.50243e-07
1.04667e-06
-3.45569e-07
1.03388e-06
-3.41436e-07
1.02003e-06
-3.37723e-07
1.00498e-06
-2.52927e-08
4.23319e-07
1.21081e-09
3.70301e-08
-2.46875e-08
1.42443e-06
-4.88493e-08
1.40079e-06
-7.24095e-08
1.37889e-06
-9.52981e-08
1.35859e-06
-1.17449e-07
1.33976e-06
-1.38798e-07
1.32228e-06
-1.59283e-07
1.30605e-06
-1.78845e-07
1.29096e-06
-1.97423e-07
1.27691e-06
-2.1496e-07
1.26381e-06
-2.31399e-07
1.25159e-06
-2.46686e-07
1.24016e-06
-2.60769e-07
1.22945e-06
-2.73601e-07
1.21938e-06
-2.85141e-07
1.20989e-06
-2.95353e-07
1.2009e-06
-3.04213e-07
1.19234e-06
-3.11706e-07
1.18417e-06
-3.17831e-07
1.17631e-06
-3.22601e-07
1.1687e-06
-3.2605e-07
1.16128e-06
-3.28229e-07
1.15401e-06
-3.29214e-07
1.14682e-06
-3.29103e-07
1.13965e-06
-3.28023e-07
1.13247e-06
-3.26125e-07
1.12521e-06
-3.23587e-07
1.11783e-06
-3.20617e-07
1.11028e-06
-3.17444e-07
1.1025e-06
-3.14324e-07
1.09446e-06
-3.11532e-07
1.08608e-06
-3.09359e-07
1.07734e-06
-3.08113e-07
1.06815e-06
-3.08111e-07
1.05847e-06
-3.0968e-07
1.04823e-06
-3.13156e-07
1.03736e-06
-3.18881e-07
1.02576e-06
-3.27166e-07
1.01329e-06
-2.09542e-08
3.93193e-07
1.14086e-09
3.04782e-08
-2.15848e-08
1.44602e-06
-4.26903e-08
1.4219e-06
-6.32327e-08
1.39943e-06
-8.31352e-08
1.37849e-06
-1.02326e-07
1.35895e-06
-1.20737e-07
1.34069e-06
-1.38304e-07
1.32362e-06
-1.54966e-07
1.30762e-06
-1.70664e-07
1.2926e-06
-1.85341e-07
1.27849e-06
-1.98945e-07
1.2652e-06
-2.11427e-07
1.25265e-06
-2.22743e-07
1.24077e-06
-2.32854e-07
1.22949e-06
-2.41729e-07
1.21876e-06
-2.49344e-07
1.20851e-06
-2.55688e-07
1.19869e-06
-2.6076e-07
1.18924e-06
-2.64574e-07
1.18012e-06
-2.67161e-07
1.17128e-06
-2.68569e-07
1.16269e-06
-2.68872e-07
1.15431e-06
-2.68163e-07
1.14611e-06
-2.66563e-07
1.13805e-06
-2.64223e-07
1.13013e-06
-2.61322e-07
1.12231e-06
-2.58072e-07
1.11458e-06
-2.54716e-07
1.10692e-06
-2.51531e-07
1.09932e-06
-2.48822e-07
1.09175e-06
-2.46927e-07
1.08419e-06
-2.4621e-07
1.07662e-06
-2.47066e-07
1.06901e-06
-2.4992e-07
1.06133e-06
-2.55244e-07
1.05356e-06
-2.63577e-07
1.04569e-06
-2.75579e-07
1.03776e-06
-2.92056e-07
1.02981e-06
-1.72008e-08
3.69364e-07
1.03421e-09
2.46251e-08
-1.86943e-08
1.46471e-06
-3.69556e-08
1.44016e-06
-5.46955e-08
1.41717e-06
-7.1833e-08
1.39563e-06
-8.82931e-08
1.37541e-06
-1.04006e-07
1.35641e-06
-1.18905e-07
1.33852e-06
-1.3293e-07
1.32164e-06
-1.46021e-07
1.30569e-06
-1.58124e-07
1.29059e-06
-1.69187e-07
1.27626e-06
-1.79165e-07
1.26262e-06
-1.88016e-07
1.24962e-06
-1.95705e-07
1.23718e-06
-2.02202e-07
1.22526e-06
-2.07488e-07
1.2138e-06
-2.11552e-07
1.20275e-06
-2.14395e-07
1.19208e-06
-2.16029e-07
1.18175e-06
-2.16484e-07
1.17174e-06
-2.15806e-07
1.16201e-06
-2.14061e-07
1.15257e-06
-2.11338e-07
1.14338e-06
-2.07753e-07
1.13447e-06
-2.03449e-07
1.12583e-06
-1.98606e-07
1.11747e-06
-1.93437e-07
1.10941e-06
-1.88196e-07
1.10168e-06
-1.83178e-07
1.0943e-06
-1.7872e-07
1.08729e-06
-1.75195e-07
1.08066e-06
-1.73006e-07
1.07443e-06
-1.72568e-07
1.06857e-06
-1.7429e-07
1.06305e-06
-1.78545e-07
1.05781e-06
-1.85642e-07
1.05279e-06
-1.95809e-07
1.04792e-06
-2.09159e-07
1.0432e-06
-1.44413e-08
3.521e-07
8.86075e-10
1.97711e-08
-1.60258e-08
1.48074e-06
-3.16643e-08
1.4558e-06
-4.68251e-08
1.43233e-06
-6.14256e-08
1.41023e-06
-7.53897e-08
1.38937e-06
-8.86467e-08
1.36966e-06
-1.01131e-07
1.351e-06
-1.12779e-07
1.33329e-06
-1.23535e-07
1.31645e-06
-1.33342e-07
1.3004e-06
-1.42152e-07
1.28507e-06
-1.49916e-07
1.27039e-06
-1.56593e-07
1.2563e-06
-1.62145e-07
1.24273e-06
-1.6654e-07
1.22965e-06
-1.69754e-07
1.21701e-06
-1.71766e-07
1.20476e-06
-1.72568e-07
1.19288e-06
-1.72157e-07
1.18134e-06
-1.70542e-07
1.17012e-06
-1.67747e-07
1.15922e-06
-1.63807e-07
1.14863e-06
-1.58777e-07
1.13835e-06
-1.52731e-07
1.12842e-06
-1.45772e-07
1.11887e-06
-1.38031e-07
1.10973e-06
-1.29681e-07
1.10106e-06
-1.20943e-07
1.09294e-06
-1.12095e-07
1.08545e-06
-1.03487e-07
1.07868e-06
-9.55407e-08
1.07272e-06
-8.87562e-08
1.06765e-06
-8.36916e-08
1.06351e-06
-8.09186e-08
1.06028e-06
-8.09277e-08
1.05782e-06
-8.39623e-08
1.05582e-06
-8.9757e-08
1.05372e-06
-9.7155e-08
1.05062e-06
-1.29095e-08
3.48918e-07
7.83061e-10
1.62198e-08
-1.35823e-08
1.49432e-06
-2.68218e-08
1.46903e-06
-3.96289e-08
1.44514e-06
-5.19217e-08
1.42252e-06
-6.36248e-08
1.40108e-06
-7.46683e-08
1.38071e-06
-8.49868e-08
1.36132e-06
-9.45189e-08
1.34282e-06
-1.03207e-07
1.32514e-06
-1.10996e-07
1.30819e-06
-1.17835e-07
1.29191e-06
-1.23676e-07
1.27623e-06
-1.28473e-07
1.26109e-06
-1.32184e-07
1.24645e-06
-1.34771e-07
1.23224e-06
-1.36196e-07
1.21844e-06
-1.36428e-07
1.205e-06
-1.35438e-07
1.19189e-06
-1.332e-07
1.1791e-06
-1.29691e-07
1.16662e-06
-1.24893e-07
1.15442e-06
-1.18794e-07
1.14253e-06
-1.11383e-07
1.13094e-06
-1.02661e-07
1.1197e-06
-9.26374e-08
1.10884e-06
-8.13378e-08
1.09843e-06
-6.88145e-08
1.08854e-06
-5.51605e-08
1.07929e-06
-4.05326e-08
1.07082e-06
-2.51869e-08
1.06333e-06
-9.5298e-09
1.05706e-06
5.81124e-09
1.0523e-06
1.98967e-08
1.04942e-06
3.1373e-08
1.0488e-06
3.83908e-08
1.0508e-06
3.86283e-08
1.05559e-06
2.9603e-08
1.06274e-06
9.65182e-09
1.07057e-06
-1.20294e-08
3.82132e-07
1.62622e-09
1.36778e-08
-1.13604e-08
1.50568e-06
-2.24214e-08
1.4801e-06
-3.30966e-08
1.45581e-06
-4.3307e-08
1.43273e-06
-5.29797e-08
1.41075e-06
-6.20471e-08
1.38978e-06
-7.04458e-08
1.36972e-06
-7.81162e-08
1.35049e-06
-8.50014e-08
1.33202e-06
-9.10474e-08
1.31424e-06
-9.62022e-08
1.29706e-06
-1.00416e-07
1.28044e-06
-1.0364e-07
1.26432e-06
-1.05827e-07
1.24863e-06
-1.0693e-07
1.23334e-06
-1.06903e-07
1.21841e-06
-1.05699e-07
1.20379e-06
-1.03269e-07
1.18946e-06
-9.95617e-08
1.1754e-06
-9.45217e-08
1.16158e-06
-8.80873e-08
1.14799e-06
-8.01881e-08
1.13463e-06
-7.07421e-08
1.1215e-06
-5.96525e-08
1.10861e-06
-4.68033e-08
1.09599e-06
-3.20551e-08
1.08368e-06
-1.5242e-08
1.07172e-06
3.83009e-09
1.06022e-06
2.53775e-08
1.04928e-06
4.96201e-08
1.03909e-06
7.67315e-08
1.02995e-06
1.06731e-07
1.0223e-06
1.39258e-07
1.01689e-06
1.73126e-07
1.01493e-06
2.05455e-07
1.01848e-06
2.30028e-07
1.03101e-06
2.34228e-07
1.05854e-06
1.93374e-07
1.11142e-06
-4.29616e-09
5.46512e-07
1.36432e-09
5.7484e-09
-9.35105e-09
1.51503e-06
-1.8445e-08
1.48919e-06
-2.72009e-08
1.46457e-06
-3.55447e-08
1.44108e-06
-4.34083e-08
1.41861e-06
-5.07279e-08
1.39709e-06
-5.74437e-08
1.37643e-06
-6.34991e-08
1.35655e-06
-6.88396e-08
1.33736e-06
-7.34129e-08
1.31881e-06
-7.71679e-08
1.30082e-06
-8.00545e-08
1.28333e-06
-8.20227e-08
1.26629e-06
-8.30224e-08
1.24963e-06
-8.30024e-08
1.23332e-06
-8.19093e-08
1.21732e-06
-7.96867e-08
1.20157e-06
-7.62734e-08
1.18605e-06
-7.16018e-08
1.17073e-06
-6.55948e-08
1.15557e-06
-5.81629e-08
1.14056e-06
-4.91997e-08
1.12566e-06
-3.85753e-08
1.11087e-06
-2.61281e-08
1.09616e-06
-1.16526e-08
1.08152e-06
5.11842e-09
1.06691e-06
2.45404e-08
1.0523e-06
4.7098e-08
1.03766e-06
7.34705e-08
1.0229e-06
1.04637e-07
1.00793e-06
1.42053e-07
9.92534e-07
1.87947e-07
9.7641e-07
2.45835e-07
9.59005e-07
3.21403e-07
9.39366e-07
4.24057e-07
9.15822e-07
5.69628e-07
8.85442e-07
7.85112e-07
8.43061e-07
1.11695e-06
7.79582e-07
9.84445e-07
6.79018e-07
5.93307e-07
3.92502e-07
-7.53959e-09
1.52257e-06
-1.48633e-08
1.49651e-06
-2.1898e-08
1.4716e-06
-2.85768e-08
1.44775e-06
-3.48379e-08
1.42488e-06
-4.06235e-08
1.40288e-06
-4.5879e-08
1.38169e-06
-5.05525e-08
1.36122e-06
-5.45938e-08
1.34141e-06
-5.79542e-08
1.32217e-06
-6.05855e-08
1.30345e-06
-6.24401e-08
1.28518e-06
-6.34698e-08
1.26731e-06
-6.36256e-08
1.24979e-06
-6.28565e-08
1.23255e-06
-6.11091e-08
1.21557e-06
-5.83263e-08
1.19879e-06
-5.4446e-08
1.18217e-06
-4.93994e-08
1.16568e-06
-4.31092e-08
1.14928e-06
-3.54872e-08
1.13293e-06
-2.64307e-08
1.11661e-06
-1.58187e-08
1.10026e-06
-3.50721e-09
1.08385e-06
1.06772e-08
1.06733e-06
2.6945e-08
1.05064e-06
4.55522e-08
1.0337e-06
6.68097e-08
1.0164e-06
9.10908e-08
9.98623e-07
1.18833e-07
9.80183e-07
1.5052e-07
9.60847e-07
1.86629e-07
9.40301e-07
2.27491e-07
9.18144e-07
2.72979e-07
8.93877e-07
3.21872e-07
8.66929e-07
3.70574e-07
8.3674e-07
4.10637e-07
8.02998e-07
4.24077e-07
7.66142e-07
3.74667e-07
7.28428e-07
6.96004e-07
2.7197e-07
-5.90607e-09
1.52848e-06
-1.16366e-08
1.50224e-06
-1.71285e-08
1.4771e-06
-2.23239e-08
1.45295e-06
-2.71693e-08
1.42972e-06
-3.16145e-08
1.40733e-06
-3.5612e-08
1.38569e-06
-3.91164e-08
1.36473e-06
-4.20837e-08
1.34437e-06
-4.44709e-08
1.32456e-06
-4.62353e-08
1.30521e-06
-4.73344e-08
1.28628e-06
-4.77252e-08
1.26771e-06
-4.73638e-08
1.24943e-06
-4.62049e-08
1.2314e-06
-4.42012e-08
1.21356e-06
-4.1303e-08
1.19589e-06
-3.74575e-08
1.17832e-06
-3.26084e-08
1.16083e-06
-2.66951e-08
1.14336e-06
-1.96524e-08
1.12589e-06
-1.14104e-08
1.10836e-06
-1.89407e-09
1.09074e-06
8.97523e-09
1.07298e-06
2.12783e-08
1.05503e-06
3.50937e-08
1.03682e-06
5.04909e-08
1.0183e-06
6.75174e-08
9.99375e-07
8.61783e-08
9.79962e-07
1.06404e-07
9.59958e-07
1.28e-07
9.39251e-07
1.50574e-07
9.17728e-07
1.7343e-07
8.95288e-07
1.95438e-07
8.71869e-07
2.14884e-07
8.47483e-07
2.29348e-07
8.22276e-07
2.35749e-07
7.96597e-07
2.30829e-07
7.71063e-07
2.12676e-07
7.4658e-07
7.24204e-07
1.84476e-07
-4.42571e-09
1.5329e-06
-8.71554e-09
1.50653e-06
-1.28183e-08
1.4812e-06
-1.66869e-08
1.45682e-06
-2.02779e-08
1.43331e-06
-2.35504e-08
1.4106e-06
-2.64656e-08
1.3886e-06
-2.89862e-08
1.36725e-06
-3.10762e-08
1.34646e-06
-3.27002e-08
1.32618e-06
-3.38233e-08
1.30634e-06
-3.44103e-08
1.28687e-06
-3.44262e-08
1.26772e-06
-3.38354e-08
1.24884e-06
-3.26015e-08
1.23016e-06
-3.06876e-08
1.21165e-06
-2.80559e-08
1.19326e-06
-2.46683e-08
1.17494e-06
-2.04863e-08
1.15665e-06
-1.54719e-08
1.13835e-06
-9.58868e-09
1.12001e-06
-2.80352e-09
1.10158e-06
4.91105e-09
1.08303e-06
1.35733e-08
1.06432e-06
2.31873e-08
1.04542e-06
3.3736e-08
1.02628e-06
4.51723e-08
1.00686e-06
5.74069e-08
9.8714e-07
7.0293e-08
9.67076e-07
8.36079e-08
9.46643e-07
9.70328e-08
9.25826e-07
1.10132e-07
9.04628e-07
1.22339e-07
8.83081e-07
1.32953e-07
8.61254e-07
1.4117e-07
8.39266e-07
1.46154e-07
8.17293e-07
1.47179e-07
7.95571e-07
1.43858e-07
7.74385e-07
1.36404e-07
7.54034e-07
7.34778e-07
1.2583e-07
-3.06936e-09
1.53597e-06
-6.04203e-09
1.50951e-06
-8.88021e-09
1.48404e-06
-1.15492e-08
1.45949e-06
-1.40169e-08
1.43578e-06
-1.6253e-08
1.41283e-06
-1.82289e-08
1.39058e-06
-1.99169e-08
1.36893e-06
-2.12903e-08
1.34784e-06
-2.23229e-08
1.32721e-06
-2.29887e-08
1.307e-06
-2.32621e-08
1.28714e-06
-2.31173e-08
1.26758e-06
-2.25286e-08
1.24825e-06
-2.14704e-08
1.2291e-06
-1.99171e-08
1.2101e-06
-1.78438e-08
1.19118e-06
-1.52268e-08
1.17232e-06
-1.2044e-08
1.15346e-06
-8.27653e-09
1.13458e-06
-3.90988e-09
1.11564e-06
1.06379e-09
1.09661e-06
6.64307e-09
1.07745e-06
1.2814e-08
1.05815e-06
1.9546e-08
1.03868e-06
2.6787e-08
1.01903e-06
3.44581e-08
9.99191e-07
4.24479e-08
9.7915e-07
5.06068e-08
9.58917e-07
5.87427e-08
9.38507e-07
6.66193e-08
9.17949e-07
7.39586e-08
8.97289e-07
8.04502e-08
8.7659e-07
8.57699e-08
8.55935e-07
8.96095e-08
8.35426e-07
9.17182e-08
8.15184e-07
9.19522e-08
7.95337e-07
9.0322e-08
7.76015e-07
8.70217e-08
7.57334e-07
7.39384e-07
8.2416e-08
-1.80432e-09
1.53778e-06
-3.55076e-09
1.51125e-06
-5.21615e-09
1.4857e-06
-6.77926e-09
1.46105e-06
-8.22032e-09
1.43722e-06
-9.52079e-09
1.41413e-06
-1.0663e-08
1.39172e-06
-1.16301e-08
1.3699e-06
-1.24057e-08
1.34861e-06
-1.29735e-08
1.32778e-06
-1.33178e-08
1.30735e-06
-1.34229e-08
1.28725e-06
-1.32734e-08
1.26743e-06
-1.28537e-08
1.24783e-06
-1.21489e-08
1.2284e-06
-1.11445e-08
1.20909e-06
-9.82675e-09
1.18987e-06
-8.18342e-09
1.17068e-06
-6.20423e-09
1.15149e-06
-3.88193e-09
1.13226e-06
-1.21341e-09
1.11297e-06
1.79882e-09
1.09359e-06
5.14489e-09
1.0741e-06
8.80554e-09
1.05449e-06
1.27499e-08
1.03474e-06
1.69332e-08
1.01485e-06
2.12948e-08
9.9483e-07
2.57562e-08
9.74689e-07
3.02207e-08
9.54453e-07
3.45736e-08
9.34154e-07
3.86855e-08
9.13837e-07
4.24167e-08
8.93558e-07
4.56263e-08
8.7338e-07
4.81828e-08
8.53378e-07
4.99777e-08
8.33631e-07
5.09401e-08
8.14221e-07
5.10493e-08
7.95228e-07
5.03424e-08
7.76722e-07
4.89138e-08
7.58763e-07
7.41394e-07
4.6904e-08
-5.95166e-10
-1.17106e-09
-1.71989e-09
-2.23447e-09
-2.70817e-09
-3.13473e-09
-3.50821e-09
-3.82288e-09
-4.07322e-09
-4.25382e-09
-4.35933e-09
-4.38452e-09
-4.32421e-09
-4.1733e-09
-3.92688e-09
-3.58026e-09
-3.12915e-09
-2.56986e-09
-1.89952e-09
-1.11648e-09
-2.20712e-10
7.85702e-10
1.89795e-09
3.10785e-09
4.40321e-09
5.76721e-09
7.17791e-09
8.60803e-09
1.00251e-08
1.13921e-08
1.26688e-08
1.3814e-08
1.47877e-08
1.55552e-08
1.60901e-08
1.63774e-08
1.64165e-08
1.62211e-08
1.58187e-08
1.52471e-08
2.81876e-07
-5.26769e-08
3.34447e-07
-5.25703e-08
3.86401e-07
-5.19546e-08
4.37211e-07
-5.08096e-08
4.8634e-07
-4.91294e-08
5.33263e-07
-4.69229e-08
5.77478e-07
-4.42147e-08
6.18521e-07
-4.10428e-08
6.55979e-07
-3.74578e-08
6.89499e-07
-3.35194e-08
7.18793e-07
-2.9294e-08
7.43644e-07
-2.48512e-08
7.63905e-07
-2.02611e-08
7.79496e-07
-1.55912e-08
7.90401e-07
-1.09047e-08
7.9666e-07
-6.25812e-09
7.9836e-07
-1.70086e-09
7.95635e-07
2.72592e-09
7.88646e-07
6.98924e-09
7.77582e-07
1.10641e-08
7.62649e-07
1.49331e-08
7.44063e-07
1.85854e-08
7.22047e-07
2.20162e-08
6.96822e-07
2.52258e-08
6.68603e-07
2.82183e-08
6.37602e-07
3.10015e-08
6.04017e-07
3.35853e-08
5.68035e-07
3.59817e-08
5.29832e-07
3.82035e-08
4.89568e-07
4.02645e-08
4.47389e-07
4.21783e-08
4.03431e-07
4.39586e-08
3.57813e-07
4.56182e-08
3.10644e-07
4.71691e-08
2.62022e-07
4.86223e-08
2.12035e-07
4.9987e-08
1.60764e-07
5.12707e-08
1.08286e-07
5.24786e-08
5.4673e-08
5.36131e-08
5.46731e-08
2.90415e-07
-1.09109e-07
3.46662e-07
-1.08818e-07
4.02111e-07
-1.07404e-07
4.56131e-07
-1.04829e-07
5.08095e-07
-1.01093e-07
5.57402e-07
-9.62299e-08
6.03497e-07
-9.031e-08
6.45888e-07
-8.34338e-08
6.84157e-07
-7.57268e-08
7.17969e-07
-6.73314e-08
7.47075e-07
-5.83999e-08
7.7131e-07
-4.90868e-08
7.90592e-07
-3.95425e-08
8.04908e-07
-2.99076e-08
8.14313e-07
-2.03094e-08
8.18913e-07
-1.08587e-08
8.18861e-07
-1.64869e-09
8.14342e-07
7.24553e-09
8.05565e-07
1.57663e-08
7.92756e-07
2.38724e-08
7.76152e-07
3.15372e-08
7.5599e-07
3.87473e-08
7.32507e-07
4.54998e-08
7.05931e-07
5.18012e-08
6.76485e-07
5.76651e-08
6.44376e-07
6.31105e-08
6.098e-07
6.81608e-08
5.7294e-07
7.28417e-08
5.33963e-07
7.71809e-08
4.93021e-07
8.12065e-08
4.50252e-07
8.49467e-08
4.05782e-07
8.84288e-08
3.59722e-07
9.16787e-08
3.1217e-07
9.47205e-08
2.63217e-07
9.75756e-08
2.12942e-07
1.00263e-07
1.61416e-07
1.02796e-07
1.08708e-07
1.05187e-07
5.48806e-08
1.0744e-07
1.09554e-07
3.08673e-07
-1.73862e-07
3.73044e-07
-1.73188e-07
4.36157e-07
-1.70517e-07
4.97134e-07
-1.65806e-07
5.55133e-07
-1.59093e-07
6.09392e-07
-1.50488e-07
6.5925e-07
-1.40168e-07
7.04175e-07
-1.28359e-07
7.43771e-07
-1.15323e-07
7.77776e-07
-1.01336e-07
8.06054e-07
-8.66777e-08
8.28583e-07
-7.16157e-08
8.45436e-07
-5.63963e-08
8.56766e-07
-4.12373e-08
8.62781e-07
-2.63249e-08
8.63735e-07
-1.1812e-08
8.59905e-07
2.18087e-09
8.51587e-07
1.5564e-08
8.39078e-07
2.82751e-08
8.22674e-07
4.0276e-08
8.02662e-07
5.15493e-08
7.79315e-07
6.20943e-08
7.52891e-07
7.19241e-08
7.23629e-07
8.10627e-08
6.91753e-07
8.95418e-08
6.57464e-07
9.7399e-08
6.20949e-07
1.04676e-07
5.82375e-07
1.11415e-07
5.41894e-07
1.17663e-07
4.99639e-07
1.23462e-07
4.5573e-07
1.28855e-07
4.10273e-07
1.33885e-07
3.63362e-07
1.3859e-07
3.15078e-07
1.43005e-07
2.65491e-07
1.47162e-07
2.14664e-07
1.51089e-07
1.62653e-07
1.54807e-07
1.09507e-07
1.58333e-07
5.52741e-08
1.61673e-07
1.64828e-07
3.39466e-07
-2.53548e-07
4.18332e-07
-2.52054e-07
4.94928e-07
-2.47112e-07
5.67856e-07
-2.38734e-07
6.35864e-07
-2.27101e-07
6.97918e-07
-2.12542e-07
7.53239e-07
-1.95489e-07
8.01319e-07
-1.76439e-07
8.41902e-07
-1.55906e-07
8.7496e-07
-1.34394e-07
9.00646e-07
-1.12363e-07
9.19253e-07
-9.02231e-08
9.31173e-07
-6.8316e-08
9.36856e-07
-4.692e-08
9.36781e-07
-2.62498e-08
9.31432e-07
-6.46303e-09
9.21279e-07
1.23332e-08
9.06769e-07
3.0074e-08
8.88315e-07
4.67294e-08
8.66294e-07
6.22972e-08
8.41046e-07
7.67966e-08
8.12877e-07
9.02633e-08
7.82057e-07
1.02744e-07
7.48824e-07
1.14296e-07
7.13389e-07
1.24977e-07
6.75935e-07
1.34853e-07
6.36624e-07
1.43987e-07
5.95595e-07
1.52445e-07
5.52969e-07
1.60288e-07
5.08852e-07
1.67579e-07
4.63334e-07
1.74374e-07
4.16491e-07
1.80728e-07
3.68388e-07
1.86692e-07
3.19081e-07
1.92312e-07
2.68615e-07
1.97629e-07
2.17026e-07
2.02678e-07
1.64346e-07
2.07487e-07
1.106e-07
2.12078e-07
5.58115e-08
2.16462e-07
2.20639e-07
3.88531e-07
-3.59375e-07
4.92502e-07
-3.56026e-07
5.91836e-07
-3.46446e-07
6.84042e-07
-3.3094e-07
7.67145e-07
-3.10204e-07
8.39793e-07
-2.8519e-07
9.01264e-07
-2.56961e-07
9.51398e-07
-2.26572e-07
9.90481e-07
-1.94989e-07
1.01913e-06
-1.63039e-07
1.03816e-06
-1.31393e-07
1.0485e-06
-1.00566e-07
1.05111e-06
-7.09297e-08
1.04693e-06
-4.27367e-08
1.03682e-06
-1.61384e-08
1.02156e-06
8.79136e-09
1.00186e-06
3.20375e-08
9.78305e-07
5.3628e-08
9.51414e-07
7.36205e-08
9.21619e-07
9.20925e-08
8.89281e-07
1.09134e-07
8.54703e-07
1.24841e-07
8.18135e-07
1.39313e-07
7.79781e-07
1.52649e-07
7.39812e-07
1.64946e-07
6.98368e-07
1.76297e-07
6.55563e-07
1.86792e-07
6.11491e-07
1.96517e-07
5.66227e-07
2.05552e-07
5.19834e-07
2.13972e-07
4.72359e-07
2.21849e-07
4.2384e-07
2.29247e-07
3.74306e-07
2.36226e-07
3.23777e-07
2.42842e-07
2.72265e-07
2.49141e-07
2.19777e-07
2.55166e-07
1.66312e-07
2.60952e-07
1.11867e-07
2.66523e-07
5.64332e-08
2.71896e-07
2.77072e-07
4.68078e-07
-5.13673e-07
6.17643e-07
-5.0559e-07
7.56146e-07
-4.8495e-07
8.78764e-07
-4.53558e-07
9.82589e-07
-4.14028e-07
1.06653e-06
-3.69127e-07
1.13093e-06
-3.21366e-07
1.17716e-06
-2.72799e-07
1.20714e-06
-2.24969e-07
1.22305e-06
-1.78948e-07
1.22706e-06
-1.35411e-07
1.22123e-06
-9.47275e-08
1.20734e-06
-5.70436e-08
1.18695e-06
-2.23507e-08
1.16136e-06
9.45822e-09
1.1316e-06
3.85489e-08
1.09852e-06
6.5117e-08
1.06278e-06
8.9369e-08
1.02489e-06
1.1151e-07
9.85243e-07
1.31738e-07
9.44142e-07
1.50236e-07
9.01808e-07
1.67175e-07
8.58407e-07
1.82713e-07
8.14063e-07
1.96994e-07
7.68861e-07
2.10147e-07
7.22865e-07
2.22294e-07
6.76114e-07
2.33543e-07
6.28635e-07
2.43996e-07
5.80442e-07
2.53745e-07
5.31538e-07
2.62876e-07
4.81921e-07
2.71465e-07
4.31581e-07
2.79587e-07
3.80503e-07
2.87305e-07
3.28665e-07
2.94679e-07
2.76044e-07
3.01763e-07
2.22609e-07
3.08601e-07
1.68327e-07
3.15234e-07
1.1316e-07
3.2169e-07
5.70667e-08
3.27989e-07
3.34139e-07
6.08548e-07
-7.7132e-07
8.50513e-07
-7.47555e-07
1.05942e-06
-6.93854e-07
1.22676e-06
-6.209e-07
1.35128e-06
-5.38548e-07
1.43631e-06
-4.54159e-07
1.48747e-06
-3.72531e-07
1.51106e-06
-2.96389e-07
1.51309e-06
-2.26992e-07
1.49879e-06
-1.64649e-07
1.47249e-06
-1.09109e-07
1.43759e-06
-5.9833e-08
1.39671e-06
-1.61595e-08
1.35177e-06
2.25886e-08
1.30418e-06
5.70507e-08
1.25492e-06
8.78022e-08
1.20469e-06
1.15347e-07
1.15394e-06
1.40117e-07
1.10297e-06
1.62483e-07
1.05195e-06
1.82758e-07
1.00098e-06
2.01208e-07
9.50094e-07
2.1806e-07
8.99297e-07
2.3351e-07
8.48566e-07
2.47725e-07
7.97858e-07
2.60854e-07
7.47125e-07
2.73027e-07
6.9631e-07
2.84358e-07
6.45353e-07
2.94953e-07
5.94193e-07
3.04905e-07
5.42769e-07
3.143e-07
4.91019e-07
3.23216e-07
4.3888e-07
3.31725e-07
3.86291e-07
3.39894e-07
3.33188e-07
3.47782e-07
2.79507e-07
3.55444e-07
2.25181e-07
3.62927e-07
1.70142e-07
3.70273e-07
1.14318e-07
3.77514e-07
5.76311e-08
3.84676e-07
3.9177e-07
9.13934e-07
-1.32108e-06
1.37655e-06
-1.21018e-06
1.70546e-06
-1.02276e-06
1.90931e-06
-8.24742e-07
2.01393e-06
-6.43174e-07
2.04677e-06
-4.86996e-07
2.031e-06
-3.56763e-07
1.98424e-06
-2.49631e-07
1.91902e-06
-1.61768e-07
1.84382e-06
-8.94452e-08
1.76414e-06
-2.9436e-08
1.68343e-06
2.08828e-08
1.60369e-06
6.3577e-08
1.52604e-06
1.00243e-07
1.45098e-06
1.32104e-07
1.37869e-06
1.60094e-07
1.30911e-06
1.84928e-07
1.24207e-06
2.07158e-07
1.17734e-06
2.2721e-07
1.11468e-06
2.45423e-07
1.05382e-06
2.62065e-07
9.94525e-07
2.77355e-07
9.36562e-07
2.91473e-07
8.79719e-07
3.04569e-07
8.23798e-07
3.16775e-07
7.68621e-07
3.28204e-07
7.14024e-07
3.38955e-07
6.59858e-07
3.49119e-07
6.05983e-07
3.58779e-07
5.52273e-07
3.6801e-07
4.98607e-07
3.76882e-07
4.44872e-07
3.8546e-07
3.90961e-07
3.93805e-07
3.3677e-07
4.01973e-07
2.82198e-07
4.10016e-07
2.27142e-07
4.17982e-07
1.71502e-07
4.25913e-07
1.15173e-07
4.33844e-07
5.8044e-08
4.41805e-07
4.49814e-07
2.02614e-06
-2.6641e-06
3.01579e-06
-2.19983e-06
3.34229e-06
-1.34927e-06
3.34292e-06
-8.25365e-07
3.19564e-06
-4.95897e-07
2.99174e-06
-2.83094e-07
2.77605e-06
-1.41077e-07
2.56906e-06
-4.26379e-08
2.37881e-06
2.84838e-08
2.20726e-06
8.21033e-08
2.0536e-06
1.2422e-07
1.91593e-06
1.58554e-07
1.79205e-06
1.87454e-07
1.67987e-06
2.12428e-07
1.57751e-06
2.34467e-07
1.48336e-06
2.54236e-07
1.3961e-06
2.72194e-07
1.31459e-06
2.88667e-07
1.23791e-06
3.03891e-07
1.16528e-06
3.18047e-07
1.09607e-06
3.31277e-07
1.02973e-06
3.43695e-07
9.65808e-07
3.55398e-07
9.03906e-07
3.66471e-07
8.43692e-07
3.76989e-07
7.84874e-07
3.87021e-07
7.27197e-07
3.96632e-07
6.70433e-07
4.05883e-07
6.14382e-07
4.14831e-07
5.58858e-07
4.23534e-07
5.03695e-07
4.32045e-07
4.48738e-07
4.40417e-07
3.93842e-07
4.48701e-07
3.38869e-07
4.56946e-07
2.83686e-07
4.652e-07
2.28162e-07
4.73506e-07
1.72167e-07
4.81908e-07
1.15568e-07
4.90443e-07
5.82272e-08
4.99145e-07
5.08042e-07
1.39277e-05
-3.80096e-07
9.99262e-06
1.73917e-06
7.48878e-06
1.15458e-06
5.85644e-06
8.06974e-07
4.75773e-06
6.02816e-07
3.99198e-06
4.82657e-07
3.43867e-06
4.12232e-07
3.02434e-06
3.71687e-07
2.70342e-06
3.49408e-07
2.44701e-06
3.38513e-07
2.23638e-06
3.34848e-07
2.05909e-06
3.35848e-07
1.90665e-06
3.39892e-07
1.77315e-06
3.45925e-07
1.65437e-06
3.53247e-07
1.54722e-06
3.61383e-07
1.44941e-06
3.70006e-07
1.35919e-06
3.78888e-07
1.27521e-06
3.87874e-07
1.1964e-06
3.96854e-07
1.12192e-06
4.0576e-07
1.05107e-06
4.14547e-07
9.83272e-07
4.23192e-07
9.18058e-07
4.31685e-07
8.55016e-07
4.40032e-07
7.93795e-07
4.48243e-07
7.34089e-07
4.56338e-07
6.75629e-07
4.64342e-07
6.18176e-07
4.72284e-07
5.61513e-07
4.80197e-07
5.05442e-07
4.88116e-07
4.49781e-07
4.96077e-07
3.94361e-07
5.04121e-07
3.39019e-07
5.12288e-07
2.836e-07
5.20618e-07
2.27953e-07
5.29153e-07
1.71926e-07
5.37935e-07
1.15366e-07
5.47003e-07
5.81132e-08
5.56398e-07
5.66155e-07
4.34489e-06
3.6116e-07
5.08747e-06
1.87506e-06
4.70245e-06
1.53959e-06
4.26021e-06
1.24921e-06
3.83491e-06
1.02812e-06
3.45423e-06
8.63335e-07
3.12407e-06
7.42395e-07
2.84103e-06
6.54727e-07
2.59853e-06
5.91906e-07
2.38958e-06
5.47464e-07
2.20789e-06
5.16539e-07
2.04821e-06
4.95528e-07
1.90632e-06
4.81784e-07
1.77888e-06
4.73366e-07
1.66327e-06
4.68856e-07
1.55743e-06
4.67217e-07
1.45975e-06
4.67691e-07
1.36892e-06
4.69722e-07
1.28388e-06
4.72905e-07
1.2038e-06
4.7694e-07
1.12795e-06
4.81613e-07
1.05573e-06
4.86765e-07
9.86636e-07
4.92284e-07
9.20229e-07
4.98092e-07
8.56125e-07
5.04135e-07
7.93987e-07
5.10382e-07
7.33513e-07
5.16812e-07
6.74434e-07
5.23421e-07
6.16506e-07
5.30212e-07
5.59507e-07
5.37197e-07
5.0323e-07
5.44393e-07
4.47483e-07
5.51824e-07
3.92086e-07
5.59518e-07
3.36867e-07
5.67507e-07
2.81659e-07
5.75826e-07
2.26298e-07
5.84514e-07
1.70621e-07
5.93612e-07
1.14462e-07
6.03162e-07
5.76496e-08
6.13211e-07
6.23804e-07
7.31179e-07
6.39389e-08
1.92279e-06
1.19159e-06
2.29677e-06
1.16561e-06
2.48247e-06
1.06351e-06
2.54392e-06
9.66668e-07
2.52657e-06
8.80686e-07
2.46138e-06
8.07583e-07
2.36881e-06
7.47297e-07
2.26202e-06
6.987e-07
2.14925e-06
6.60226e-07
2.03556e-06
6.30236e-07
1.92388e-06
6.07201e-07
1.81588e-06
5.89788e-07
1.71236e-06
5.7688e-07
1.61366e-06
5.67564e-07
1.51976e-06
5.6111e-07
1.43052e-06
5.56936e-07
1.34565e-06
5.54588e-07
1.26485e-06
5.53711e-07
1.18776e-06
5.54029e-07
1.11404e-06
5.55326e-07
1.04337e-06
5.57438e-07
9.75415e-07
5.6024e-07
9.09872e-07
5.63635e-07
8.46455e-07
5.67552e-07
7.84896e-07
5.71941e-07
7.24943e-07
5.76765e-07
6.66362e-07
5.82002e-07
6.08932e-07
5.87642e-07
5.52447e-07
5.93681e-07
4.96712e-07
6.00127e-07
4.41543e-07
6.06993e-07
3.86762e-07
6.14299e-07
3.32199e-07
6.22071e-07
2.77686e-07
6.30339e-07
2.23058e-07
6.39142e-07
1.68149e-07
6.4852e-07
1.1279e-07
6.58522e-07
5.68026e-08
6.69198e-07
6.80607e-07
2.77595e-07
-3.25992e-09
9.92149e-07
7.12647e-07
1.36622e-06
7.91538e-07
1.63617e-06
7.93572e-07
1.81594e-06
7.86891e-07
1.92207e-06
7.74555e-07
1.97071e-06
7.58945e-07
1.97615e-06
7.41854e-07
1.95028e-06
7.24577e-07
1.90251e-06
7.07993e-07
1.84009e-06
6.9266e-07
1.7684e-06
6.7889e-07
1.69136e-06
6.66822e-07
1.61176e-06
6.56479e-07
1.53152e-06
6.47807e-07
1.45192e-06
6.4071e-07
1.37379e-06
6.35069e-07
1.29762e-06
6.30759e-07
1.22367e-06
6.27658e-07
1.15205e-06
6.25651e-07
1.08274e-06
6.24632e-07
1.01567e-06
6.24511e-07
9.507e-07
6.25209e-07
8.87675e-07
6.26659e-07
8.26421e-07
6.28807e-07
7.66753e-07
6.31609e-07
7.08487e-07
6.35031e-07
6.51439e-07
6.39051e-07
5.95428e-07
6.43653e-07
5.40278e-07
6.48831e-07
4.8582e-07
6.54586e-07
4.31886e-07
6.60927e-07
3.78314e-07
6.67871e-07
3.24945e-07
6.7544e-07
2.71621e-07
6.83663e-07
2.18183e-07
6.92579e-07
1.64472e-07
7.02232e-07
1.10321e-07
7.12672e-07
5.55589e-08
7.23961e-07
7.36166e-07
3.55939e-07
-1.76696e-08
9.97929e-07
3.88434e-07
1.27424e-06
5.1523e-07
1.48349e-06
5.84316e-07
1.6296e-06
6.40784e-07
1.72147e-06
6.82682e-07
1.76924e-06
7.11178e-07
1.78248e-06
7.28616e-07
1.7695e-06
7.37554e-07
1.73718e-06
7.40318e-07
1.69099e-06
7.38847e-07
1.63522e-06
7.34662e-07
1.57312e-06
7.28916e-07
1.50715e-06
7.22448e-07
1.43911e-06
7.15852e-07
1.37028e-06
7.09535e-07
1.30159e-06
7.03763e-07
1.23365e-06
6.98703e-07
1.16686e-06
6.94449e-07
1.10146e-06
6.9105e-07
1.03757e-06
6.88517e-07
9.75236e-07
6.86846e-07
9.14427e-07
6.86018e-07
8.55078e-07
6.86009e-07
7.97092e-07
6.86793e-07
7.40355e-07
6.88346e-07
6.84737e-07
6.90648e-07
6.30106e-07
6.93682e-07
5.76321e-07
6.97437e-07
5.23243e-07
7.01909e-07
4.7073e-07
7.07099e-07
4.18641e-07
7.13017e-07
3.66835e-07
7.19677e-07
3.15172e-07
7.27102e-07
2.63511e-07
7.35325e-07
2.11706e-07
7.44384e-07
1.5961e-07
7.54327e-07
1.0707e-07
7.65212e-07
5.39247e-08
7.77106e-07
7.90091e-07
5.1863e-07
-2.31058e-07
1.50782e-06
-9.32787e-08
1.72699e-06
2.96061e-07
1.81927e-06
4.92042e-07
1.84386e-06
6.1619e-07
1.832e-06
6.94543e-07
1.79999e-06
7.43189e-07
1.75633e-06
7.7227e-07
1.70556e-06
7.88329e-07
1.65019e-06
7.95692e-07
1.59175e-06
7.97288e-07
1.53127e-06
7.95138e-07
1.46952e-06
7.90662e-07
1.40711e-06
7.8486e-07
1.34452e-06
7.78444e-07
1.28214e-06
7.71916e-07
1.22027e-06
7.65628e-07
1.15915e-06
7.59821e-07
1.09895e-06
7.54657e-07
1.03976e-06
7.50239e-07
9.81644e-07
7.46631e-07
9.24623e-07
7.43867e-07
8.6868e-07
7.4196e-07
8.13775e-07
7.40914e-07
7.59845e-07
7.40722e-07
7.06815e-07
7.41377e-07
6.54596e-07
7.42867e-07
6.03092e-07
7.45186e-07
5.522e-07
7.48329e-07
5.01813e-07
7.52296e-07
4.5182e-07
7.57092e-07
4.0211e-07
7.62727e-07
3.52565e-07
7.69221e-07
3.03069e-07
7.76599e-07
2.535e-07
7.84894e-07
2.03734e-07
7.9415e-07
1.53642e-07
8.0442e-07
1.03087e-07
8.15767e-07
5.19244e-08
8.28269e-07
8.42015e-07
2.39994e-06
1.21765e-07
3.94484e-06
9.11793e-07
3.16947e-06
1.07145e-06
2.66125e-06
1.00026e-06
2.31809e-06
9.59357e-07
2.0781e-06
9.34523e-07
1.90338e-06
9.17918e-07
1.77033e-06
9.05312e-07
1.66416e-06
8.94502e-07
1.57543e-06
8.84417e-07
1.49812e-06
8.746e-07
1.42834e-06
8.64921e-07
1.36359e-06
8.55413e-07
1.30227e-06
8.46183e-07
1.24335e-06
8.37359e-07
1.1862e-06
8.29066e-07
1.13042e-06
8.21412e-07
1.07575e-06
8.14486e-07
1.02205e-06
8.08356e-07
9.69224e-07
8.03069e-07
9.17197e-07
7.98658e-07
8.65922e-07
7.95142e-07
8.15352e-07
7.9253e-07
7.65441e-07
7.90825e-07
7.16138e-07
7.90025e-07
6.67389e-07
7.90126e-07
6.19132e-07
7.91125e-07
5.713e-07
7.93018e-07
5.23821e-07
7.95808e-07
4.76621e-07
7.99497e-07
4.29617e-07
8.04096e-07
3.82724e-07
8.09619e-07
3.35856e-07
8.1609e-07
2.88917e-07
8.23537e-07
2.41812e-07
8.31999e-07
1.94439e-07
8.41523e-07
1.46689e-07
8.52169e-07
9.84498e-08
8.64007e-07
4.95974e-08
8.77121e-07
8.91612e-07
1.16675e-06
9.11485e-08
2.78138e-06
1.02745e-06
2.48551e-06
1.3675e-06
2.23165e-06
1.25413e-06
2.02189e-06
1.16912e-06
1.85124e-06
1.10517e-06
1.71263e-06
1.05653e-06
1.59906e-06
1.01888e-06
1.50448e-06
9.89085e-07
1.42397e-06
9.64921e-07
1.35374e-06
9.44835e-07
1.2909e-06
9.27763e-07
1.23332e-06
9.12988e-07
1.17947e-06
9.00032e-07
1.12825e-06
8.88583e-07
1.07887e-06
8.78438e-07
1.03082e-06
8.69468e-07
9.83713e-07
8.61592e-07
9.37312e-07
8.54756e-07
8.91454e-07
8.48928e-07
8.46029e-07
8.44084e-07
8.00963e-07
8.40208e-07
7.56205e-07
8.37288e-07
7.11715e-07
8.35315e-07
6.67458e-07
8.34282e-07
6.234e-07
8.34184e-07
5.79507e-07
8.35018e-07
5.35739e-07
8.36786e-07
4.92054e-07
8.39492e-07
4.48406e-07
8.43145e-07
4.04743e-07
8.47759e-07
3.61008e-07
8.53355e-07
3.17138e-07
8.59959e-07
2.73069e-07
8.67607e-07
2.28727e-07
8.76341e-07
1.84035e-07
8.86215e-07
1.3891e-07
8.97294e-07
9.32627e-08
9.09654e-07
4.69947e-08
9.23389e-07
9.38607e-07
4.40831e-07
3.91076e-08
1.38854e-06
8.40628e-07
1.4422e-06
1.31403e-06
1.44683e-06
1.24949e-06
1.42357e-06
1.19238e-06
1.3857e-06
1.14305e-06
1.34121e-06
1.10101e-06
1.29465e-06
1.06544e-06
1.24838e-06
1.03536e-06
1.20343e-06
1.00987e-06
1.1601e-06
9.88159e-07
1.11832e-06
9.69545e-07
1.07782e-06
9.53485e-07
1.0383e-06
9.39553e-07
9.99464e-07
9.27422e-07
9.61056e-07
9.16846e-07
9.22881e-07
9.07643e-07
8.84792e-07
8.99681e-07
8.46685e-07
8.92863e-07
8.08493e-07
8.8712e-07
7.70175e-07
8.82402e-07
7.31708e-07
8.78675e-07
6.93082e-07
8.75914e-07
6.54293e-07
8.74104e-07
6.15341e-07
8.73234e-07
5.76224e-07
8.73301e-07
5.36939e-07
8.74304e-07
4.97477e-07
8.76248e-07
4.57826e-07
8.79142e-07
4.17969e-07
8.83002e-07
3.77882e-07
8.87846e-07
3.37535e-07
8.93702e-07
2.96894e-07
9.006e-07
2.55918e-07
9.08583e-07
2.1456e-07
9.17699e-07
1.72769e-07
9.28007e-07
1.30485e-07
9.39578e-07
8.76438e-08
9.52495e-07
4.4175e-08
9.66858e-07
9.82782e-07
1.87744e-07
1.83107e-08
6.43594e-07
6.91473e-07
7.75475e-07
1.18226e-06
8.66252e-07
1.15872e-06
9.25298e-07
1.13333e-06
9.60497e-07
1.10785e-06
9.78175e-07
1.08334e-06
9.83179e-07
1.06043e-06
9.791e-07
1.03944e-06
9.68522e-07
1.02045e-06
9.53262e-07
1.00342e-06
9.34571e-07
9.88236e-07
9.13298e-07
9.74758e-07
8.90017e-07
9.62835e-07
8.65111e-07
9.52327e-07
8.38845e-07
9.43112e-07
8.11402e-07
9.35086e-07
7.82918e-07
9.28166e-07
7.53496e-07
9.22284e-07
7.23224e-07
9.17392e-07
6.92173e-07
9.13452e-07
6.60409e-07
9.10439e-07
6.27989e-07
9.08334e-07
5.94963e-07
9.07129e-07
5.61377e-07
9.0682e-07
5.27268e-07
9.0741e-07
4.92668e-07
9.08904e-07
4.57601e-07
9.11315e-07
4.22084e-07
9.14659e-07
3.86128e-07
9.18958e-07
3.49736e-07
9.24238e-07
3.12905e-07
9.30533e-07
2.75625e-07
9.3788e-07
2.3788e-07
9.46328e-07
1.99648e-07
9.55931e-07
1.609e-07
9.66754e-07
1.21604e-07
9.78874e-07
8.17192e-08
9.9238e-07
4.12013e-08
1.00738e-06
1.02398e-06
9.99451e-08
1.07677e-08
3.23174e-07
6.03388e-07
4.36687e-07
1.0688e-06
5.29234e-07
1.06617e-06
6.02504e-07
1.06007e-06
6.58742e-07
1.05161e-06
7.00386e-07
1.04169e-06
7.29795e-07
1.03102e-06
7.49096e-07
1.02014e-06
7.60122e-07
1.00942e-06
7.64398e-07
9.99144e-07
7.63162e-07
9.89472e-07
7.57404e-07
9.80516e-07
7.47904e-07
9.72335e-07
7.35275e-07
9.64956e-07
7.19997e-07
9.5839e-07
7.0245e-07
9.52633e-07
6.82935e-07
9.47681e-07
6.61694e-07
9.43525e-07
6.38927e-07
9.4016e-07
6.14797e-07
9.37582e-07
5.89443e-07
9.35792e-07
5.62984e-07
9.34794e-07
5.3552e-07
9.34594e-07
5.07137e-07
9.35203e-07
4.7791e-07
9.36636e-07
4.47903e-07
9.38911e-07
4.17168e-07
9.4205e-07
3.85749e-07
9.46078e-07
3.53681e-07
9.51026e-07
3.20993e-07
9.56927e-07
2.87703e-07
9.63822e-07
2.53825e-07
9.71758e-07
2.19365e-07
9.80788e-07
1.84322e-07
9.90974e-07
1.4869e-07
1.00239e-06
1.1246e-07
1.0151e-06
7.56158e-08
1.02922e-06
3.81367e-08
1.04485e-06
1.06212e-06
6.82065e-08
8.00618e-09
1.8874e-07
5.53382e-07
2.71466e-07
9.8611e-07
3.45085e-07
9.9255e-07
4.08971e-07
9.96179e-07
4.6308e-07
9.97499e-07
5.07795e-07
9.96977e-07
5.43767e-07
9.95052e-07
5.7179e-07
9.92116e-07
5.92707e-07
9.88507e-07
6.07345e-07
9.84506e-07
6.16477e-07
9.8034e-07
6.20801e-07
9.76192e-07
6.2093e-07
9.72205e-07
6.17398e-07
9.68488e-07
6.1066e-07
9.65128e-07
6.01103e-07
9.6219e-07
5.89057e-07
9.59727e-07
5.74801e-07
9.57781e-07
5.58573e-07
9.56388e-07
5.40577e-07
9.55579e-07
5.20986e-07
9.55383e-07
4.99951e-07
9.55828e-07
4.77604e-07
9.56941e-07
4.54057e-07
9.58749e-07
4.2941e-07
9.61283e-07
4.03749e-07
9.64573e-07
3.77147e-07
9.68652e-07
3.49668e-07
9.73557e-07
3.21368e-07
9.79326e-07
2.92292e-07
9.86003e-07
2.62479e-07
9.93635e-07
2.3196e-07
1.00228e-06
2.0076e-07
1.01199e-06
1.68898e-07
1.02284e-06
1.36387e-07
1.0349e-06
1.03238e-07
1.04825e-06
6.94549e-08
1.06301e-06
3.5042e-08
1.07927e-06
1.09716e-06
5.57752e-08
6.94392e-09
1.26785e-07
5.23958e-07
1.86144e-07
9.26771e-07
2.41633e-07
9.37062e-07
2.92402e-07
9.4541e-07
3.37899e-07
9.52002e-07
3.7784e-07
9.57035e-07
4.12167e-07
9.60725e-07
4.40991e-07
9.63293e-07
4.64542e-07
9.64956e-07
4.83131e-07
9.65917e-07
4.97109e-07
9.66362e-07
5.06845e-07
9.66456e-07
5.12706e-07
9.66344e-07
5.15041e-07
9.66153e-07
5.14178e-07
9.65991e-07
5.10417e-07
9.65951e-07
5.0403e-07
9.66114e-07
4.95262e-07
9.66549e-07
4.8433e-07
9.6732e-07
4.71429e-07
9.6848e-07
4.56733e-07
9.7008e-07
4.40395e-07
9.72166e-07
4.22551e-07
9.74784e-07
4.03325e-07
9.77976e-07
3.82823e-07
9.81785e-07
3.61142e-07
9.86254e-07
3.38368e-07
9.91427e-07
3.14576e-07
9.97349e-07
2.89832e-07
1.00407e-06
2.64195e-07
1.01164e-06
2.37718e-07
1.02011e-06
2.10444e-07
1.02955e-06
1.82414e-07
1.04002e-06
1.53661e-07
1.05159e-06
1.24215e-07
1.06434e-06
9.41024e-08
1.07837e-06
6.33474e-08
1.09376e-06
3.19724e-08
1.11064e-06
1.12913e-06
5.02602e-08
6.49572e-09
9.44373e-08
5.06688e-07
1.38036e-07
8.83185e-07
1.79898e-07
8.952e-07
2.19402e-07
9.05906e-07
2.56039e-07
9.15365e-07
2.89431e-07
9.23644e-07
3.19323e-07
9.30833e-07
3.45575e-07
9.37041e-07
3.68143e-07
9.42388e-07
3.8706e-07
9.47e-07
4.02422e-07
9.51e-07
4.14366e-07
9.54512e-07
4.23059e-07
9.57651e-07
4.28685e-07
9.60528e-07
4.31434e-07
9.63241e-07
4.31499e-07
9.65886e-07
4.29066e-07
9.68546e-07
4.24315e-07
9.71301e-07
4.17415e-07
9.7422e-07
4.08523e-07
9.77371e-07
3.97787e-07
9.80816e-07
3.85342e-07
9.84611e-07
3.71313e-07
9.88813e-07
3.55813e-07
9.93476e-07
3.38946e-07
9.98651e-07
3.20808e-07
1.00439e-06
3.01486e-07
1.01075e-06
2.81058e-07
1.01778e-06
2.59596e-07
1.02553e-06
2.37165e-07
1.03407e-06
2.13823e-07
1.04345e-06
1.89626e-07
1.05375e-06
1.64621e-07
1.06502e-06
1.38854e-07
1.07736e-06
1.12367e-07
1.09083e-06
8.51988e-08
1.10553e-06
5.73892e-08
1.12157e-06
2.89762e-08
1.13906e-06
1.15811e-06
4.75012e-08
6.28694e-09
7.61625e-08
4.97377e-07
1.08914e-07
8.50443e-07
1.40863e-07
8.63251e-07
1.7159e-07
8.75179e-07
2.00716e-07
8.8624e-07
2.27915e-07
8.96444e-07
2.52928e-07
9.0582e-07
2.75556e-07
9.14413e-07
2.95662e-07
9.22283e-07
3.13163e-07
9.29499e-07
3.28026e-07
9.36137e-07
3.4026e-07
9.42278e-07
3.49905e-07
9.48006e-07
3.5703e-07
9.53403e-07
3.61719e-07
9.58552e-07
3.64073e-07
9.63532e-07
3.64199e-07
9.6842e-07
3.6221e-07
9.7329e-07
3.58219e-07
9.78211e-07
3.5234e-07
9.83251e-07
3.44681e-07
9.88474e-07
3.35349e-07
9.93943e-07
3.24445e-07
9.99717e-07
3.12067e-07
1.00585e-06
2.98305e-07
1.01241e-06
2.83245e-07
1.01945e-06
2.66967e-07
1.02703e-06
2.49546e-07
1.0352e-06
2.31053e-07
1.04402e-06
2.11554e-07
1.05357e-06
1.9111e-07
1.0639e-06
1.6978e-07
1.07508e-06
1.47616e-07
1.08719e-06
1.24673e-07
1.1003e-06
1.00999e-07
1.1145e-06
7.66449e-08
1.12989e-06
5.16592e-08
1.14656e-06
2.6093e-08
1.16462e-06
1.1842e-06
4.60809e-08
6.18496e-09
6.52187e-08
4.93574e-07
9.02609e-08
8.25407e-07
1.14933e-07
8.38578e-07
1.38949e-07
8.51163e-07
1.62037e-07
8.63152e-07
1.83953e-07
8.74528e-07
2.0448e-07
8.85292e-07
2.23436e-07
8.95457e-07
2.4067e-07
9.05049e-07
2.56066e-07
9.14102e-07
2.69541e-07
9.22662e-07
2.8104e-07
9.30779e-07
2.90537e-07
9.38508e-07
2.9803e-07
9.4591e-07
3.03536e-07
9.53047e-07
3.07087e-07
9.5998e-07
3.08732e-07
9.66775e-07
3.08528e-07
9.73494e-07
3.06538e-07
9.80201e-07
3.02834e-07
9.86956e-07
2.97487e-07
9.93821e-07
2.90573e-07
1.00086e-06
2.82166e-07
1.00812e-06
2.72343e-07
1.01568e-06
2.61175e-07
1.02358e-06
2.48736e-07
1.03189e-06
2.35093e-07
1.04067e-06
2.20315e-07
1.04998e-06
2.04466e-07
1.05987e-06
1.87608e-07
1.07043e-06
1.69802e-07
1.0817e-06
1.51105e-07
1.09378e-06
1.31574e-07
1.10672e-06
1.11265e-07
1.12061e-06
9.0232e-08
1.13554e-06
6.85308e-08
1.15159e-06
4.62182e-08
1.16887e-06
2.33533e-08
1.18749e-06
1.20756e-06
4.54783e-08
6.13722e-09
5.8263e-08
4.93681e-07
7.77767e-08
8.05899e-07
9.70319e-08
8.19323e-07
1.15876e-07
8.3232e-07
1.34146e-07
8.44882e-07
1.51678e-07
8.56995e-07
1.68317e-07
8.68653e-07
1.83916e-07
8.79859e-07
1.98342e-07
8.90623e-07
2.11481e-07
9.00964e-07
2.23235e-07
9.10908e-07
2.33527e-07
9.20487e-07
2.42299e-07
9.29737e-07
2.49509e-07
9.387e-07
2.55133e-07
9.47422e-07
2.59164e-07
9.5595e-07
2.61606e-07
9.64333e-07
2.62476e-07
9.72624e-07
2.618e-07
9.80876e-07
2.59614e-07
9.89142e-07
2.55959e-07
9.97477e-07
2.50881e-07
1.00594e-06
2.4443e-07
1.01457e-06
2.3666e-07
1.02345e-06
2.27627e-07
1.03261e-06
2.17385e-07
1.04213e-06
2.05991e-07
1.05206e-06
1.93503e-07
1.06246e-06
1.79977e-07
1.0734e-06
1.65469e-07
1.08494e-06
1.50034e-07
1.09714e-06
1.33729e-07
1.11008e-06
1.16608e-07
1.12384e-06
9.87286e-08
1.13849e-06
8.01461e-08
1.15412e-06
6.09191e-08
1.17082e-06
4.11085e-08
1.18868e-06
2.07789e-08
1.20782e-06
1.22834e-06
4.5444e-08
6.12868e-09
5.49919e-08
4.97636e-07
6.98795e-08
7.91015e-07
8.46548e-08
8.04548e-07
9.9228e-08
8.17747e-07
1.13493e-07
8.30617e-07
1.27334e-07
8.43154e-07
1.40634e-07
8.55354e-07
1.53272e-07
8.6722e-07
1.65136e-07
8.78759e-07
1.76118e-07
8.89982e-07
1.8612e-07
9.00905e-07
1.95057e-07
9.11549e-07
2.02855e-07
9.21939e-07
2.09455e-07
9.32101e-07
2.14808e-07
9.42069e-07
2.18881e-07
9.51877e-07
2.21652e-07
9.61562e-07
2.23111e-07
9.71166e-07
2.23257e-07
9.8073e-07
2.221e-07
9.90299e-07
2.19656e-07
9.99921e-07
2.1595e-07
1.00964e-06
2.1101e-07
1.01951e-06
2.04871e-07
1.02959e-06
1.97572e-07
1.03991e-06
1.89153e-07
1.05055e-06
1.79659e-07
1.06156e-06
1.69136e-07
1.07299e-06
1.57631e-07
1.08491e-06
1.45192e-07
1.09737e-06
1.31869e-07
1.11046e-06
1.17715e-07
1.12424e-06
1.0278e-07
1.13877e-06
8.71193e-08
1.15415e-06
7.07887e-08
1.17045e-06
5.38469e-08
1.18776e-06
3.63561e-08
1.20617e-06
1.83829e-08
1.22579e-06
1.24672e-06
4.57949e-08
6.16126e-09
5.41609e-08
5.05144e-07
6.48441e-08
7.80335e-07
7.56884e-08
7.93703e-07
8.65935e-08
8.06841e-07
9.74581e-08
8.19753e-07
1.08178e-07
8.32434e-07
1.18644e-07
8.44887e-07
1.2875e-07
8.57114e-07
1.38387e-07
8.69122e-07
1.47451e-07
8.80918e-07
1.55843e-07
8.92513e-07
1.63474e-07
9.03919e-07
1.70262e-07
9.1515e-07
1.76138e-07
9.26226e-07
1.8104e-07
9.37166e-07
1.84922e-07
9.47995e-07
1.87744e-07
9.58739e-07
1.89481e-07
9.69429e-07
1.90114e-07
9.80096e-07
1.89637e-07
9.90777e-07
1.88047e-07
1.00151e-06
1.85354e-07
1.01234e-06
1.81571e-07
1.0233e-06
1.76718e-07
1.03444e-06
1.70818e-07
1.04581e-06
1.63902e-07
1.05747e-06
1.56001e-07
1.06946e-06
1.47151e-07
1.08184e-06
1.37391e-07
1.09467e-06
1.26761e-07
1.108e-06
1.15306e-07
1.12192e-06
1.03071e-07
1.13647e-06
9.01029e-08
1.15174e-06
7.64537e-08
1.1678e-06
6.21767e-08
1.18473e-06
4.73288e-08
1.20261e-06
3.19714e-08
1.22153e-06
1.61709e-08
1.24159e-06
1.26289e-06
4.6308e-08
6.23413e-09
5.26982e-08
5.15346e-07
6.00363e-08
7.73e-07
6.76971e-08
7.86043e-07
7.56227e-08
7.98916e-07
8.3735e-08
8.1164e-07
9.19398e-08
8.24229e-07
1.00132e-07
8.36695e-07
1.08202e-07
8.49045e-07
1.16037e-07
8.61287e-07
1.2353e-07
8.73426e-07
1.30577e-07
8.85466e-07
1.37084e-07
8.97412e-07
1.42965e-07
9.09269e-07
1.48145e-07
9.21046e-07
1.52559e-07
9.32752e-07
1.56152e-07
9.44402e-07
1.58881e-07
9.56011e-07
1.6071e-07
9.676e-07
1.61613e-07
9.79193e-07
1.61573e-07
9.90817e-07
1.60579e-07
1.0025e-06
1.5863e-07
1.01428e-06
1.55728e-07
1.0262e-06
1.51883e-07
1.03829e-06
1.47108e-07
1.05059e-06
1.41424e-07
1.06315e-06
1.34853e-07
1.07603e-06
1.27423e-07
1.08927e-06
1.19163e-07
1.10293e-06
1.10108e-07
1.11706e-06
1.00294e-07
1.13173e-06
8.9762e-08
1.147e-06
7.85543e-08
1.16295e-06
6.67175e-08
1.17964e-06
5.43015e-08
1.19714e-06
4.13603e-08
1.21555e-06
2.79524e-08
1.23494e-06
1.41422e-08
1.2554e-06
1.27703e-06
4.66757e-08
6.35958e-09
4.94183e-08
5.29528e-07
5.37803e-08
7.6864e-07
5.87743e-08
7.81049e-07
6.43387e-08
7.93351e-07
7.03724e-08
8.05607e-07
7.67485e-08
8.17853e-07
8.33278e-08
8.30115e-07
8.99693e-08
8.42403e-07
9.65383e-08
8.54718e-07
1.0291e-07
8.67054e-07
1.08973e-07
8.79403e-07
1.1463e-07
8.91755e-07
1.19794e-07
9.04105e-07
1.24393e-07
9.16447e-07
1.28365e-07
9.2878e-07
1.31658e-07
9.41109e-07
1.34229e-07
9.53439e-07
1.36045e-07
9.65784e-07
1.37078e-07
9.7816e-07
1.37309e-07
9.90587e-07
1.36724e-07
1.00309e-06
1.35316e-07
1.01569e-06
1.33081e-07
1.02843e-06
1.30024e-07
1.04134e-06
1.26152e-07
1.05446e-06
1.21476e-07
1.06783e-06
1.16013e-07
1.08149e-06
1.09783e-07
1.0955e-06
1.0281e-07
1.1099e-06
9.51208e-08
1.12475e-06
8.67463e-08
1.1401e-06
7.77207e-08
1.15603e-06
6.80819e-08
1.17259e-06
5.78714e-08
1.18985e-06
4.71346e-08
1.20788e-06
3.59215e-08
1.22676e-06
2.42867e-08
1.24657e-06
1.22907e-08
1.2674e-06
1.28932e-06
4.64909e-08
6.71233e-09
4.16053e-08
5.49084e-07
4.33361e-08
7.6691e-07
4.63409e-08
7.78044e-07
5.04506e-08
7.89242e-07
5.5417e-08
8.0064e-07
6.09746e-08
8.12296e-07
6.68763e-08
8.24214e-07
7.29087e-08
8.36371e-07
7.88962e-08
8.4873e-07
8.46981e-08
8.61252e-07
9.02031e-08
8.73898e-07
9.53233e-08
8.86635e-07
9.99893e-08
8.99439e-07
1.04145e-07
9.12291e-07
1.07745e-07
9.2518e-07
1.10753e-07
9.38101e-07
1.13137e-07
9.51055e-07
1.14872e-07
9.64049e-07
1.15938e-07
9.77094e-07
1.16317e-07
9.90207e-07
1.16e-07
1.00341e-06
1.14976e-07
1.01672e-06
1.13242e-07
1.03017e-06
1.10797e-07
1.04379e-06
1.07646e-07
1.05761e-06
1.03795e-07
1.07168e-06
9.92548e-08
1.08603e-06
9.40404e-08
1.10071e-06
8.81698e-08
1.11577e-06
8.16646e-08
1.13125e-06
7.45501e-08
1.14722e-06
6.6855e-08
1.16372e-06
5.86121e-08
1.18083e-06
4.98576e-08
1.1986e-06
4.06323e-08
1.2171e-06
3.09811e-08
1.23641e-06
2.0954e-08
1.2566e-06
1.06064e-08
1.27774e-06
1.29993e-06
4.39348e-08
9.02884e-09
2.3893e-08
5.79318e-07
2.34931e-08
7.6731e-07
2.62345e-08
7.75302e-07
3.10458e-08
7.8443e-07
3.70467e-08
7.94639e-07
4.35971e-08
8.05745e-07
5.02669e-08
8.17544e-07
5.67836e-08
8.29854e-07
6.29825e-08
8.42531e-07
6.87686e-08
8.55466e-07
7.40885e-08
8.68578e-07
7.89125e-08
8.81811e-07
8.32232e-08
8.95128e-07
8.70086e-08
9.08506e-07
9.02587e-08
9.2193e-07
9.29641e-08
9.35396e-07
9.51146e-08
9.48905e-07
9.67001e-08
9.62464e-07
9.77107e-08
9.76084e-07
9.8137e-08
9.8978e-07
9.7971e-08
1.00357e-06
9.72063e-08
1.01748e-06
9.58384e-08
1.03153e-06
9.38657e-08
1.04576e-06
9.12888e-08
1.06019e-06
8.81116e-08
1.07486e-06
8.4341e-08
1.0898e-06
7.99871e-08
1.10507e-06
7.50632e-08
1.12069e-06
6.95861e-08
1.13673e-06
6.35761e-08
1.15323e-06
5.7057e-08
1.17024e-06
5.00563e-08
1.18783e-06
4.26053e-08
1.20605e-06
3.47395e-08
1.22497e-06
2.64988e-08
1.24465e-06
1.79278e-08
1.26517e-06
9.07633e-09
1.2866e-06
1.30901e-06
2.28338e-08
9.50424e-09
-2.68622e-08
6.28638e-07
-2.01575e-08
7.60606e-07
-8.62595e-09
7.63771e-07
3.86757e-09
7.71937e-07
1.56709e-08
7.82836e-07
2.62065e-08
7.9521e-07
3.53853e-08
8.08365e-07
4.33146e-08
8.21925e-07
5.01599e-08
8.35686e-07
5.60835e-08
8.49542e-07
6.12223e-08
8.63439e-07
6.56822e-08
8.77351e-07
6.95403e-08
8.9127e-07
7.28502e-08
9.05196e-07
7.56466e-08
9.19133e-07
7.79501e-08
9.33092e-07
7.97711e-08
9.47084e-07
8.11129e-08
9.61122e-07
8.1974e-08
9.75223e-07
8.23504e-08
9.89404e-07
8.22366e-08
1.00369e-06
8.1627e-08
1.01809e-06
8.05167e-08
1.03264e-06
7.89023e-08
1.04737e-06
7.67824e-08
1.06231e-06
7.41577e-08
1.07748e-06
7.10316e-08
1.09293e-06
6.74104e-08
1.10869e-06
6.33035e-08
1.1248e-06
5.87232e-08
1.14131e-06
5.36853e-08
1.15827e-06
4.82088e-08
1.17572e-06
4.23166e-08
1.19372e-06
3.6035e-08
1.21233e-06
2.93943e-08
1.23161e-06
2.2429e-08
1.25162e-06
1.51781e-08
1.27242e-06
7.68541e-09
1.29409e-06
1.31669e-06
-1.77433e-07
5.7944e-07
-1.80809e-07
6.32014e-07
-9.94029e-08
6.79199e-07
-4.89999e-08
7.13368e-07
-1.68693e-08
7.39806e-07
4.35542e-09
7.61611e-07
1.89603e-08
7.80605e-07
2.94591e-08
7.97866e-07
3.73407e-08
8.14043e-07
4.34978e-08
8.29529e-07
4.84713e-08
8.44569e-07
5.25927e-08
8.59318e-07
5.6066e-08
8.73878e-07
5.90168e-08
8.88319e-07
6.15208e-08
9.02692e-07
6.36224e-08
9.17032e-07
6.53452e-08
9.31369e-07
6.66997e-08
9.45729e-07
6.76875e-08
9.60134e-07
6.83054e-08
9.74605e-07
6.85466e-08
9.89163e-07
6.84034e-08
1.00383e-06
6.78675e-08
1.01863e-06
6.69313e-08
1.03358e-06
6.55887e-08
1.04872e-06
6.3835e-08
1.06406e-06
6.16681e-08
1.07965e-06
5.90879e-08
1.09551e-06
5.60974e-08
1.11168e-06
5.2702e-08
1.1282e-06
4.89103e-08
1.1451e-06
4.47339e-08
1.16244e-06
4.01878e-08
1.18027e-06
3.52901e-08
1.19862e-06
3.00624e-08
1.21756e-06
2.45301e-08
1.23714e-06
1.87222e-08
1.25743e-06
1.26721e-08
1.27847e-06
6.41728e-09
1.30034e-06
1.32311e-06
1.65206e-07
6.86204e-07
1.0024e-07
6.9698e-07
6.695e-08
7.12489e-07
5.06328e-08
7.29685e-07
4.32972e-08
7.47142e-07
4.06431e-08
7.64265e-07
4.038e-08
7.80868e-07
4.13e-08
7.96946e-07
4.2772e-08
8.12571e-07
4.44683e-08
8.27833e-07
4.62177e-08
8.42819e-07
4.79293e-08
8.57606e-07
4.95509e-08
8.72256e-07
5.10497e-08
8.86821e-07
5.24007e-08
9.01341e-07
5.3583e-08
9.15849e-07
5.45769e-08
9.30376e-07
5.53631e-08
9.44943e-07
5.59232e-08
9.59574e-07
5.62392e-08
9.74289e-07
5.62942e-08
9.89108e-07
5.60723e-08
1.00405e-06
5.55595e-08
1.01914e-06
5.47435e-08
1.0344e-06
5.3614e-08
1.04985e-06
5.21631e-08
1.06551e-06
5.03852e-08
1.08143e-06
4.82772e-08
1.09762e-06
4.58388e-08
1.11412e-06
4.30722e-08
1.13096e-06
3.99828e-08
1.14819e-06
3.65784e-08
1.16585e-06
3.28701e-08
1.18397e-06
2.88721e-08
1.20262e-06
2.46014e-08
1.22183e-06
2.00786e-08
1.24167e-06
1.53276e-08
1.26218e-06
1.03759e-08
1.28342e-06
5.25494e-09
1.30546e-06
1.32836e-06
1.52786e-07
7.17894e-07
1.23846e-07
7.2592e-07
1.00384e-07
7.35951e-07
8.25541e-08
7.47515e-07
6.95504e-08
7.60145e-07
6.03484e-08
7.73467e-07
5.40042e-08
7.87212e-07
4.97492e-08
8.01201e-07
4.69946e-08
8.15326e-07
4.53039e-08
8.29524e-07
4.43589e-08
8.43764e-07
4.3928e-08
8.58037e-07
4.38421e-08
8.72342e-07
4.39755e-08
8.86687e-07
4.42336e-08
9.01082e-07
4.45429e-08
9.1554e-07
4.48451e-08
9.30073e-07
4.50931e-08
9.44695e-07
4.52477e-08
9.59419e-07
4.52759e-08
9.74261e-07
4.51499e-08
9.89234e-07
4.48461e-08
1.00435e-06
4.43442e-08
1.01964e-06
4.36274e-08
1.03511e-06
4.26818e-08
1.05079e-06
4.14966e-08
1.0667e-06
4.00634e-08
1.08286e-06
3.83768e-08
1.0993e-06
3.64339e-08
1.11606e-06
3.42345e-08
1.13316e-06
3.17809e-08
1.15065e-06
2.90782e-08
1.16855e-06
2.61341e-08
1.18692e-06
2.2959e-08
1.20579e-06
1.95661e-08
1.22522e-06
1.59714e-08
1.24526e-06
1.21938e-08
1.26595e-06
8.25536e-09
1.28736e-06
4.18123e-09
1.30954e-06
1.33254e-06
1.13417e-07
7.30306e-07
1.00437e-07
7.38901e-07
8.80312e-08
7.48356e-07
7.69035e-08
7.58643e-07
6.73741e-08
7.69675e-07
5.94979e-08
7.81344e-07
5.31715e-08
7.93538e-07
4.82127e-08
8.0616e-07
4.44119e-08
8.19127e-07
4.15627e-08
8.32373e-07
3.94766e-08
8.4585e-07
3.79894e-08
8.59524e-07
3.69615e-08
8.7337e-07
3.62761e-08
8.87373e-07
3.58366e-08
9.01522e-07
3.55627e-08
9.15814e-07
3.5388e-08
9.30248e-07
3.52575e-08
9.44826e-07
3.5125e-08
9.59552e-07
3.49521e-08
9.74433e-07
3.47066e-08
9.89479e-07
3.43614e-08
1.0047e-06
3.38939e-08
1.02011e-06
3.32854e-08
1.03572e-06
3.25205e-08
1.05156e-06
3.15871e-08
1.06763e-06
3.04758e-08
1.08397e-06
2.91797e-08
1.1006e-06
2.76947e-08
1.11754e-06
2.60188e-08
1.13484e-06
2.41525e-08
1.15251e-06
2.20986e-08
1.1706e-06
1.98622e-08
1.18915e-06
1.74504e-08
1.20821e-06
1.48728e-08
1.2278e-06
1.21414e-08
1.24799e-06
9.27046e-09
1.26882e-06
6.2766e-09
1.29035e-06
3.17914e-09
1.31264e-06
1.33572e-06
7.68575e-08
7.35865e-07
7.06906e-08
7.45068e-07
6.43296e-08
7.54717e-07
5.81273e-08
7.64845e-07
5.23448e-08
7.75457e-07
4.71481e-08
7.8654e-07
4.26199e-08
7.98067e-07
3.87784e-08
8.10002e-07
3.55965e-08
8.22308e-07
3.30183e-08
8.34951e-07
3.09723e-08
8.47896e-07
2.93809e-08
8.61116e-07
2.81666e-08
8.74584e-07
2.72562e-08
8.88283e-07
2.65827e-08
9.02196e-07
2.60861e-08
9.16311e-07
2.57137e-08
9.3062e-07
2.54199e-08
9.4512e-07
2.51651e-08
9.59807e-07
2.49159e-08
9.74683e-07
2.46434e-08
9.89752e-07
2.43237e-08
1.00502e-06
2.39365e-08
1.0205e-06
2.34649e-08
1.03619e-06
2.28952e-08
1.05213e-06
2.22162e-08
1.06831e-06
2.14193e-08
1.08477e-06
2.04982e-08
1.10152e-06
1.94484e-08
1.11859e-06
1.82676e-08
1.13602e-06
1.69552e-08
1.15382e-06
1.55124e-08
1.17205e-06
1.39424e-08
1.19073e-06
1.22496e-08
1.2099e-06
1.04406e-08
1.22961e-06
8.5236e-09
1.24991e-06
6.50837e-09
1.27084e-06
4.40668e-09
1.29246e-06
2.23207e-09
1.31481e-06
1.33796e-06
4.44297e-08
7.38339e-07
4.15991e-08
7.47898e-07
3.85644e-08
7.57752e-07
3.5474e-08
7.67935e-07
3.24578e-08
7.78474e-07
2.96185e-08
7.8938e-07
2.70284e-08
8.00657e-07
2.47306e-08
8.12299e-07
2.27427e-08
8.24296e-07
2.10621e-08
8.36632e-07
1.96713e-08
8.49287e-07
1.85433e-08
8.62244e-07
1.76449e-08
8.75483e-07
1.69408e-08
8.88987e-07
1.63955e-08
9.02741e-07
1.5975e-08
9.16731e-07
1.56477e-08
9.30948e-07
1.53853e-08
9.45382e-07
1.51623e-08
9.6003e-07
1.49567e-08
9.74888e-07
1.47494e-08
9.89959e-07
1.4524e-08
1.00525e-06
1.42668e-08
1.02075e-06
1.39661e-08
1.03649e-06
1.36125e-08
1.05248e-06
1.31983e-08
1.06872e-06
1.27175e-08
1.08525e-06
1.21655e-08
1.10207e-06
1.1539e-08
1.11922e-06
1.08363e-08
1.13672e-06
1.00565e-08
1.1546e-06
9.20012e-09
1.1729e-06
8.26865e-09
1.19166e-06
7.2647e-09
1.2109e-06
6.19193e-09
1.23068e-06
5.05509e-09
1.25105e-06
3.86e-09
1.27204e-06
2.61357e-09
1.2937e-06
1.32384e-09
1.3161e-06
1.33928e-06
1.45355e-08
1.37097e-08
1.28091e-08
1.18743e-08
1.09432e-08
1.00481e-08
9.21427e-09
8.45912e-09
7.79254e-09
7.21789e-09
6.73324e-09
6.3327e-09
6.00777e-09
5.74838e-09
5.54381e-09
5.38334e-09
5.25672e-09
5.15445e-09
5.06794e-09
4.98956e-09
4.91266e-09
4.83151e-09
4.74124e-09
4.63776e-09
4.5177e-09
4.3783e-09
4.21741e-09
4.03337e-09
3.82503e-09
3.59166e-09
3.33295e-09
3.04898e-09
2.74022e-09
2.40748e-09
2.05197e-09
1.67524e-09
1.2792e-09
8.6614e-10
4.38724e-10
)
;

boundaryField
{
    top
    {
        type            calculated;
        value           nonuniform List<scalar> 
80
(
1.53837e-06
1.51183e-06
1.48625e-06
1.46157e-06
1.43769e-06
1.41456e-06
1.39209e-06
1.37022e-06
1.34886e-06
1.32796e-06
1.30745e-06
1.28727e-06
1.26737e-06
1.24768e-06
1.22815e-06
1.20875e-06
1.18941e-06
1.17012e-06
1.15082e-06
1.13148e-06
1.11208e-06
1.09259e-06
1.07299e-06
1.05328e-06
1.03344e-06
1.01349e-06
9.93419e-07
9.73259e-07
9.53036e-07
9.32787e-07
9.1256e-07
8.92412e-07
8.72406e-07
8.52611e-07
8.33097e-07
8.13934e-07
7.95189e-07
7.76917e-07
7.59165e-07
7.41965e-07
7.39051e-07
7.48724e-07
7.58652e-07
7.6887e-07
7.79405e-07
7.90275e-07
8.01491e-07
8.13055e-07
8.24963e-07
8.37206e-07
8.49772e-07
8.62644e-07
8.75808e-07
8.89246e-07
9.02945e-07
9.16892e-07
9.31074e-07
9.45484e-07
9.60116e-07
9.74967e-07
9.90036e-07
1.00533e-06
1.02084e-06
1.0366e-06
1.0526e-06
1.06886e-06
1.08541e-06
1.10226e-06
1.11943e-06
1.13695e-06
1.15486e-06
1.17319e-06
1.19197e-06
1.21124e-06
1.23104e-06
1.25142e-06
1.27243e-06
1.29412e-06
1.31653e-06
1.33972e-06
)
;
    }
    inlet
    {
        type            calculated;
        value           nonuniform List<scalar> 
80
(
-1.71017e-16
-1.67966e-16
-1.65045e-16
-1.62129e-16
-1.59282e-16
-1.5646e-16
-1.53711e-16
-1.51011e-16
-1.48346e-16
-1.45734e-16
-1.43165e-16
-1.40647e-16
-1.38169e-16
-1.35734e-16
-1.33353e-16
-1.31004e-16
-1.28697e-16
-1.26397e-16
-1.24204e-16
-1.22023e-16
-1.19848e-16
-1.17738e-16
-1.15671e-16
-1.13632e-16
-1.11629e-16
-1.09667e-16
-1.07736e-16
-1.05834e-16
-1.0397e-16
-1.0213e-16
-1.0034e-16
-9.85775e-17
-9.68292e-17
-9.5131e-17
-9.34704e-17
-9.18046e-17
-9.01907e-17
-8.86002e-17
-8.70411e-17
-8.55103e-17
-8.53469e-14
-8.68773e-14
-8.84352e-14
-9.0021e-14
-9.16352e-14
-9.32784e-14
-9.49511e-14
-9.66537e-14
-9.83869e-14
-1.00151e-13
-1.01947e-13
-1.03775e-13
-1.05636e-13
-1.0753e-13
-1.09459e-13
-1.11421e-13
-1.13419e-13
-1.15453e-13
-1.17523e-13
-1.19631e-13
-1.21776e-13
-1.2396e-13
-1.26183e-13
-1.28445e-13
-1.30749e-13
-1.33093e-13
-1.3548e-13
-1.37909e-13
-1.40382e-13
-1.42899e-13
-1.45462e-13
-1.4807e-13
-1.50725e-13
-1.53428e-13
-1.56179e-13
-1.5898e-13
-1.61831e-13
-1.64733e-13
-1.67687e-13
-1.70694e-13
)
;
    }
    axis
    {
        type            calculated;
        value           uniform 0;
    }
    frontAndBack
    {
        type            empty;
        value           nonuniform 0();
    }
}


// ************************************************************************* //
