/*--------------------------------*- C++ -*----------------------------------*\
  =========                 |
  \\      /  F ield         | OpenFOAM: The Open Source CFD Toolbox
   \\    /   O peration     | Website:  https://openfoam.org
    \\  /    A nd           | Version:  7
     \\/     M anipulation  |
\*---------------------------------------------------------------------------*/
FoamFile
{
    version     2.0;
    format      ascii;
    class       surfaceScalarField;
    location    "5000";
    object      phib;
}
// * * * * * * * * * * * * * * * * * * * * * * * * * * * * * * * * * * * * * //

dimensions      [0 3 -1 0 0 0 0];

internalField   nonuniform List<scalar> 
6280
(
-8.20576e-22
-1.71015e-16
-1.6228e-21
-1.68002e-16
-2.40335e-21
-1.65043e-16
-3.15913e-21
-1.62135e-16
-3.8872e-21
-1.59279e-16
-4.5847e-21
-1.56473e-16
-5.24884e-21
-1.53717e-16
-5.87682e-21
-1.51009e-16
-6.46584e-21
-1.48349e-16
-7.01305e-21
-1.45736e-16
-7.51558e-21
-1.43168e-16
-7.97052e-21
-1.40646e-16
-8.3749e-21
-1.38169e-16
-8.72575e-21
-1.35735e-16
-9.0201e-21
-1.33344e-16
-9.255e-21
-1.30995e-16
-9.42757e-21
-1.28687e-16
-9.53504e-21
-1.2642e-16
-9.57482e-21
-1.24193e-16
-9.54456e-21
-1.22006e-16
-9.44219e-21
-1.19857e-16
-9.26607e-21
-1.17745e-16
-9.01502e-21
-1.15671e-16
-8.68845e-21
-1.13633e-16
-8.28644e-21
-1.11632e-16
-7.80984e-21
-1.09665e-16
-7.26035e-21
-1.07734e-16
-6.6406e-21
-1.05836e-16
-5.95422e-21
-1.03972e-16
-5.20582e-21
-1.0214e-16
-4.40103e-21
-1.00341e-16
-3.54645e-21
-9.85733e-17
-2.64951e-21
-9.68369e-17
-1.71841e-21
-9.5131e-17
-7.61918e-22
-9.34552e-17
2.10856e-22
-9.1809e-17
1.19065e-21
-9.01917e-17
2.16833e-21
-8.86029e-17
3.13508e-21
-8.70421e-17
-8.55087e-17
4.08268e-21
-8.28926e-22
-1.71014e-16
-1.63954e-21
-1.68001e-16
-2.42869e-21
-1.65042e-16
-3.19344e-21
-1.62134e-16
-3.93099e-21
-1.59278e-16
-4.63863e-21
-1.56473e-16
-5.31369e-21
-1.53716e-16
-5.95347e-21
-1.51008e-16
-6.55529e-21
-1.48348e-16
-7.1164e-21
-1.45735e-16
-7.634e-21
-1.43168e-16
-8.10522e-21
-1.40646e-16
-8.52716e-21
-1.38168e-16
-8.89685e-21
-1.35734e-16
-9.21128e-21
-1.33343e-16
-9.46743e-21
-1.30995e-16
-9.6623e-21
-1.28687e-16
-9.79293e-21
-1.2642e-16
-9.85647e-21
-1.24193e-16
-9.85021e-21
-1.22006e-16
-9.77166e-21
-1.19857e-16
-9.61863e-21
-1.17745e-16
-9.38931e-21
-1.15671e-16
-9.08235e-21
-1.13634e-16
-8.69701e-21
-1.11632e-16
-8.23322e-21
-1.09666e-16
-7.69177e-21
-1.07734e-16
-7.07433e-21
-1.05836e-16
-6.38364e-21
-1.03972e-16
-5.62355e-21
-1.02141e-16
-4.7991e-21
-1.00342e-16
-3.91653e-21
-9.85741e-17
-2.98325e-21
-9.68378e-17
-2.00777e-21
-9.5132e-17
-9.99529e-22
-9.34562e-17
3.12934e-23
-9.181e-17
1.07408e-21
-9.01927e-17
2.11806e-21
-8.86039e-17
3.15267e-21
-8.70431e-17
-8.55097e-17
4.16789e-21
-8.45225e-22
-1.71013e-16
-1.67222e-21
-1.68001e-16
-2.47817e-21
-1.65041e-16
-3.26045e-21
-1.62134e-16
-4.01656e-21
-1.59278e-16
-4.74405e-21
-1.56472e-16
-5.4405e-21
-1.53715e-16
-6.10346e-21
-1.51008e-16
-6.73045e-21
-1.48348e-16
-7.31892e-21
-1.45734e-16
-7.86625e-21
-1.43167e-16
-8.36972e-21
-1.40645e-16
-8.8265e-21
-1.38168e-16
-9.23369e-21
-1.35734e-16
-9.58825e-21
-1.33343e-16
-9.8871e-21
-1.30994e-16
-1.0127e-20
-1.28687e-16
-1.03048e-20
-1.2642e-16
-1.0417e-20
-1.24193e-16
-1.04605e-20
-1.22006e-16
-1.0432e-20
-1.19857e-16
-1.03281e-20
-1.17745e-16
-1.0146e-20
-1.15671e-16
-9.88274e-21
-1.13634e-16
-9.53598e-21
-1.11633e-16
-9.10375e-21
-1.09666e-16
-8.58476e-21
-1.07735e-16
-7.97855e-21
-1.05837e-16
-7.28574e-21
-1.03973e-16
-6.50816e-21
-1.02142e-16
-5.64916e-21
-1.00342e-16
-4.71374e-21
-9.85751e-17
-3.70872e-21
-9.68388e-17
-2.6428e-21
-9.51331e-17
-1.52653e-21
-9.34574e-17
-3.72126e-22
-9.18112e-17
8.06811e-22
-9.01939e-17
1.99579e-21
-8.86051e-17
3.17999e-21
-8.70443e-17
-8.55109e-17
4.34491e-21
-8.68686e-22
-1.71012e-16
-1.71926e-21
-1.68e-16
-2.54942e-21
-1.6504e-16
-3.357e-21
-1.62133e-16
-4.1399e-21
-1.59277e-16
-4.8961e-21
-1.56471e-16
-5.62355e-21
-1.53715e-16
-6.32017e-21
-1.51007e-16
-6.9838e-21
-1.48347e-16
-7.61223e-21
-1.45734e-16
-8.2031e-21
-1.43167e-16
-8.75395e-21
-1.40645e-16
-9.26219e-21
-1.38167e-16
-9.72503e-21
-1.35734e-16
-1.01396e-20
-1.33343e-16
-1.05026e-20
-1.30994e-16
-1.08109e-20
-1.28687e-16
-1.1061e-20
-1.2642e-16
-1.1249e-20
-1.24193e-16
-1.13709e-20
-1.22006e-16
-1.14226e-20
-1.19857e-16
-1.13997e-20
-1.17745e-16
-1.12973e-20
-1.15672e-16
-1.11109e-20
-1.13634e-16
-1.08353e-20
-1.11633e-16
-1.04658e-20
-1.09667e-16
-9.99778e-21
-1.07735e-16
-9.42689e-21
-1.05838e-16
-8.74971e-21
-1.03974e-16
-7.96393e-21
-1.02142e-16
-7.06884e-21
-1.00343e-16
-6.06591e-21
-9.85761e-17
-4.95929e-21
-9.68399e-17
-3.75634e-21
-9.51343e-17
-2.46802e-21
-9.34587e-17
-1.10904e-21
-9.18125e-17
3.02268e-22
-9.01953e-17
1.74453e-21
-8.86066e-17
3.19429e-21
-8.70457e-17
-8.55123e-17
4.6274e-21
-8.98155e-22
-1.71011e-16
-1.77837e-21
-1.67999e-16
-2.63899e-21
-1.65039e-16
-3.47841e-21
-1.62132e-16
-4.29514e-21
-1.59276e-16
-5.08764e-21
-1.5647e-16
-5.85438e-21
-1.53714e-16
-6.59376e-21
-1.51006e-16
-7.3041e-21
-1.48346e-16
-7.98363e-21
-1.45733e-16
-8.63043e-21
-1.43166e-16
-9.24244e-21
-1.40644e-16
-9.81742e-21
-1.38167e-16
-1.03529e-20
-1.35733e-16
-1.08464e-20
-1.33342e-16
-1.12947e-20
-1.30993e-16
-1.16948e-20
-1.28686e-16
-1.20431e-20
-1.26419e-16
-1.23356e-20
-1.24193e-16
-1.25679e-20
-1.22005e-16
-1.2735e-20
-1.19856e-16
-1.28315e-20
-1.17745e-16
-1.28511e-20
-1.15672e-16
-1.27869e-20
-1.13634e-16
-1.26312e-20
-1.11633e-16
-1.23754e-20
-1.09667e-16
-1.20102e-20
-1.07735e-16
-1.15259e-20
-1.05838e-16
-1.09122e-20
-1.03974e-16
-1.01591e-20
-1.02143e-16
-9.25762e-21
-1.00344e-16
-8.20047e-21
-9.85771e-17
-6.98358e-21
-9.68411e-17
-5.60752e-21
-9.51356e-17
-4.07908e-21
-9.34602e-17
-2.41281e-21
-9.18142e-17
-6.32084e-22
-9.01971e-17
1.23069e-21
-8.86084e-17
3.13516e-21
-8.70476e-17
-8.55142e-17
5.03575e-21
-9.32153e-22
-1.7101e-16
-1.84659e-21
-1.67998e-16
-2.7424e-21
-1.65038e-16
-3.6187e-21
-1.62131e-16
-4.47465e-21
-1.59275e-16
-5.30937e-21
-1.56469e-16
-6.12193e-21
-1.53713e-16
-6.91134e-21
-1.51005e-16
-7.67651e-21
-1.48345e-16
-8.41626e-21
-1.45732e-16
-9.12926e-21
-1.43165e-16
-9.81402e-21
-1.40643e-16
-1.04689e-20
-1.38166e-16
-1.1092e-20
-1.35732e-16
-1.16812e-20
-1.33342e-16
-1.22342e-20
-1.30993e-16
-1.27481e-20
-1.28686e-16
-1.32198e-20
-1.26419e-16
-1.36458e-20
-1.24192e-16
-1.40217e-20
-1.22005e-16
-1.43427e-20
-1.19856e-16
-1.4603e-20
-1.17745e-16
-1.47957e-20
-1.15671e-16
-1.49126e-20
-1.13634e-16
-1.49439e-20
-1.11633e-16
-1.48779e-20
-1.09667e-16
-1.47008e-20
-1.07736e-16
-1.43961e-20
-1.05838e-16
-1.39448e-20
-1.03975e-16
-1.33253e-20
-1.02144e-16
-1.25136e-20
-1.00345e-16
-1.14849e-20
-9.85782e-17
-1.02144e-20
-9.68424e-17
-8.68126e-21
-9.51372e-17
-6.87184e-21
-9.3462e-17
-4.78537e-21
-9.18163e-17
-2.43983e-21
-9.01994e-17
1.22284e-22
-8.8611e-17
2.8307e-21
-8.70503e-17
-8.5517e-17
5.58932e-21
-9.68926e-22
-1.71009e-16
-1.9204e-21
-1.67997e-16
-2.85436e-21
-1.65038e-16
-3.77072e-21
-1.6213e-16
-4.66937e-21
-1.59274e-16
-5.55017e-21
-1.56469e-16
-6.4129e-21
-1.53712e-16
-7.25728e-21
-1.51005e-16
-8.08292e-21
-1.48345e-16
-8.88935e-21
-1.45732e-16
-9.67599e-21
-1.43165e-16
-1.04421e-20
-1.40643e-16
-1.11868e-20
-1.38165e-16
-1.19089e-20
-1.35732e-16
-1.26074e-20
-1.33341e-16
-1.32805e-20
-1.30992e-16
-1.39266e-20
-1.28685e-16
-1.45434e-20
-1.26418e-16
-1.51285e-20
-1.24192e-16
-1.56788e-20
-1.22004e-16
-1.61906e-20
-1.19856e-16
-1.66593e-20
-1.17745e-16
-1.70793e-20
-1.15671e-16
-1.74435e-20
-1.13634e-16
-1.77428e-20
-1.11633e-16
-1.79656e-20
-1.09667e-16
-1.80966e-20
-1.07736e-16
-1.81161e-20
-1.05838e-16
-1.79984e-20
-1.03975e-16
-1.77104e-20
-1.02144e-16
-1.72098e-20
-1.00346e-16
-1.6444e-20
-9.85789e-17
-1.53497e-20
-9.68435e-17
-1.38543e-20
-9.51387e-17
-1.18804e-20
-9.3464e-17
-9.35639e-21
-9.18188e-17
-6.23362e-21
-9.02026e-17
-2.51366e-21
-8.86147e-17
1.71662e-21
-8.70546e-17
-8.55215e-17
6.25052e-21
-1.00652e-21
-1.71008e-16
-1.99589e-21
-1.67996e-16
-2.96895e-21
-1.65037e-16
-3.92645e-21
-1.62129e-16
-4.86909e-21
-1.59273e-16
-5.79751e-21
-1.56468e-16
-6.71225e-21
-1.53711e-16
-7.61381e-21
-1.51004e-16
-8.5026e-21
-1.48344e-16
-9.37896e-21
-1.45731e-16
-1.02431e-20
-1.43164e-16
-1.10952e-20
-1.40642e-16
-1.19354e-20
-1.38165e-16
-1.27634e-20
-1.35731e-16
-1.35792e-20
-1.3334e-16
-1.43824e-20
-1.30991e-16
-1.51725e-20
-1.28684e-16
-1.59489e-20
-1.26418e-16
-1.67108e-20
-1.24191e-16
-1.74573e-20
-1.22004e-16
-1.8187e-20
-1.19855e-16
-1.88984e-20
-1.17744e-16
-1.95896e-20
-1.1567e-16
-2.02581e-20
-1.13633e-16
-2.09001e-20
-1.11632e-16
-2.15106e-20
-1.09666e-16
-2.20817e-20
-1.07735e-16
-2.26014e-20
-1.05838e-16
-2.30513e-20
-1.03974e-16
-2.34025e-20
-1.02144e-16
-2.36106e-20
-1.00345e-16
-2.36079e-20
-9.85789e-17
-2.32937e-20
-9.68438e-17
-2.25212e-20
-9.51394e-17
-2.10844e-20
-9.34654e-17
-1.87078e-20
-9.18212e-17
-1.50499e-20
-9.02062e-17
-9.74468e-21
-8.862e-17
-2.52407e-21
-8.70618e-17
-8.55305e-17
6.48693e-21
-1.04287e-21
-1.71007e-16
-2.06892e-21
-1.67995e-16
-3.07989e-21
-1.65036e-16
-4.07739e-21
-1.62128e-16
-5.06294e-21
-1.59272e-16
-6.03797e-21
-1.56467e-16
-7.00382e-21
-1.5371e-16
-7.9618e-21
-1.51003e-16
-8.91312e-21
-1.48343e-16
-9.85899e-21
-1.4573e-16
-1.08005e-20
-1.43163e-16
-1.17389e-20
-1.40641e-16
-1.2675e-20
-1.38164e-16
-1.361e-20
-1.3573e-16
-1.45448e-20
-1.33339e-16
-1.54803e-20
-1.3099e-16
-1.64176e-20
-1.28683e-16
-1.73576e-20
-1.26417e-16
-1.83016e-20
-1.2419e-16
-1.92508e-20
-1.22003e-16
-2.02069e-20
-1.19854e-16
-2.11722e-20
-1.17743e-16
-2.21496e-20
-1.15669e-16
-2.31435e-20
-1.13632e-16
-2.41593e-20
-1.11631e-16
-2.52046e-20
-1.09665e-16
-2.62895e-20
-1.07734e-16
-2.74264e-20
-1.05837e-16
-2.86303e-20
-1.03973e-16
-2.99169e-20
-1.02142e-16
-3.12996e-20
-1.00344e-16
-3.27808e-20
-9.85775e-17
-3.43358e-20
-9.68422e-17
-3.58806e-20
-9.51379e-17
-3.72113e-20
-9.34641e-17
-3.78918e-20
-9.18205e-17
-3.70492e-20
-9.02071e-17
-3.30052e-20
-8.86241e-17
-2.26199e-20
-8.70722e-17
-8.62059e-17
-1.34165e-22
-1.07588e-21
-1.71006e-16
-2.13529e-21
-1.67994e-16
-3.18084e-21
-1.65034e-16
-4.21495e-21
-1.62127e-16
-5.23992e-21
-1.59271e-16
-6.25796e-21
-1.56466e-16
-7.27118e-21
-1.53709e-16
-8.28167e-21
-1.51002e-16
-9.29148e-21
-1.48342e-16
-1.03026e-20
-1.45729e-16
-1.13171e-20
-1.43162e-16
-1.23371e-20
-1.4064e-16
-1.33644e-20
-1.38163e-16
-1.44012e-20
-1.35729e-16
-1.54496e-20
-1.33338e-16
-1.65117e-20
-1.30989e-16
-1.75898e-20
-1.28682e-16
-1.86862e-20
-1.26416e-16
-1.98035e-20
-1.24189e-16
-2.09447e-20
-1.22002e-16
-2.21133e-20
-1.19853e-16
-2.3314e-20
-1.17742e-16
-2.45526e-20
-1.15668e-16
-2.58373e-20
-1.13631e-16
-2.71798e-20
-1.1163e-16
-2.85969e-20
-1.09664e-16
-3.01132e-20
-1.07732e-16
-3.1765e-20
-1.05835e-16
-3.36065e-20
-1.03971e-16
-3.57187e-20
-1.0214e-16
-3.82242e-20
-1.00341e-16
-4.13096e-20
-9.85744e-17
-4.52629e-20
-9.68383e-17
-5.05335e-20
-9.51326e-17
-5.78334e-20
-9.34568e-17
-6.83065e-20
-9.181e-17
-8.38162e-20
-9.01916e-17
-1.07435e-19
-8.86004e-17
-1.45383e-19
-8.70353e-17
-9.0026e-14
-3.19472e-09
-1.10357e-21
-1.71005e-16
-2.19101e-21
-1.67993e-16
-3.26573e-21
-1.65033e-16
-4.33087e-21
-1.62126e-16
-5.38945e-21
-1.5927e-16
-6.44437e-21
-1.56465e-16
-7.49847e-21
-1.53708e-16
-8.55453e-21
-1.51001e-16
-9.61537e-21
-1.48341e-16
-1.06838e-20
-1.45728e-16
-1.17626e-20
-1.43161e-16
-1.28548e-20
-1.40639e-16
-1.39633e-20
-1.38161e-16
-1.5091e-20
-1.35728e-16
-1.62411e-20
-1.33337e-16
-1.74166e-20
-1.30988e-16
-1.86209e-20
-1.28681e-16
-1.9857e-20
-1.26414e-16
-2.11284e-20
-1.24188e-16
-2.24384e-20
-1.22e-16
-2.37906e-20
-1.19851e-16
-2.51888e-20
-1.1774e-16
-2.66372e-20
-1.15667e-16
-2.8141e-20
-1.13629e-16
-2.97066e-20
-1.11628e-16
-3.13426e-20
-1.09662e-16
-3.30613e-20
-1.07731e-16
-3.48803e-20
-1.05833e-16
-3.68258e-20
-1.03969e-16
-3.89359e-20
-1.02138e-16
-4.12658e-20
-1.00339e-16
-4.38933e-20
-9.85717e-17
-4.69245e-20
-9.68353e-17
-5.04969e-20
-9.51291e-17
-5.47736e-20
-9.34525e-17
-5.99187e-20
-9.18049e-17
-6.60311e-20
-9.01854e-17
-7.29958e-20
-8.85935e-17
-8.60379e-17
-8.70282e-17
-9.90081e-12
-8.07589e-07
-1.12413e-21
-1.71004e-16
-2.23249e-21
-1.67992e-16
-3.32909e-21
-1.65032e-16
-4.41772e-21
-1.62125e-16
-5.50198e-21
-1.59269e-16
-6.58536e-21
-1.56463e-16
-7.67129e-21
-1.53707e-16
-8.76319e-21
-1.51e-16
-9.86449e-21
-1.4834e-16
-1.09787e-20
-1.45727e-16
-1.21093e-20
-1.43159e-16
-1.32601e-20
-1.40638e-16
-1.44348e-20
-1.3816e-16
-1.56372e-20
-1.35727e-16
-1.68714e-20
-1.33336e-16
-1.81413e-20
-1.30987e-16
-1.9451e-20
-1.2868e-16
-2.08045e-20
-1.26413e-16
-2.22055e-20
-1.24186e-16
-2.36575e-20
-1.21999e-16
-2.51634e-20
-1.1985e-16
-2.67252e-20
-1.17739e-16
-2.83434e-20
-1.15665e-16
-3.00166e-20
-1.13628e-16
-3.17407e-20
-1.11626e-16
-3.35076e-20
-1.0966e-16
-3.53041e-20
-1.07729e-16
-3.71092e-20
-1.05831e-16
-3.88927e-20
-1.03968e-16
-4.06104e-20
-1.02136e-16
-4.22002e-20
-1.00338e-16
-4.35754e-20
-9.85704e-17
-4.46147e-20
-9.68342e-17
-4.51497e-20
-9.51285e-17
-4.49446e-20
-9.34527e-17
-4.36685e-20
-9.18061e-17
-4.08536e-20
-9.01883e-17
-3.58376e-20
-8.85985e-17
-3.44109e-15
-8.70363e-17
-1.91658e-11
-3.48778e-07
-1.13609e-21
-1.71003e-16
-2.2567e-21
-1.67991e-16
-3.36636e-21
-1.65031e-16
-4.46928e-21
-1.62124e-16
-5.56951e-21
-1.59268e-16
-6.67099e-21
-1.56462e-16
-7.77758e-21
-1.53706e-16
-8.89317e-21
-1.50998e-16
-1.00217e-20
-1.48339e-16
-1.11671e-20
-1.45725e-16
-1.23337e-20
-1.43158e-16
-1.35256e-20
-1.40636e-16
-1.47473e-20
-1.38159e-16
-1.60036e-20
-1.35725e-16
-1.72992e-20
-1.33334e-16
-1.8639e-20
-1.30986e-16
-2.00283e-20
-1.28678e-16
-2.1472e-20
-1.26412e-16
-2.29751e-20
-1.24185e-16
-2.45422e-20
-1.21997e-16
-2.61771e-20
-1.19848e-16
-2.78823e-20
-1.17737e-16
-2.96583e-20
-1.15663e-16
-3.15023e-20
-1.13626e-16
-3.34067e-20
-1.11624e-16
-3.53571e-20
-1.09658e-16
-3.73286e-20
-1.07727e-16
-3.92821e-20
-1.0583e-16
-4.11583e-20
-1.03966e-16
-4.28707e-20
-1.02135e-16
-4.42965e-20
-1.00336e-16
-4.5266e-20
-9.85694e-17
-4.55518e-20
-9.68339e-17
-4.48593e-20
-9.51292e-17
-4.28239e-20
-9.34547e-17
-3.90218e-20
-9.18099e-17
-3.30083e-20
-9.01943e-17
-2.44032e-20
-8.86071e-17
-3.18284e-15
-8.70477e-17
-1.8644e-11
-4.26173e-09
-1.13832e-21
-1.71002e-16
-2.26144e-21
-1.67989e-16
-3.37415e-21
-1.6503e-16
-4.48094e-21
-1.62123e-16
-5.58613e-21
-1.59267e-16
-6.69388e-21
-1.56461e-16
-7.80835e-21
-1.53705e-16
-8.93367e-21
-1.50997e-16
-1.00741e-20
-1.48337e-16
-1.12339e-20
-1.45724e-16
-1.24176e-20
-1.43157e-16
-1.363e-20
-1.40635e-16
-1.48761e-20
-1.38158e-16
-1.6161e-20
-1.35724e-16
-1.74904e-20
-1.33333e-16
-1.88703e-20
-1.30984e-16
-2.0307e-20
-1.28677e-16
-2.1807e-20
-1.2641e-16
-2.33775e-20
-1.24183e-16
-2.50256e-20
-1.21996e-16
-2.67587e-20
-1.19846e-16
-2.8584e-20
-1.17735e-16
-3.05082e-20
-1.15661e-16
-3.25369e-20
-1.13624e-16
-3.46734e-20
-1.11622e-16
-3.69175e-20
-1.09656e-16
-3.92631e-20
-1.07725e-16
-4.16945e-20
-1.05827e-16
-4.41815e-20
-1.03963e-16
-4.66711e-20
-1.02132e-16
-4.90755e-20
-1.00334e-16
-5.12546e-20
-9.85672e-17
-5.29902e-20
-9.68322e-17
-5.3949e-20
-9.51283e-17
-5.3632e-20
-9.34551e-17
-5.13085e-20
-9.18123e-17
-4.59362e-20
-9.01996e-17
-3.60834e-20
-8.86169e-17
-4.71395e-15
-8.7064e-17
-1.80889e-10
5.64895e-16
-1.13018e-21
-1.71001e-16
-2.24537e-21
-1.67988e-16
-3.35046e-21
-1.65029e-16
-4.44999e-21
-1.62122e-16
-5.54832e-21
-1.59266e-16
-6.64969e-21
-1.5646e-16
-7.75829e-21
-1.53704e-16
-8.8783e-21
-1.50996e-16
-1.0014e-20
-1.48336e-16
-1.11698e-20
-1.45723e-16
-1.23503e-20
-1.43156e-16
-1.35604e-20
-1.40634e-16
-1.48051e-20
-1.38157e-16
-1.60902e-20
-1.35723e-16
-1.74215e-20
-1.33332e-16
-1.88057e-20
-1.30983e-16
-2.025e-20
-1.28675e-16
-2.17625e-20
-1.26409e-16
-2.3352e-20
-1.24182e-16
-2.5029e-20
-1.21994e-16
-2.6805e-20
-1.19845e-16
-2.86935e-20
-1.17733e-16
-3.07106e-20
-1.15659e-16
-3.2875e-20
-1.13622e-16
-3.521e-20
-1.1162e-16
-3.77436e-20
-1.09654e-16
-4.05111e-20
-1.07722e-16
-4.35566e-20
-1.05824e-16
-4.69361e-20
-1.0396e-16
-5.07195e-20
-1.02128e-16
-5.49924e-20
-1.00329e-16
-5.98552e-20
-9.85624e-17
-6.54137e-20
-9.68266e-17
-7.17524e-20
-9.51219e-17
-7.88726e-20
-9.34479e-17
-8.65571e-20
-9.18046e-17
-9.40967e-20
-9.01921e-17
-9.9756e-20
-8.86113e-17
-2.45517e-13
-4.07808e-16
-5.38413e-06
4.84403e-15
-1.11147e-21
-1.71e-16
-2.20815e-21
-1.67987e-16
-3.29476e-21
-1.65028e-16
-4.37572e-21
-1.62121e-16
-5.45524e-21
-1.59265e-16
-6.53739e-21
-1.56459e-16
-7.62618e-21
-1.53703e-16
-8.72562e-21
-1.50995e-16
-9.83977e-21
-1.48335e-16
-1.09728e-20
-1.45722e-16
-1.21291e-20
-1.43155e-16
-1.33132e-20
-1.40633e-16
-1.45301e-20
-1.38155e-16
-1.5785e-20
-1.35721e-16
-1.70837e-20
-1.3333e-16
-1.84327e-20
-1.30982e-16
-1.98391e-20
-1.28674e-16
-2.13111e-20
-1.26407e-16
-2.28581e-20
-1.2418e-16
-2.44913e-20
-1.21992e-16
-2.6224e-20
-1.19843e-16
-2.80722e-20
-1.17732e-16
-3.00561e-20
-1.15657e-16
-3.22014e-20
-1.1362e-16
-3.4541e-20
-1.11618e-16
-3.7119e-20
-1.09651e-16
-3.99949e-20
-1.07719e-16
-4.32514e-20
-1.05821e-16
-4.70056e-20
-1.03956e-16
-5.14278e-20
-1.02124e-16
-5.67707e-20
-1.00324e-16
-6.34189e-20
-9.85557e-17
-7.19703e-20
-9.68181e-17
-8.3374e-20
-9.51105e-17
-9.91666e-20
-9.34321e-17
-1.21876e-19
-9.17819e-17
-1.55717e-19
-9.01583e-17
-9.75155e-19
-8.85594e-17
-2.85378e-07
-1.56942e-10
-2.65041e-05
5.17178e-08
-1.08252e-21
-1.70998e-16
-2.15041e-21
-1.67986e-16
-3.20804e-21
-1.65027e-16
-4.25952e-21
-1.6212e-16
-5.3087e-21
-1.59264e-16
-6.35932e-21
-1.56458e-16
-7.415e-21
-1.53702e-16
-8.47932e-21
-1.50994e-16
-9.5559e-21
-1.48334e-16
-1.06484e-20
-1.45721e-16
-1.17606e-20
-1.43154e-16
-1.28964e-20
-1.40632e-16
-1.40599e-20
-1.38154e-16
-1.52557e-20
-1.3572e-16
-1.64884e-20
-1.33329e-16
-1.77633e-20
-1.3098e-16
-1.90863e-20
-1.28673e-16
-2.04639e-20
-1.26406e-16
-2.19036e-20
-1.24179e-16
-2.34142e-20
-1.21991e-16
-2.50057e-20
-1.19841e-16
-2.66905e-20
-1.1773e-16
-2.84831e-20
-1.15655e-16
-3.04013e-20
-1.13618e-16
-3.24667e-20
-1.11616e-16
-3.4706e-20
-1.09649e-16
-3.71514e-20
-1.07716e-16
-3.98415e-20
-1.05818e-16
-4.28213e-20
-1.03953e-16
-4.61394e-20
-1.02121e-16
-4.98423e-20
-1.0032e-16
-5.39584e-20
-9.85516e-17
-5.84656e-20
-9.68136e-17
-6.32258e-20
-9.51058e-17
-6.78562e-20
-9.34275e-17
-7.14874e-20
-9.17782e-17
-7.23106e-20
-9.01574e-17
-1.39314e-13
-8.85697e-17
-1.41486e-06
-2.06965e-09
-3.02947e-05
7.36961e-07
-1.04407e-21
-1.70997e-16
-2.07366e-21
-1.67985e-16
-3.09265e-21
-1.65026e-16
-4.10464e-21
-1.62119e-16
-5.113e-21
-1.59263e-16
-6.12095e-21
-1.56457e-16
-7.13158e-21
-1.53701e-16
-8.14786e-21
-1.50993e-16
-9.17275e-21
-1.48333e-16
-1.02092e-20
-1.4572e-16
-1.126e-20
-1.43153e-16
-1.23283e-20
-1.40631e-16
-1.34169e-20
-1.38153e-16
-1.4529e-20
-1.35719e-16
-1.56677e-20
-1.33328e-16
-1.68365e-20
-1.30979e-16
-1.80387e-20
-1.28671e-16
-1.92781e-20
-1.26404e-16
-2.05585e-20
-1.24177e-16
-2.1884e-20
-1.21989e-16
-2.32589e-20
-1.1984e-16
-2.46876e-20
-1.17728e-16
-2.61742e-20
-1.15654e-16
-2.77227e-20
-1.13616e-16
-2.93357e-20
-1.11614e-16
-3.1014e-20
-1.09647e-16
-3.27544e-20
-1.07715e-16
-3.45472e-20
-1.05816e-16
-3.63717e-20
-1.03951e-16
-3.81899e-20
-1.02119e-16
-3.99372e-20
-1.00319e-16
-4.15086e-20
-9.855e-17
-4.27415e-20
-9.68123e-17
-4.33946e-20
-9.51051e-17
-4.31278e-20
-9.34278e-17
-4.14937e-20
-9.17799e-17
-3.79707e-20
-9.0161e-17
-1.0159e-12
-8.8588e-17
-8.48237e-07
-5.34741e-09
-3.23375e-05
6.27566e-07
-9.97249e-22
-1.70996e-16
-1.98019e-21
-1.67984e-16
-2.95207e-21
-1.65025e-16
-3.9159e-21
-1.62118e-16
-4.87446e-21
-1.59262e-16
-5.83033e-21
-1.56456e-16
-6.78594e-21
-1.537e-16
-7.74358e-21
-1.50992e-16
-8.70542e-21
-1.48332e-16
-9.6735e-21
-1.45719e-16
-1.06497e-20
-1.43152e-16
-1.1636e-20
-1.4063e-16
-1.26339e-20
-1.38152e-16
-1.3645e-20
-1.35718e-16
-1.46708e-20
-1.33327e-16
-1.57123e-20
-1.30978e-16
-1.67705e-20
-1.2867e-16
-1.78459e-20
-1.26403e-16
-1.89385e-20
-1.24176e-16
-2.00478e-20
-1.21988e-16
-2.11722e-20
-1.19839e-16
-2.23089e-20
-1.17727e-16
-2.34533e-20
-1.15653e-16
-2.45984e-20
-1.13615e-16
-2.57338e-20
-1.11613e-16
-2.68446e-20
-1.09646e-16
-2.79094e-20
-1.07714e-16
-2.88987e-20
-1.05815e-16
-2.97718e-20
-1.0395e-16
-3.04743e-20
-1.02118e-16
-3.0935e-20
-1.00318e-16
-3.10626e-20
-9.85499e-17
-3.07453e-20
-9.68127e-17
-2.98519e-20
-9.5106e-17
-2.82395e-20
-9.34294e-17
-2.57685e-20
-9.17823e-17
-2.23341e-20
-9.01644e-17
-1.58709e-12
-8.86107e-17
-5.15831e-07
-9.41163e-09
-3.3697e-05
5.31671e-07
-9.43452e-22
-1.70995e-16
-1.87281e-21
-1.67983e-16
-2.79065e-21
-1.65024e-16
-3.69929e-21
-1.62117e-16
-4.60086e-21
-1.59261e-16
-5.49728e-21
-1.56455e-16
-6.39029e-21
-1.53699e-16
-7.28144e-21
-1.50991e-16
-8.1721e-21
-1.48331e-16
-9.06343e-21
-1.45718e-16
-9.95639e-21
-1.43151e-16
-1.08517e-20
-1.40629e-16
-1.17498e-20
-1.38151e-16
-1.26509e-20
-1.35717e-16
-1.35546e-20
-1.33326e-16
-1.44603e-20
-1.30977e-16
-1.53667e-20
-1.28669e-16
-1.62718e-20
-1.26402e-16
-1.71728e-20
-1.24175e-16
-1.80658e-20
-1.21987e-16
-1.89455e-20
-1.19838e-16
-1.98048e-20
-1.17726e-16
-2.06346e-20
-1.15652e-16
-2.14232e-20
-1.13614e-16
-2.21555e-20
-1.11612e-16
-2.28127e-20
-1.09645e-16
-2.33712e-20
-1.07713e-16
-2.38022e-20
-1.05815e-16
-2.40711e-20
-1.0395e-16
-2.41371e-20
-1.02118e-16
-2.39539e-20
-1.00318e-16
-2.34706e-20
-9.85504e-17
-2.26346e-20
-9.68135e-17
-2.13957e-20
-9.51072e-17
-1.97125e-20
-9.34311e-17
-1.75603e-20
-9.17845e-17
-1.49468e-20
-9.0167e-17
-1.97145e-12
-8.86357e-17
-3.76488e-07
-1.39578e-08
-3.4768e-05
4.7916e-07
-8.84242e-22
-1.70995e-16
-1.75468e-21
-1.67982e-16
-2.61318e-21
-1.65023e-16
-3.46138e-21
-1.62116e-16
-4.30075e-21
-1.5926e-16
-5.13256e-21
-1.56454e-16
-5.95787e-21
-1.53698e-16
-6.77754e-21
-1.5099e-16
-7.5922e-21
-1.4833e-16
-8.40225e-21
-1.45717e-16
-9.20778e-21
-1.4315e-16
-1.00086e-20
-1.40628e-16
-1.08042e-20
-1.3815e-16
-1.15936e-20
-1.35716e-16
-1.23754e-20
-1.33325e-16
-1.31475e-20
-1.30976e-16
-1.39073e-20
-1.28669e-16
-1.46514e-20
-1.26402e-16
-1.53754e-20
-1.24175e-16
-1.60738e-20
-1.21987e-16
-1.67399e-20
-1.19837e-16
-1.73654e-20
-1.17726e-16
-1.79405e-20
-1.15651e-16
-1.84534e-20
-1.13614e-16
-1.88901e-20
-1.11612e-16
-1.92344e-20
-1.09645e-16
-1.94679e-20
-1.07713e-16
-1.957e-20
-1.05815e-16
-1.95185e-20
-1.0395e-16
-1.92896e-20
-1.02118e-16
-1.886e-20
-1.00319e-16
-1.82075e-20
-9.8551e-17
-1.73138e-20
-9.68144e-17
-1.61663e-20
-9.51084e-17
-1.47615e-20
-9.34325e-17
-1.31071e-20
-9.17862e-17
-1.12319e-20
-9.01689e-17
-2.35895e-12
-8.86721e-17
-3.16679e-07
-2.04617e-08
-3.5698e-05
4.46614e-07
-8.21231e-22
-1.70994e-16
-1.62904e-21
-1.67981e-16
-2.42459e-21
-1.65022e-16
-3.2089e-21
-1.62115e-16
-3.9828e-21
-1.59259e-16
-4.74697e-21
-1.56454e-16
-5.50186e-21
-1.53697e-16
-6.24773e-21
-1.5099e-16
-6.98461e-21
-1.4833e-16
-7.71226e-21
-1.45716e-16
-8.43017e-21
-1.43149e-16
-9.13747e-21
-1.40627e-16
-9.83297e-21
-1.3815e-16
-1.0515e-20
-1.35716e-16
-1.11816e-20
-1.33325e-16
-1.18299e-20
-1.30976e-16
-1.24568e-20
-1.28668e-16
-1.30584e-20
-1.26401e-16
-1.363e-20
-1.24174e-16
-1.41659e-20
-1.21986e-16
-1.46598e-20
-1.19837e-16
-1.51042e-20
-1.17725e-16
-1.54906e-20
-1.15651e-16
-1.58094e-20
-1.13613e-16
-1.60502e-20
-1.11611e-16
-1.62015e-20
-1.09645e-16
-1.62514e-20
-1.07713e-16
-1.61877e-20
-1.05815e-16
-1.59982e-20
-1.0395e-16
-1.56719e-20
-1.02119e-16
-1.51994e-20
-1.00319e-16
-1.45741e-20
-9.85517e-17
-1.37931e-20
-9.68152e-17
-1.28584e-20
-9.51093e-17
-1.17779e-20
-9.34336e-17
-1.05661e-20
-9.17874e-17
-9.25416e-21
-9.01702e-17
-3.1198e-12
-8.87226e-17
-2.89041e-07
-2.90969e-08
-3.65495e-05
4.25194e-07
-7.5598e-22
-1.70993e-16
-1.49902e-21
-1.67981e-16
-2.22965e-21
-1.65022e-16
-2.94829e-21
-1.62114e-16
-3.65525e-21
-1.59259e-16
-4.35066e-21
-1.56453e-16
-5.03449e-21
-1.53697e-16
-5.70653e-21
-1.50989e-16
-6.36633e-21
-1.48329e-16
-7.01323e-21
-1.45716e-16
-7.64628e-21
-1.43149e-16
-8.26426e-21
-1.40627e-16
-8.86561e-21
-1.38149e-16
-9.44843e-21
-1.35715e-16
-1.00104e-20
-1.33324e-16
-1.05488e-20
-1.30975e-16
-1.10605e-20
-1.28668e-16
-1.15417e-20
-1.26401e-16
-1.19882e-20
-1.24174e-16
-1.23953e-20
-1.21986e-16
-1.27578e-20
-1.19836e-16
-1.30697e-20
-1.17725e-16
-1.3325e-20
-1.15651e-16
-1.35168e-20
-1.13613e-16
-1.36385e-20
-1.11611e-16
-1.36831e-20
-1.09645e-16
-1.36438e-20
-1.07713e-16
-1.35146e-20
-1.05815e-16
-1.32902e-20
-1.03951e-16
-1.29665e-20
-1.02119e-16
-1.25416e-20
-1.0032e-16
-1.20154e-20
-9.85522e-17
-1.13909e-20
-9.68158e-17
-1.06736e-20
-9.511e-17
-9.87256e-21
-9.34344e-17
-8.9999e-21
-9.17882e-17
-8.08346e-21
-9.01712e-17
-4.23438e-12
-8.87939e-17
-2.74651e-07
-4.04691e-08
-3.735e-05
4.0936e-07
-6.89925e-22
-1.70992e-16
-1.36748e-21
-1.6798e-16
-2.03266e-21
-1.65021e-16
-2.68537e-21
-1.62114e-16
-3.32545e-21
-1.59258e-16
-3.95262e-21
-1.56452e-16
-4.56647e-21
-1.53696e-16
-5.16641e-21
-1.50988e-16
-5.75171e-21
-1.48328e-16
-6.32141e-21
-1.45715e-16
-6.87438e-21
-1.43148e-16
-7.40923e-21
-1.40626e-16
-7.92433e-21
-1.38149e-16
-8.41778e-21
-1.35715e-16
-8.88742e-21
-1.33324e-16
-9.3308e-21
-1.30975e-16
-9.74518e-21
-1.28667e-16
-1.01275e-20
-1.264e-16
-1.04745e-20
-1.24173e-16
-1.07826e-20
-1.21985e-16
-1.1048e-20
-1.19836e-16
-1.12667e-20
-1.17725e-16
-1.14349e-20
-1.15651e-16
-1.15485e-20
-1.13613e-16
-1.16037e-20
-1.11611e-16
-1.15971e-20
-1.09645e-16
-1.15255e-20
-1.07713e-16
-1.13869e-20
-1.05815e-16
-1.11797e-20
-1.03951e-16
-1.09037e-20
-1.02119e-16
-1.05601e-20
-1.0032e-16
-1.01512e-20
-9.85526e-17
-9.68127e-21
-9.68163e-17
-9.1559e-21
-9.51106e-17
-8.58225e-21
-9.34349e-17
-7.96882e-21
-9.17889e-17
-7.34254e-21
-9.01718e-17
-5.83144e-12
-8.89051e-17
-2.65125e-07
-5.64946e-08
-3.81106e-05
3.9516e-07
-6.24324e-22
-1.70992e-16
-1.23695e-21
-1.67979e-16
-1.83739e-21
-1.6502e-16
-2.42515e-21
-1.62113e-16
-2.9997e-21
-1.59257e-16
-3.56042e-21
-1.56452e-16
-4.10662e-21
-1.53696e-16
-4.63749e-21
-1.50988e-16
-5.1521e-21
-1.48328e-16
-5.64937e-21
-1.45715e-16
-6.1281e-21
-1.43148e-16
-6.58691e-21
-1.40626e-16
-7.02428e-21
-1.38148e-16
-7.43852e-21
-1.35714e-16
-7.82781e-21
-1.33323e-16
-8.19017e-21
-1.30974e-16
-8.52347e-21
-1.28667e-16
-8.82552e-21
-1.264e-16
-9.09401e-21
-1.24173e-16
-9.32661e-21
-1.21985e-16
-9.52104e-21
-1.19836e-16
-9.67504e-21
-1.17725e-16
-9.78655e-21
-1.15651e-16
-9.85372e-21
-1.13613e-16
-9.87506e-21
-1.11611e-16
-9.84947e-21
-1.09645e-16
-9.77641e-21
-1.07713e-16
-9.65595e-21
-1.05815e-16
-9.48885e-21
-1.03951e-16
-9.27668e-21
-1.02119e-16
-9.02178e-21
-1.0032e-16
-8.72733e-21
-9.85529e-17
-8.3973e-21
-9.68166e-17
-8.03636e-21
-9.51109e-17
-7.64983e-21
-9.34353e-17
-7.24352e-21
-9.17893e-17
-6.84848e-21
-9.01722e-17
-8.30514e-12
-8.90945e-17
-2.55815e-07
-8.02849e-08
-3.88322e-05
3.793e-07
-5.60231e-22
-1.70991e-16
-1.10949e-21
-1.67979e-16
-1.64694e-21
-1.6502e-16
-2.17174e-21
-1.62113e-16
-2.68308e-21
-1.59257e-16
-3.1801e-21
-1.56451e-16
-3.66192e-21
-1.53695e-16
-4.12757e-21
-1.50987e-16
-4.57603e-21
-1.48327e-16
-5.0062e-21
-1.45714e-16
-5.4169e-21
-1.43147e-16
-5.80689e-21
-1.40625e-16
-6.17482e-21
-1.38148e-16
-6.51932e-21
-1.35714e-16
-6.83895e-21
-1.33323e-16
-7.13227e-21
-1.30974e-16
-7.39782e-21
-1.28667e-16
-7.63418e-21
-1.264e-16
-7.84003e-21
-1.24173e-16
-8.01412e-21
-1.21985e-16
-8.15542e-21
-1.19836e-16
-8.26307e-21
-1.17725e-16
-8.33653e-21
-1.1565e-16
-8.37558e-21
-1.13613e-16
-8.38038e-21
-1.11611e-16
-8.35152e-21
-1.09645e-16
-8.2901e-21
-1.07713e-16
-8.19768e-21
-1.05815e-16
-8.07633e-21
-1.03951e-16
-7.9286e-21
-1.0212e-16
-7.75748e-21
-1.00321e-16
-7.56629e-21
-9.85531e-17
-7.35859e-21
-9.68168e-17
-7.13801e-21
-9.51111e-17
-6.90811e-21
-9.34355e-17
-6.67217e-21
-9.17895e-17
-6.47014e-21
-9.01725e-17
-1.22614e-11
-8.9394e-17
-2.43736e-07
-1.1349e-07
-3.9509e-05
3.59044e-07
-4.98492e-22
-1.70991e-16
-9.86802e-22
-1.67978e-16
-1.46379e-21
-1.65019e-16
-1.92839e-21
-1.62112e-16
-2.37956e-21
-1.59256e-16
-2.8163e-21
-1.56451e-16
-3.23756e-21
-1.53695e-16
-3.64232e-21
-1.50987e-16
-4.02953e-21
-1.48327e-16
-4.3981e-21
-1.45714e-16
-4.74693e-21
-1.43147e-16
-5.07493e-21
-1.40625e-16
-5.38098e-21
-1.38147e-16
-5.66401e-21
-1.35714e-16
-5.92296e-21
-1.33323e-16
-6.15687e-21
-1.30974e-16
-6.36485e-21
-1.28666e-16
-6.54617e-21
-1.264e-16
-6.70025e-21
-1.24173e-16
-6.82677e-21
-1.21985e-16
-6.92562e-21
-1.19836e-16
-6.99704e-21
-1.17725e-16
-7.04159e-21
-1.1565e-16
-7.06026e-21
-1.13613e-16
-7.05441e-21
-1.11611e-16
-7.02588e-21
-1.09645e-16
-6.97693e-21
-1.07713e-16
-6.91028e-21
-1.05815e-16
-6.82902e-21
-1.03951e-16
-6.73663e-21
-1.0212e-16
-6.63681e-21
-1.00321e-16
-6.53344e-21
-9.85532e-17
-6.43033e-21
-9.68169e-17
-6.3311e-21
-9.51112e-17
-6.2388e-21
-9.34356e-17
-6.15554e-21
-9.17896e-17
-6.13759e-21
-9.01725e-17
-1.81895e-11
-8.99044e-17
-2.27153e-07
-1.62546e-07
-4.0131e-05
3.32567e-07
-4.39754e-22
-1.7099e-16
-8.70142e-22
-1.67978e-16
-1.28982e-21
-1.65019e-16
-1.69753e-21
-1.62112e-16
-2.09209e-21
-1.59256e-16
-2.47237e-21
-1.5645e-16
-2.83728e-21
-1.53694e-16
-3.18573e-21
-1.50987e-16
-3.51666e-21
-1.48327e-16
-3.82904e-21
-1.45714e-16
-4.12187e-21
-1.43147e-16
-4.39417e-21
-1.40625e-16
-4.64502e-21
-1.38147e-16
-4.8736e-21
-1.35713e-16
-5.07915e-21
-1.33322e-16
-5.26107e-21
-1.30974e-16
-5.41889e-21
-1.28666e-16
-5.55236e-21
-1.26399e-16
-5.66145e-21
-1.24172e-16
-5.74643e-21
-1.21985e-16
-5.80786e-21
-1.19836e-16
-5.84667e-21
-1.17724e-16
-5.86422e-21
-1.1565e-16
-5.86225e-21
-1.13613e-16
-5.84301e-21
-1.11611e-16
-5.80919e-21
-1.09645e-16
-5.76399e-21
-1.07713e-16
-5.71108e-21
-1.05815e-16
-5.65457e-21
-1.03951e-16
-5.59899e-21
-1.0212e-16
-5.54925e-21
-1.00321e-16
-5.51055e-21
-9.85532e-17
-5.48835e-21
-9.68169e-17
-5.48832e-21
-9.51112e-17
-5.51627e-21
-9.34356e-17
-5.57819e-21
-9.17895e-17
-5.76492e-21
-9.01724e-17
-2.75975e-11
-9.0777e-17
-2.06069e-07
-2.32591e-07
-4.06881e-05
2.9973e-07
-3.84486e-22
-1.7099e-16
-7.60433e-22
-1.67978e-16
-1.12635e-21
-1.65018e-16
-1.48087e-21
-1.62111e-16
-1.82271e-21
-1.59256e-16
-2.15066e-21
-1.5645e-16
-2.46359e-21
-1.53694e-16
-2.76038e-21
-1.50986e-16
-3.03999e-21
-1.48326e-16
-3.30144e-21
-1.45713e-16
-3.54376e-21
-1.43146e-16
-3.76611e-21
-1.40624e-16
-3.96768e-21
-1.38147e-16
-4.14778e-21
-1.35713e-16
-4.30587e-21
-1.33322e-16
-4.44152e-21
-1.30974e-16
-4.55452e-21
-1.28666e-16
-4.64487e-21
-1.26399e-16
-4.7128e-21
-1.24172e-16
-4.75888e-21
-1.21985e-16
-4.78397e-21
-1.19836e-16
-4.78936e-21
-1.17724e-16
-4.77673e-21
-1.1565e-16
-4.74824e-21
-1.13613e-16
-4.70655e-21
-1.11611e-16
-4.65488e-21
-1.09645e-16
-4.59699e-21
-1.07713e-16
-4.53721e-21
-1.05816e-16
-4.48046e-21
-1.03951e-16
-4.43221e-21
-1.0212e-16
-4.39845e-21
-1.00321e-16
-4.38569e-21
-9.85532e-17
-4.40093e-21
-9.68169e-17
-4.45178e-21
-9.51112e-17
-4.5466e-21
-9.34355e-17
-4.69504e-21
-9.17894e-17
-5.03049e-21
-9.01722e-17
-3.89547e-11
-9.17826e-17
-1.83528e-07
-3.00129e-07
-4.11761e-05
2.62743e-07
-3.32998e-22
-1.70989e-16
-6.58283e-22
-1.67977e-16
-9.7428e-22
-1.65018e-16
-1.27955e-21
-1.62111e-16
-1.57275e-21
-1.59255e-16
-1.85263e-21
-1.5645e-16
-2.11804e-21
-1.53694e-16
-2.36785e-21
-1.50986e-16
-2.60104e-21
-1.48326e-16
-2.81662e-21
-1.45713e-16
-3.0137e-21
-1.43146e-16
-3.19143e-21
-1.40624e-16
-3.3491e-21
-1.38147e-16
-3.48605e-21
-1.35713e-16
-3.60179e-21
-1.33322e-16
-3.69595e-21
-1.30973e-16
-3.76834e-21
-1.28666e-16
-3.81897e-21
-1.26399e-16
-3.84808e-21
-1.24172e-16
-3.85619e-21
-1.21985e-16
-3.84411e-21
-1.19836e-16
-3.81302e-21
-1.17724e-16
-3.76452e-21
-1.1565e-16
-3.70066e-21
-1.13613e-16
-3.624e-21
-1.11611e-16
-3.53773e-21
-1.09645e-16
-3.44565e-21
-1.07713e-16
-3.35229e-21
-1.05816e-16
-3.26292e-21
-1.03951e-16
-3.1835e-21
-1.0212e-16
-3.12071e-21
-1.00321e-16
-3.08171e-21
-9.85533e-17
-3.07392e-21
-9.68169e-17
-3.1046e-21
-9.51112e-17
-3.18039e-21
-9.34354e-17
-3.30681e-21
-9.17892e-17
-3.61399e-21
-9.0172e-17
-3.89359e-11
-9.20795e-17
-1.65514e-07
-3.12106e-07
-4.16023e-05
2.266e-07
-2.85465e-22
-1.70989e-16
-5.6403e-22
-1.67977e-16
-8.34086e-22
-1.65018e-16
-1.09416e-21
-1.62111e-16
-1.3429e-21
-1.59255e-16
-1.57905e-21
-1.5645e-16
-1.80142e-21
-1.53693e-16
-2.00891e-21
-1.50986e-16
-2.2005e-21
-1.48326e-16
-2.3752e-21
-1.45713e-16
-2.53212e-21
-1.43146e-16
-2.67042e-21
-1.40624e-16
-2.78935e-21
-1.38147e-16
-2.88825e-21
-1.35713e-16
-2.96655e-21
-1.33322e-16
-3.02379e-21
-1.30973e-16
-3.05964e-21
-1.28666e-16
-3.07391e-21
-1.26399e-16
-3.06659e-21
-1.24172e-16
-3.03784e-21
-1.21985e-16
-2.98804e-21
-1.19836e-16
-2.91786e-21
-1.17725e-16
-2.82826e-21
-1.15651e-16
-2.72057e-21
-1.13613e-16
-2.5966e-21
-1.11611e-16
-2.45871e-21
-1.09645e-16
-2.30998e-21
-1.07713e-16
-2.15433e-21
-1.05816e-16
-1.99673e-21
-1.03951e-16
-1.84339e-21
-1.0212e-16
-1.70185e-21
-1.00321e-16
-1.581e-21
-9.85534e-17
-1.49078e-21
-9.6817e-17
-1.44139e-21
-9.51112e-17
-1.44155e-21
-9.34354e-17
-1.4956e-21
-9.17892e-17
-1.66199e-21
-9.01719e-17
-1.90469e-11
-9.08896e-17
-1.57512e-07
-2.35676e-07
-4.19867e-05
1.97902e-07
-2.41938e-22
-1.70989e-16
-4.77771e-22
-1.67977e-16
-7.05902e-22
-1.65018e-16
-9.24871e-22
-1.62111e-16
-1.13334e-21
-1.59255e-16
-1.33005e-21
-1.56449e-16
-1.51385e-21
-1.53693e-16
-1.68365e-21
-1.50986e-16
-1.8384e-21
-1.48326e-16
-1.97715e-21
-1.45713e-16
-2.09898e-21
-1.43146e-16
-2.20302e-21
-1.40624e-16
-2.28847e-21
-1.38147e-16
-2.35457e-21
-1.35713e-16
-2.40064e-21
-1.33322e-16
-2.42603e-21
-1.30973e-16
-2.43017e-21
-1.28666e-16
-2.41253e-21
-1.26399e-16
-2.37266e-21
-1.24172e-16
-2.31015e-21
-1.21985e-16
-2.2247e-21
-1.19836e-16
-2.11605e-21
-1.17725e-16
-1.98405e-21
-1.15651e-16
-1.82868e-21
-1.13613e-16
-1.65013e-21
-1.11612e-16
-1.44885e-21
-1.09645e-16
-1.22578e-21
-1.07714e-16
-9.82563e-22
-1.05816e-16
-7.21999e-22
-1.03952e-16
-4.48649e-22
-1.0212e-16
-1.69752e-22
-1.00321e-16
1.03514e-22
-9.85537e-17
3.54417e-22
-9.68173e-17
5.5884e-22
-9.51114e-17
6.83848e-22
-9.34356e-17
6.88078e-22
-9.17892e-17
5.27313e-22
-9.01718e-17
1.76407e-22
-8.93852e-17
-1.55325e-07
-9.18835e-08
-4.23452e-05
1.7661e-07
-2.0236e-22
-1.70989e-16
-3.99388e-22
-1.67977e-16
-5.89543e-22
-1.65017e-16
-7.71418e-22
-1.6211e-16
-9.43716e-22
-1.59255e-16
-1.10523e-21
-1.56449e-16
-1.25484e-21
-1.53693e-16
-1.39147e-21
-1.50986e-16
-1.51411e-21
-1.48326e-16
-1.62181e-21
-1.45713e-16
-1.71363e-21
-1.43146e-16
-1.78869e-21
-1.40624e-16
-1.84611e-21
-1.38147e-16
-1.88507e-21
-1.35713e-16
-1.90472e-21
-1.33322e-16
-1.90424e-21
-1.30973e-16
-1.88279e-21
-1.28666e-16
-1.83951e-21
-1.26399e-16
-1.77347e-21
-1.24173e-16
-1.6837e-21
-1.21985e-16
-1.56908e-21
-1.19836e-16
-1.42837e-21
-1.17725e-16
-1.26011e-21
-1.15651e-16
-1.06258e-21
-1.13613e-16
-8.33697e-22
-1.11612e-16
-5.70991e-22
-1.09646e-16
-2.71502e-22
-1.07714e-16
6.82246e-23
-1.05816e-16
4.52045e-22
-1.03952e-16
8.83873e-22
-1.02121e-16
1.3668e-21
-1.00322e-16
1.90117e-21
-9.85542e-17
2.48057e-21
-9.68178e-17
3.08386e-21
-9.5112e-17
3.65972e-21
-9.34361e-17
4.09745e-21
-9.17896e-17
4.17226e-21
-9.01718e-17
3.47575e-21
-8.85821e-17
-5.85939e-08
-8.70196e-17
-8.54702e-17
7.84004e-08
-1.66568e-22
-1.70989e-16
-3.28557e-22
-1.67976e-16
-4.84524e-22
-1.65017e-16
-6.33151e-22
-1.6211e-16
-7.73223e-22
-1.59255e-16
-9.03605e-22
-1.56449e-16
-1.02323e-21
-1.53693e-16
-1.1311e-21
-1.50985e-16
-1.22623e-21
-1.48326e-16
-1.30769e-21
-1.45713e-16
-1.37458e-21
-1.43146e-16
-1.42599e-21
-1.40624e-16
-1.46105e-21
-1.38147e-16
-1.47886e-21
-1.35713e-16
-1.4785e-21
-1.33322e-16
-1.45903e-21
-1.30973e-16
-1.41944e-21
-1.28666e-16
-1.35864e-21
-1.26399e-16
-1.27543e-21
-1.24173e-16
-1.16843e-21
-1.21985e-16
-1.03604e-21
-1.19836e-16
-8.76384e-22
-1.17725e-16
-6.87134e-22
-1.15651e-16
-4.65414e-22
-1.13614e-16
-2.07565e-22
-1.11612e-16
9.11734e-23
-1.09646e-16
4.37133e-22
-1.07714e-16
8.38948e-22
-1.05817e-16
1.30871e-21
-1.03953e-16
1.86387e-21
-1.02121e-16
2.53035e-21
-1.00322e-16
3.34786e-21
-9.8555e-17
4.37901e-21
-9.68189e-17
5.72509e-21
-9.51134e-17
7.55364e-21
-9.3438e-17
1.01467e-20
-9.17922e-17
1.3985e-20
-9.01757e-17
1.9896e-20
-8.8588e-17
1.75357e-20
-8.7029e-17
-8.54972e-17
6.99156e-21
-1.34301e-22
-1.70988e-16
-2.64756e-22
-1.67976e-16
-3.90064e-22
-1.65017e-16
-5.09032e-22
-1.6211e-16
-6.2056e-22
-1.59254e-16
-7.23618e-22
-1.56449e-16
-8.17234e-22
-1.53693e-16
-9.00482e-22
-1.50985e-16
-9.72469e-22
-1.48326e-16
-1.03233e-21
-1.45713e-16
-1.0792e-21
-1.43146e-16
-1.11223e-21
-1.40624e-16
-1.13058e-21
-1.38147e-16
-1.13335e-21
-1.35713e-16
-1.11965e-21
-1.33322e-16
-1.08852e-21
-1.30973e-16
-1.03895e-21
-1.28666e-16
-9.69835e-22
-1.26399e-16
-8.79941e-22
-1.24173e-16
-7.67896e-22
-1.21985e-16
-6.32127e-22
-1.19836e-16
-4.70804e-22
-1.17725e-16
-2.81775e-22
-1.15651e-16
-6.24732e-23
-1.13614e-16
1.90191e-22
-1.11612e-16
4.79966e-22
-1.09646e-16
8.11413e-22
-1.07715e-16
1.19007e-21
-1.05817e-16
1.62258e-21
-1.03953e-16
2.11674e-21
-1.02122e-16
2.68118e-21
-1.00323e-16
3.32439e-21
-9.85557e-17
4.05224e-21
-9.68196e-17
4.86252e-21
-9.51142e-17
5.73344e-21
-9.34388e-17
6.60096e-21
-9.17931e-17
7.31459e-21
-9.01764e-17
7.55399e-21
-8.85883e-17
6.67386e-21
-8.70281e-17
-8.54954e-17
4.84455e-21
-1.05204e-22
-1.70988e-16
-2.0728e-22
-1.67976e-16
-3.05106e-22
-1.65017e-16
-3.97651e-22
-1.6211e-16
-4.8396e-22
-1.59254e-16
-5.63142e-22
-1.56449e-16
-6.34349e-22
-1.53693e-16
-6.96773e-22
-1.50985e-16
-7.49629e-22
-1.48325e-16
-7.9215e-22
-1.45713e-16
-8.23579e-22
-1.43146e-16
-8.43158e-22
-1.40624e-16
-8.50119e-22
-1.38147e-16
-8.43682e-22
-1.35713e-16
-8.23039e-22
-1.33322e-16
-7.87347e-22
-1.30973e-16
-7.35722e-22
-1.28666e-16
-6.67223e-22
-1.26399e-16
-5.80846e-22
-1.24173e-16
-4.75514e-22
-1.21985e-16
-3.50064e-22
-1.19836e-16
-2.0325e-22
-1.17725e-16
-3.37387e-23
-1.15651e-16
1.59874e-22
-1.13614e-16
3.79026e-22
-1.11613e-16
6.25118e-22
-1.09646e-16
8.99385e-22
-1.07715e-16
1.20267e-21
-1.05817e-16
1.53508e-21
-1.03953e-16
1.89535e-21
-1.02122e-16
2.28004e-21
-1.00323e-16
2.68214e-21
-9.85561e-17
3.08926e-21
-9.682e-17
3.4813e-21
-9.51146e-17
3.82768e-21
-9.34392e-17
4.08533e-21
-9.17933e-17
4.19935e-21
-9.01765e-17
4.1117e-21
-8.85882e-17
3.78835e-21
-8.70278e-17
-8.54949e-17
3.28603e-21
-7.88342e-23
-1.70988e-16
-1.55248e-22
-1.67976e-16
-2.28329e-22
-1.65017e-16
-2.97241e-22
-1.6211e-16
-3.61207e-22
-1.59254e-16
-4.19499e-22
-1.56449e-16
-4.71426e-22
-1.53693e-16
-5.16325e-22
-1.50985e-16
-5.53554e-22
-1.48325e-16
-5.82483e-22
-1.45712e-16
-6.02487e-22
-1.43146e-16
-6.12944e-22
-1.40624e-16
-6.13227e-22
-1.38147e-16
-6.02702e-22
-1.35713e-16
-5.80723e-22
-1.33322e-16
-5.46631e-22
-1.30973e-16
-4.99755e-22
-1.28666e-16
-4.39412e-22
-1.264e-16
-3.64918e-22
-1.24173e-16
-2.75597e-22
-1.21985e-16
-1.70801e-22
-1.19836e-16
-4.99386e-23
-1.17725e-16
8.74796e-23
-1.15652e-16
2.41778e-22
-1.13614e-16
4.1303e-22
-1.11613e-16
6.00932e-22
-1.09647e-16
8.04646e-22
-1.07715e-16
1.02258e-21
-1.05818e-16
1.25211e-21
-1.03954e-16
1.48929e-21
-1.02122e-16
1.72843e-21
-1.00324e-16
1.96176e-21
-9.85563e-17
2.1792e-21
-9.68202e-17
2.36827e-21
-9.51148e-17
2.51463e-21
-9.34393e-17
2.6034e-21
-9.17934e-17
2.62168e-21
-9.01765e-17
2.56251e-21
-8.85881e-17
2.42974e-21
-8.70277e-17
-8.54947e-17
2.24138e-21
-5.46739e-23
-1.70988e-16
-1.07625e-22
-1.67976e-16
-1.58181e-22
-1.65017e-16
-2.05724e-22
-1.6211e-16
-2.4968e-22
-1.59254e-16
-2.89512e-22
-1.56449e-16
-3.24708e-22
-1.53693e-16
-3.54776e-22
-1.50985e-16
-3.7924e-22
-1.48325e-16
-3.97633e-22
-1.45712e-16
-4.09494e-22
-1.43146e-16
-4.14363e-22
-1.40624e-16
-4.11784e-22
-1.38147e-16
-4.01298e-22
-1.35713e-16
-3.82447e-22
-1.33322e-16
-3.54778e-22
-1.30973e-16
-3.17848e-22
-1.28666e-16
-2.71232e-22
-1.264e-16
-2.14538e-22
-1.24173e-16
-1.47428e-22
-1.21985e-16
-6.96458e-23
-1.19837e-16
1.89491e-23
-1.17725e-16
1.18332e-22
-1.15652e-16
2.28253e-22
-1.13614e-16
3.48169e-22
-1.11613e-16
4.77152e-22
-1.09647e-16
6.13796e-22
-1.07715e-16
7.56116e-22
-1.05818e-16
9.01448e-22
-1.03954e-16
1.04637e-21
-1.02123e-16
1.18668e-21
-1.00324e-16
1.31741e-21
-9.85564e-17
1.43304e-21
-9.68203e-17
1.5278e-21
-9.51148e-17
1.59619e-21
-9.34394e-17
1.63376e-21
-9.17935e-17
1.63793e-21
-9.01765e-17
1.60889e-21
-8.85881e-17
1.5501e-21
-8.70276e-17
-8.54946e-17
1.46806e-21
-3.21399e-23
-1.70988e-16
-6.32489e-23
-1.67976e-16
-9.29143e-23
-1.65017e-16
-1.20757e-22
-1.6211e-16
-1.46427e-22
-1.59254e-16
-1.69592e-22
-1.56449e-16
-1.89939e-22
-1.53693e-16
-2.07165e-22
-1.50985e-16
-2.20979e-22
-1.48325e-16
-2.31094e-22
-1.45712e-16
-2.37227e-22
-1.43146e-16
-2.391e-22
-1.40624e-16
-2.36435e-22
-1.38147e-16
-2.2896e-22
-1.35713e-16
-2.16406e-22
-1.33322e-16
-1.98514e-22
-1.30974e-16
-1.75042e-22
-1.28666e-16
-1.45769e-22
-1.264e-16
-1.10515e-22
-1.24173e-16
-6.9148e-23
-1.21985e-16
-2.16142e-23
-1.19837e-16
3.20421e-23
-1.17726e-16
9.16449e-23
-1.15652e-16
1.56851e-22
-1.13614e-16
2.27111e-22
-1.11613e-16
3.01628e-22
-1.09647e-16
3.7932e-22
-1.07715e-16
4.58791e-22
-1.05818e-16
5.38315e-22
-1.03954e-16
6.15853e-22
-1.02123e-16
6.89096e-22
-1.00324e-16
7.5556e-22
-9.85565e-17
8.12732e-22
-9.68204e-17
8.5827e-22
-9.51149e-17
8.90242e-22
-9.34394e-17
9.07386e-22
-9.17935e-17
9.09331e-22
-9.01765e-17
8.96739e-22
-8.85881e-17
8.71291e-22
-8.70276e-17
-8.54946e-17
8.35492e-22
-1.06016e-23
-2.08599e-23
-3.0636e-23
-3.98022e-23
-4.82402e-23
-5.58384e-23
-6.24909e-23
-6.80962e-23
-7.25555e-23
-7.57723e-23
-7.76519e-23
-7.81006e-23
-7.70262e-23
-7.43381e-23
-6.99486e-23
-6.37744e-23
-5.57389e-23
-4.57763e-23
-3.38358e-23
-1.98877e-23
-3.9315e-24
1.39955e-23
3.38077e-23
5.53594e-23
7.84335e-23
1.0273e-22
1.27859e-22
1.53333e-22
1.78575e-22
2.02925e-22
2.25667e-22
2.46065e-22
2.63411e-22
2.77082e-22
2.86609e-22
2.91728e-22
2.92423e-22
2.88943e-22
2.81775e-22
2.71594e-22
5.00653e-18
-8.53377e-14
5.94026e-18
-8.68679e-14
6.86305e-18
-8.84256e-14
7.7655e-18
-9.00112e-14
8.63812e-18
-9.16252e-14
9.47154e-18
-9.32682e-14
1.02569e-17
-9.49406e-14
1.09858e-17
-9.6643e-14
1.16511e-17
-9.83759e-14
1.22465e-17
-1.0014e-13
1.27668e-17
-1.01936e-13
1.32082e-17
-1.03763e-13
1.35681e-17
-1.05624e-13
1.3845e-17
-1.07518e-13
1.40387e-17
-1.09446e-13
1.41498e-17
-1.11408e-13
1.418e-17
-1.13406e-13
1.41316e-17
-1.15439e-13
1.40075e-17
-1.17509e-13
1.3811e-17
-1.19616e-13
1.35458e-17
-1.21761e-13
1.32156e-17
-1.23945e-13
1.28246e-17
-1.26167e-13
1.23766e-17
-1.2843e-13
1.18754e-17
-1.30733e-13
1.13247e-17
-1.33077e-13
1.07282e-17
-1.35463e-13
1.00891e-17
-1.37892e-13
9.41059e-18
-1.40365e-13
8.69543e-18
-1.42882e-13
7.94629e-18
-1.45444e-13
7.16552e-18
-1.48052e-13
6.35528e-18
-1.50707e-13
5.51749e-18
-1.53409e-13
4.65389e-18
-1.5616e-13
3.76605e-18
-1.5896e-13
2.85541e-18
-1.61811e-13
1.92331e-18
-1.64712e-13
9.71071e-19
-1.67666e-13
-1.70673e-13
5.15758e-18
-8.53387e-14
6.1565e-18
-8.68689e-14
7.14124e-18
-8.84266e-14
8.10059e-18
-9.00122e-14
9.02343e-18
-9.16262e-14
9.89909e-18
-9.32691e-14
1.07177e-17
-9.49414e-14
1.14706e-17
-9.66438e-14
1.21502e-17
-9.83766e-14
1.27507e-17
-1.00141e-13
1.32676e-17
-1.01936e-13
1.3698e-17
-1.03764e-13
1.40404e-17
-1.05624e-13
1.42946e-17
-1.07518e-13
1.44617e-17
-1.09446e-13
1.45434e-17
-1.11408e-13
1.45424e-17
-1.13406e-13
1.44622e-17
-1.15439e-13
1.43063e-17
-1.17509e-13
1.40788e-17
-1.19616e-13
1.3784e-17
-1.21761e-13
1.34259e-17
-1.23944e-13
1.30088e-17
-1.26167e-13
1.25369e-17
-1.28429e-13
1.20139e-17
-1.30732e-13
1.14437e-17
-1.33076e-13
1.08297e-17
-1.35462e-13
1.0175e-17
-1.37891e-13
9.48283e-18
-1.40364e-13
8.75573e-18
-1.42881e-13
7.99619e-18
-1.45443e-13
7.20643e-18
-1.48051e-13
6.38843e-18
-1.50706e-13
5.54395e-18
-1.53408e-13
4.67457e-18
-1.56159e-13
3.78171e-18
-1.58959e-13
2.86665e-18
-1.6181e-13
1.93058e-18
-1.64711e-13
9.74644e-19
-1.67665e-13
-1.70672e-13
5.48184e-18
-8.53398e-14
6.62502e-18
-8.68701e-14
7.74587e-18
-8.84277e-14
8.82878e-18
-9.00133e-14
9.85881e-18
-9.16272e-14
1.08224e-17
-9.327e-14
1.17078e-17
-9.49423e-14
1.25057e-17
-9.66446e-14
1.32089e-17
-9.83773e-14
1.38128e-17
-1.00141e-13
1.4315e-17
-1.01937e-13
1.47151e-17
-1.03764e-13
1.50144e-17
-1.05625e-13
1.52156e-17
-1.07518e-13
1.53224e-17
-1.09446e-13
1.53394e-17
-1.11408e-13
1.52714e-17
-1.13406e-13
1.51236e-17
-1.15439e-13
1.49015e-17
-1.17509e-13
1.46102e-17
-1.19616e-13
1.42548e-17
-1.21761e-13
1.38401e-17
-1.23944e-13
1.33709e-17
-1.26166e-13
1.28512e-17
-1.28429e-13
1.22851e-17
-1.30731e-13
1.16761e-17
-1.33076e-13
1.10277e-17
-1.35462e-13
1.03426e-17
-1.37891e-13
9.62368e-18
-1.40363e-13
8.87326e-18
-1.4288e-13
8.09347e-18
-1.45442e-13
7.28619e-18
-1.4805e-13
6.45308e-18
-1.50705e-13
5.59557e-18
-1.53408e-13
4.71494e-18
-1.56158e-13
3.8123e-18
-1.58959e-13
2.88861e-18
-1.61809e-13
1.94478e-18
-1.64711e-13
9.81632e-19
-1.67664e-13
-1.70671e-13
6.0287e-18
-8.53413e-14
7.4293e-18
-8.68715e-14
8.78959e-18
-8.84291e-14
1.00847e-17
-9.00146e-14
1.12925e-17
-9.16284e-14
1.23946e-17
-9.32711e-14
1.3377e-17
-9.49433e-14
1.42309e-17
-9.66454e-14
1.49516e-17
-9.8378e-14
1.55387e-17
-1.00142e-13
1.59949e-17
-1.01937e-13
1.63253e-17
-1.03764e-13
1.6537e-17
-1.05625e-13
1.6638e-17
-1.07518e-13
1.66366e-17
-1.09446e-13
1.65416e-17
-1.11408e-13
1.63613e-17
-1.13406e-13
1.61036e-17
-1.15439e-13
1.57759e-17
-1.17509e-13
1.53848e-17
-1.19616e-13
1.49364e-17
-1.2176e-13
1.44362e-17
-1.23943e-13
1.38888e-17
-1.26166e-13
1.32986e-17
-1.28428e-13
1.26693e-17
-1.30731e-13
1.20042e-17
-1.33075e-13
1.1306e-17
-1.35461e-13
1.05774e-17
-1.3789e-13
9.82037e-18
-1.40363e-13
9.03688e-18
-1.4288e-13
8.22851e-18
-1.45442e-13
7.39661e-18
-1.4805e-13
6.54234e-18
-1.50704e-13
5.66668e-18
-1.53407e-13
4.77042e-18
-1.56157e-13
3.85424e-18
-1.58958e-13
2.91868e-18
-1.61808e-13
1.96419e-18
-1.6471e-13
9.91176e-19
-1.67663e-13
-1.7067e-13
6.90005e-18
-8.53431e-14
8.74652e-18
-8.68733e-14
1.05106e-17
-8.84309e-14
1.21481e-17
-9.00162e-14
1.3624e-17
-9.16299e-14
1.49142e-17
-9.32724e-14
1.60059e-17
-9.49444e-14
1.68962e-17
-9.66463e-14
1.75903e-17
-9.83787e-14
1.8099e-17
-1.00142e-13
1.8437e-17
-1.01937e-13
1.86207e-17
-1.03765e-13
1.86671e-17
-1.05625e-13
1.85928e-17
-1.07518e-13
1.84132e-17
-1.09446e-13
1.81423e-17
-1.11408e-13
1.77924e-17
-1.13405e-13
1.73741e-17
-1.15439e-13
1.68965e-17
-1.17508e-13
1.63674e-17
-1.19615e-13
1.57931e-17
-1.2176e-13
1.5179e-17
-1.23943e-13
1.45295e-17
-1.26165e-13
1.38484e-17
-1.28427e-13
1.31386e-17
-1.3073e-13
1.24026e-17
-1.33074e-13
1.16424e-17
-1.3546e-13
1.08597e-17
-1.37889e-13
1.00558e-17
-1.40362e-13
9.23191e-18
-1.42879e-13
8.38879e-18
-1.45441e-13
7.52713e-18
-1.48049e-13
6.64744e-18
-1.50703e-13
5.75007e-18
-1.53406e-13
4.83525e-18
-1.56157e-13
3.90309e-18
-1.58957e-13
2.95359e-18
-1.61807e-13
1.98668e-18
-1.64709e-13
1.00222e-18
-1.67662e-13
-1.70669e-13
8.31277e-18
-8.53459e-14
1.09689e-17
-8.6876e-14
1.34287e-17
-8.84333e-14
1.56063e-17
-9.00184e-14
1.74501e-17
-9.16317e-14
1.89408e-17
-9.32739e-14
2.00846e-17
-9.49455e-14
2.09056e-17
-9.66471e-14
2.1438e-17
-9.83793e-14
2.17205e-17
-1.00142e-13
2.17919e-17
-1.01937e-13
2.16882e-17
-1.03765e-13
2.14416e-17
-1.05625e-13
2.10795e-17
-1.07518e-13
2.06249e-17
-1.09445e-13
2.00965e-17
-1.11407e-13
1.9509e-17
-1.13405e-13
1.88743e-17
-1.15438e-13
1.82014e-17
-1.17508e-13
1.74973e-17
-1.19614e-13
1.67673e-17
-1.21759e-13
1.60155e-17
-1.23942e-13
1.52448e-17
-1.26164e-13
1.44572e-17
-1.28427e-13
1.36545e-17
-1.30729e-13
1.28376e-17
-1.33073e-13
1.20073e-17
-1.3546e-13
1.11642e-17
-1.37888e-13
1.03083e-17
-1.40361e-13
9.43978e-18
-1.42878e-13
8.55861e-18
-1.4544e-13
7.66461e-18
-1.48048e-13
6.75749e-18
-1.50702e-13
5.83688e-18
-1.53405e-13
4.90236e-18
-1.56156e-13
3.95339e-18
-1.58956e-13
2.98938e-18
-1.61806e-13
2.00965e-18
-1.64708e-13
1.01347e-18
-1.67661e-13
-1.70668e-13
1.08074e-17
-8.53505e-14
1.51046e-17
-8.68803e-14
1.88146e-17
-8.8437e-14
2.17864e-17
-9.00213e-14
2.39978e-17
-9.16339e-14
2.5508e-17
-9.32754e-14
2.64166e-17
-9.49464e-14
2.68355e-17
-9.66475e-14
2.68715e-17
-9.83793e-14
2.66175e-17
-1.00142e-13
2.61504e-17
-1.01937e-13
2.55307e-17
-1.03764e-13
2.48046e-17
-1.05624e-13
2.40065e-17
-1.07517e-13
2.31613e-17
-1.09445e-13
2.22866e-17
-1.11407e-13
2.13946e-17
-1.13404e-13
2.04933e-17
-1.15437e-13
1.95881e-17
-1.17507e-13
1.8682e-17
-1.19613e-13
1.77767e-17
-1.21758e-13
1.68731e-17
-1.23941e-13
1.59709e-17
-1.26163e-13
1.507e-17
-1.28426e-13
1.41694e-17
-1.30728e-13
1.32685e-17
-1.33072e-13
1.2366e-17
-1.35459e-13
1.1461e-17
-1.37888e-13
1.05525e-17
-1.4036e-13
9.63922e-18
-1.42877e-13
8.72017e-18
-1.45439e-13
7.79423e-18
-1.48047e-13
6.86028e-18
-1.50702e-13
5.9172e-18
-1.53404e-13
4.96386e-18
-1.56155e-13
3.99907e-18
-1.58955e-13
3.02162e-18
-1.61805e-13
2.03021e-18
-1.64707e-13
1.02349e-18
-1.6766e-13
-1.70667e-13
1.62309e-17
-4.24085e-13
2.44467e-17
-8.68885e-14
3.02879e-17
-8.84429e-14
3.3908e-17
-9.0025e-14
3.57661e-17
-9.16358e-14
3.63493e-17
-9.3276e-14
3.60693e-17
-9.49462e-14
3.52389e-17
-9.66467e-14
3.40806e-17
-9.83781e-14
3.2745e-17
-1.00141e-13
3.13301e-17
-1.01936e-13
2.98966e-17
-1.03763e-13
2.84805e-17
-1.05622e-13
2.71014e-17
-1.07516e-13
2.57685e-17
-1.09443e-13
2.44847e-17
-1.11405e-13
2.32489e-17
-1.13403e-13
2.20584e-17
-1.15436e-13
2.09088e-17
-1.17505e-13
1.9796e-17
-1.19612e-13
1.87152e-17
-1.21757e-13
1.76621e-17
-1.2394e-13
1.66327e-17
-1.26162e-13
1.56232e-17
-1.28425e-13
1.46301e-17
-1.30727e-13
1.36502e-17
-1.33072e-13
1.26806e-17
-1.35458e-13
1.17187e-17
-1.37887e-13
1.07619e-17
-1.40359e-13
9.80801e-18
-1.42876e-13
8.85493e-18
-1.45438e-13
7.90064e-18
-1.48046e-13
6.94321e-18
-1.50701e-13
5.98082e-18
-1.53403e-13
5.01165e-18
-1.56154e-13
4.0339e-18
-1.58954e-13
3.04577e-18
-1.61804e-13
2.04539e-18
-1.64706e-13
1.03082e-18
-1.67659e-13
-1.70666e-13
1.7915e-16
-6.90654e-07
5.35585e-17
-8.75605e-14
5.9357e-17
-8.84487e-14
5.93681e-17
-9.0025e-14
5.67525e-17
-9.16332e-14
5.31313e-17
-9.32724e-14
4.93009e-17
-9.49423e-14
4.56248e-17
-9.6643e-14
4.22461e-17
-9.83748e-14
3.91995e-17
-1.00138e-13
3.64707e-17
-1.01933e-13
3.40257e-17
-1.0376e-13
3.18257e-17
-1.0562e-13
2.98334e-17
-1.07514e-13
2.80155e-17
-1.09441e-13
2.63436e-17
-1.11404e-13
2.47938e-17
-1.13401e-13
2.33463e-17
-1.15434e-13
2.19845e-17
-1.17504e-13
2.06947e-17
-1.19611e-13
1.94656e-17
-1.21756e-13
1.82874e-17
-1.23939e-13
1.71521e-17
-1.26161e-13
1.60528e-17
-1.28424e-13
1.49834e-17
-1.30726e-13
1.39389e-17
-1.3307e-13
1.29145e-17
-1.35457e-13
1.19065e-17
-1.37886e-13
1.0911e-17
-1.40358e-13
9.92496e-18
-1.42875e-13
8.9453e-18
-1.45437e-13
7.9693e-18
-1.48045e-13
6.99438e-18
-1.507e-13
6.0181e-18
-1.53402e-13
5.03808e-18
-1.56153e-13
4.05201e-18
-1.58953e-13
3.05757e-18
-1.61803e-13
2.05241e-18
-1.64705e-13
1.03408e-18
-1.67658e-13
-1.70665e-13
3.91006e-09
-2.82891e-05
1.788e-16
-1.91699e-11
1.32996e-16
-8.84042e-14
1.04007e-16
-8.9996e-14
8.44942e-17
-9.16137e-14
7.08949e-17
-9.32588e-14
6.10685e-17
-9.49325e-14
5.37104e-17
-9.66357e-14
4.8011e-17
-9.83691e-14
4.34573e-17
-1.00133e-13
3.97167e-17
-1.01929e-13
3.6568e-17
-1.03757e-13
3.38608e-17
-1.05618e-13
3.149e-17
-1.07511e-13
2.93805e-17
-1.09439e-13
2.74777e-17
-1.11402e-13
2.57406e-17
-1.13399e-13
2.41383e-17
-1.15433e-13
2.26469e-17
-1.17503e-13
2.12473e-17
-1.1961e-13
1.99245e-17
-1.21754e-13
1.86662e-17
-1.23938e-13
1.74623e-17
-1.2616e-13
1.63041e-17
-1.28422e-13
1.51845e-17
-1.30725e-13
1.40973e-17
-1.33069e-13
1.30369e-17
-1.35456e-13
1.19987e-17
-1.37885e-13
1.09784e-17
-1.40357e-13
9.97211e-18
-1.42874e-13
8.97632e-18
-1.45436e-13
7.98783e-18
-1.48044e-13
7.00359e-18
-1.50699e-13
6.02076e-18
-1.53401e-13
5.03656e-18
-1.56152e-13
4.0483e-18
-1.58952e-13
3.0533e-18
-1.61802e-13
2.04882e-18
-1.64704e-13
1.03205e-18
-1.67657e-13
-1.70663e-13
8.7768e-07
-3.90584e-05
2.02514e-14
-7.952e-10
8.35125e-17
-8.83981e-14
7.56587e-17
-8.99881e-14
6.81055e-17
-9.16061e-14
6.1345e-17
-9.3252e-14
5.54815e-17
-9.49266e-14
5.04549e-17
-9.66307e-14
4.61483e-17
-9.83648e-14
4.24374e-17
-1.0013e-13
3.92107e-17
-1.01926e-13
3.63749e-17
-1.03754e-13
3.3855e-17
-1.05615e-13
3.15917e-17
-1.07509e-13
2.95386e-17
-1.09437e-13
2.7659e-17
-1.114e-13
2.59242e-17
-1.13398e-13
2.43111e-17
-1.15431e-13
2.2801e-17
-1.17501e-13
2.13787e-17
-1.19608e-13
2.00316e-17
-1.21753e-13
1.87491e-17
-1.23936e-13
1.7522e-17
-1.26159e-13
1.63427e-17
-1.28421e-13
1.52042e-17
-1.30724e-13
1.41007e-17
-1.33068e-13
1.30267e-17
-1.35454e-13
1.19775e-17
-1.37883e-13
1.09488e-17
-1.40356e-13
9.93648e-18
-1.42873e-13
8.93704e-18
-1.45435e-13
7.94701e-18
-1.48043e-13
6.9632e-18
-1.50698e-13
5.98254e-18
-1.534e-13
5.00208e-18
-1.56151e-13
4.01891e-18
-1.58951e-13
3.03012e-18
-1.61801e-13
2.03278e-18
-1.64703e-13
1.02382e-18
-1.67656e-13
-1.70662e-13
5.06988e-07
-4.08512e-05
3.32236e-13
-1.95446e-09
4.07895e-17
-8.84068e-14
4.4087e-17
-8.99914e-14
4.51783e-17
-9.16072e-14
4.48702e-17
-9.32517e-14
4.37125e-17
-9.49255e-14
4.20685e-17
-9.6629e-14
4.01719e-17
-9.83629e-14
3.81693e-17
-1.00128e-13
3.61501e-17
-1.01924e-13
3.41669e-17
-1.03752e-13
3.22488e-17
-1.05613e-13
3.04105e-17
-1.07507e-13
2.86575e-17
-1.09435e-13
2.699e-17
-1.11398e-13
2.54051e-17
-1.13396e-13
2.38979e-17
-1.1543e-13
2.24628e-17
-1.175e-13
2.10938e-17
-1.19607e-13
1.97847e-17
-1.21752e-13
1.85296e-17
-1.23935e-13
1.73227e-17
-1.26158e-13
1.61587e-17
-1.2842e-13
1.50325e-17
-1.30723e-13
1.39392e-17
-1.33067e-13
1.28745e-17
-1.35453e-13
1.18342e-17
-1.37882e-13
1.08142e-17
-1.40355e-13
9.8111e-18
-1.42872e-13
8.82129e-18
-1.45434e-13
7.84152e-18
-1.48042e-13
6.86865e-18
-1.50697e-13
5.89964e-18
-1.53399e-13
4.93152e-18
-1.5615e-13
3.96137e-18
-1.5895e-13
2.98623e-18
-1.618e-13
2.00308e-18
-1.64702e-13
1.00878e-18
-1.67655e-13
-1.70661e-13
2.34171e-07
-4.1305e-05
4.30896e-13
-3.39025e-09
2.4264e-17
-8.84164e-14
2.90572e-17
-8.99962e-14
3.225e-17
-9.16104e-14
3.41348e-17
-9.32536e-14
3.49986e-17
-9.49264e-14
3.50952e-17
-9.66291e-14
3.46357e-17
-9.83624e-14
3.37874e-17
-1.00127e-13
3.26787e-17
-1.01923e-13
3.14056e-17
-1.03751e-13
3.00375e-17
-1.05612e-13
2.86239e-17
-1.07506e-13
2.71988e-17
-1.09434e-13
2.57852e-17
-1.11397e-13
2.43976e-17
-1.13395e-13
2.30448e-17
-1.15428e-13
2.17316e-17
-1.17498e-13
2.04596e-17
-1.19606e-13
1.92288e-17
-1.21751e-13
1.80376e-17
-1.23934e-13
1.68838e-17
-1.26157e-13
1.57645e-17
-1.28419e-13
1.46767e-17
-1.30722e-13
1.3617e-17
-1.33066e-13
1.25823e-17
-1.35452e-13
1.15691e-17
-1.37881e-13
1.05744e-17
-1.40354e-13
9.59499e-18
-1.42871e-13
8.62784e-18
-1.45433e-13
7.67001e-18
-1.48041e-13
6.71861e-18
-1.50696e-13
5.77081e-18
-1.53398e-13
4.82381e-18
-1.56149e-13
3.87479e-18
-1.58949e-13
2.92091e-18
-1.61799e-13
1.95924e-18
-1.64701e-13
9.86691e-19
-1.67654e-13
-1.7066e-13
3.14359e-07
-4.18271e-05
7.65105e-13
-6.80912e-09
2.26311e-17
-8.84288e-14
2.63459e-17
-8.99999e-14
2.89406e-17
-9.1613e-14
3.05722e-17
-9.32553e-14
3.14206e-17
-9.49272e-14
3.16557e-17
-9.66293e-14
3.14252e-17
-9.83622e-14
3.08511e-17
-1.00126e-13
3.00309e-17
-1.01922e-13
2.90404e-17
-1.0375e-13
2.79376e-17
-1.05611e-13
2.67661e-17
-1.07505e-13
2.55576e-17
-1.09433e-13
2.43353e-17
-1.11396e-13
2.31154e-17
-1.13393e-13
2.19088e-17
-1.15427e-13
2.07226e-17
-1.17497e-13
1.95612e-17
-1.19604e-13
1.84266e-17
-1.21749e-13
1.73196e-17
-1.23933e-13
1.62396e-17
-1.26155e-13
1.51856e-17
-1.28418e-13
1.41558e-17
-1.30721e-13
1.31482e-17
-1.33065e-13
1.21605e-17
-1.35451e-13
1.11903e-17
-1.3788e-13
1.02351e-17
-1.40353e-13
9.29246e-18
-1.4287e-13
8.35985e-18
-1.45432e-13
7.43479e-18
-1.4804e-13
6.51475e-18
-1.50695e-13
5.59726e-18
-1.53397e-13
4.67978e-18
-1.56148e-13
3.75976e-18
-1.58948e-13
2.83458e-18
-1.61798e-13
1.9015e-18
-1.647e-13
9.57669e-19
-1.67653e-13
-1.70659e-13
4.853e-07
-4.25072e-05
2.38699e-12
-2.89889e-08
3.06748e-17
-8.84777e-14
3.2309e-17
-9.00016e-14
3.27458e-17
-9.16134e-14
3.25351e-17
-9.3255e-14
3.19666e-17
-9.49266e-14
3.11914e-17
-9.66286e-14
3.02896e-17
-9.83613e-14
2.93062e-17
-1.00125e-13
2.82684e-17
-1.01921e-13
2.71944e-17
-1.03749e-13
2.60978e-17
-1.0561e-13
2.49894e-17
-1.07504e-13
2.38778e-17
-1.09432e-13
2.277e-17
-1.11394e-13
2.16713e-17
-1.13392e-13
2.05858e-17
-1.15426e-13
1.95166e-17
-1.17496e-13
1.84654e-17
-1.19603e-13
1.74334e-17
-1.21748e-13
1.64207e-17
-1.23932e-13
1.54272e-17
-1.26154e-13
1.44521e-17
-1.28417e-13
1.34944e-17
-1.3072e-13
1.25526e-17
-1.33064e-13
1.16252e-17
-1.3545e-13
1.07105e-17
-1.3788e-13
9.80671e-18
-1.40352e-13
8.91187e-18
-1.42869e-13
8.02404e-18
-1.45431e-13
7.14121e-18
-1.48039e-13
6.26133e-18
-1.50694e-13
5.38231e-18
-1.53396e-13
4.502e-18
-1.56147e-13
3.61819e-18
-1.58947e-13
2.72858e-18
-1.61797e-13
1.83075e-18
-1.64699e-13
9.22144e-19
-1.67652e-13
-1.70659e-13
2.36893e-06
-4.46907e-05
2.89314e-11
-2.10056e-07
5.63249e-17
-8.91401e-14
4.72621e-17
-8.99926e-14
4.11677e-17
-9.16073e-14
3.69058e-17
-9.32508e-14
3.38027e-17
-9.49235e-14
3.144e-17
-9.66262e-14
2.95544e-17
-9.83594e-14
2.79787e-17
-1.00124e-13
2.66057e-17
-1.01919e-13
2.53664e-17
-1.03748e-13
2.42165e-17
-1.05608e-13
2.31274e-17
-1.07503e-13
2.20811e-17
-1.09431e-13
2.10662e-17
-1.11393e-13
2.00755e-17
-1.13391e-13
1.91047e-17
-1.15425e-13
1.8151e-17
-1.17495e-13
1.72128e-17
-1.19602e-13
1.62888e-17
-1.21747e-13
1.53782e-17
-1.23931e-13
1.44801e-17
-1.26154e-13
1.35937e-17
-1.28416e-13
1.27182e-17
-1.30719e-13
1.18524e-17
-1.33063e-13
1.09954e-17
-1.3545e-13
1.01459e-17
-1.37879e-13
9.30273e-18
-1.40351e-13
8.46448e-18
-1.42868e-13
7.62971e-18
-1.4543e-13
6.79694e-18
-1.48038e-13
5.96458e-18
-1.50693e-13
5.13098e-18
-1.53395e-13
4.29443e-18
-1.56146e-13
3.45311e-18
-1.58946e-13
2.60511e-18
-1.61797e-13
1.7484e-18
-1.64698e-13
8.80817e-19
-1.67651e-13
-1.70658e-13
1.54321e-06
-4.6091e-05
1.83723e-10
-3.97312e-07
4.45082e-17
-9.05006e-14
3.96327e-17
-8.9988e-14
3.59074e-17
-9.16036e-14
3.28768e-17
-9.32477e-14
3.04151e-17
-9.49211e-14
2.83983e-17
-9.66242e-14
2.67186e-17
-9.83577e-14
2.52889e-17
-1.00122e-13
2.40415e-17
-1.01918e-13
2.29255e-17
-1.03746e-13
2.1903e-17
-1.05607e-13
2.09466e-17
-1.07502e-13
2.00369e-17
-1.0943e-13
1.91601e-17
-1.11393e-13
1.83067e-17
-1.1339e-13
1.74701e-17
-1.15424e-13
1.66461e-17
-1.17494e-13
1.58316e-17
-1.19602e-13
1.50249e-17
-1.21747e-13
1.42246e-17
-1.2393e-13
1.34297e-17
-1.26153e-13
1.26396e-17
-1.28415e-13
1.18536e-17
-1.30718e-13
1.10712e-17
-1.33063e-13
1.02917e-17
-1.35449e-13
9.51438e-18
-1.37878e-13
8.73857e-18
-1.40351e-13
7.96341e-18
-1.42868e-13
7.18798e-18
-1.4543e-13
6.41126e-18
-1.48038e-13
5.63217e-18
-1.50692e-13
4.84952e-18
-1.53395e-13
4.06204e-18
-1.56145e-13
3.26834e-18
-1.58946e-13
2.46696e-18
-1.61796e-13
1.65629e-18
-1.64697e-13
8.34595e-19
-1.67651e-13
-1.70657e-13
6.86863e-07
-4.62784e-05
1.94149e-10
-4.71529e-07
2.62216e-17
-9.13529e-14
2.56948e-17
-8.99881e-14
2.52817e-17
-9.16032e-14
2.46091e-17
-9.32471e-14
2.38191e-17
-9.49203e-14
2.29922e-17
-9.66234e-14
2.21704e-17
-9.83569e-14
2.13721e-17
-1.00121e-13
2.06027e-17
-1.01917e-13
1.98606e-17
-1.03746e-13
1.91414e-17
-1.05607e-13
1.84396e-17
-1.07501e-13
1.77498e-17
-1.09429e-13
1.70677e-17
-1.11392e-13
1.63898e-17
-1.1339e-13
1.57133e-17
-1.15424e-13
1.50366e-17
-1.17494e-13
1.43583e-17
-1.19601e-13
1.36778e-17
-1.21746e-13
1.29947e-17
-1.23929e-13
1.23087e-17
-1.26152e-13
1.16198e-17
-1.28415e-13
1.09281e-17
-1.30718e-13
1.02334e-17
-1.33062e-13
9.53568e-18
-1.35448e-13
8.83487e-18
-1.37877e-13
8.1307e-18
-1.4035e-13
7.42286e-18
-1.42867e-13
6.71094e-18
-1.45429e-13
5.99441e-18
-1.48037e-13
5.27265e-18
-1.50692e-13
4.54494e-18
-1.53394e-13
3.81045e-18
-1.56145e-13
3.06826e-18
-1.58945e-13
2.31732e-18
-1.61795e-13
1.5565e-18
-1.64696e-13
7.8452e-19
-1.6765e-13
-1.70656e-13
2.96847e-07
-4.6045e-05
1.10641e-10
-4.81488e-07
1.42322e-17
-9.16281e-14
1.53841e-17
-8.99897e-14
1.64327e-17
-9.16042e-14
1.70578e-17
-9.32477e-14
1.73718e-17
-9.49206e-14
1.74606e-17
-9.66235e-14
1.73882e-17
-9.83568e-14
1.72003e-17
-1.00121e-13
1.69293e-17
-1.01917e-13
1.65974e-17
-1.03745e-13
1.62196e-17
-1.05606e-13
1.58061e-17
-1.075e-13
1.53638e-17
-1.09429e-13
1.48973e-17
-1.11391e-13
1.441e-17
-1.13389e-13
1.39041e-17
-1.15423e-13
1.33816e-17
-1.17493e-13
1.2844e-17
-1.196e-13
1.22926e-17
-1.21745e-13
1.17284e-17
-1.23929e-13
1.11527e-17
-1.26152e-13
1.05662e-17
-1.28414e-13
9.96969e-18
-1.30717e-13
9.36394e-18
-1.33061e-13
8.74947e-18
-1.35448e-13
8.1267e-18
-1.37877e-13
7.49594e-18
-1.40349e-13
6.85738e-18
-1.42866e-13
6.21108e-18
-1.45428e-13
5.55699e-18
-1.48036e-13
4.89492e-18
-1.50691e-13
4.22459e-18
-1.53393e-13
3.54561e-18
-1.56144e-13
2.85748e-18
-1.58944e-13
2.15961e-18
-1.61794e-13
1.45128e-18
-1.64696e-13
7.31708e-19
-1.67649e-13
-1.70655e-13
1.53146e-07
-4.56883e-05
5.69826e-11
-4.63542e-07
8.03843e-18
-9.15878e-14
9.39886e-18
-8.99914e-14
1.07001e-17
-9.16056e-14
1.16988e-17
-9.32487e-14
1.24384e-17
-9.49213e-14
1.29607e-17
-9.6624e-14
1.33035e-17
-9.83571e-14
1.34993e-17
-1.00121e-13
1.35752e-17
-1.01917e-13
1.35533e-17
-1.03745e-13
1.3451e-17
-1.05606e-13
1.32823e-17
-1.075e-13
1.3058e-17
-1.09428e-13
1.27867e-17
-1.11391e-13
1.24751e-17
-1.13389e-13
1.21285e-17
-1.15423e-13
1.17513e-17
-1.17493e-13
1.13469e-17
-1.196e-13
1.09184e-17
-1.21745e-13
1.04681e-17
-1.23928e-13
9.99824e-18
-1.26151e-13
9.51049e-18
-1.28413e-13
9.00643e-18
-1.30716e-13
8.48738e-18
-1.33061e-13
7.95447e-18
-1.35447e-13
7.40863e-18
-1.37876e-13
6.85065e-18
-1.40349e-13
6.28115e-18
-1.42866e-13
5.70063e-18
-1.45428e-13
5.10943e-18
-1.48036e-13
4.50777e-18
-1.5069e-13
3.89577e-18
-1.53393e-13
3.27343e-18
-1.56143e-13
2.64065e-18
-1.58943e-13
1.99722e-18
-1.61794e-13
1.34289e-18
-1.64695e-13
6.77284e-19
-1.67648e-13
-1.70655e-13
1.0007e-07
-4.53086e-05
3.17782e-11
-4.34032e-07
4.99477e-18
-9.14061e-14
6.12849e-18
-8.99927e-14
7.26307e-18
-9.16067e-14
8.22401e-18
-9.32497e-14
9.01811e-18
-9.49221e-14
9.65695e-18
-9.66246e-14
1.01546e-17
-9.83576e-14
1.05261e-17
-1.00122e-13
1.07861e-17
-1.01918e-13
1.09482e-17
-1.03745e-13
1.1025e-17
-1.05606e-13
1.10273e-17
-1.075e-13
1.09646e-17
-1.09428e-13
1.08449e-17
-1.11391e-13
1.06752e-17
-1.13389e-13
1.04613e-17
-1.15422e-13
1.02081e-17
-1.17493e-13
9.9199e-18
-1.196e-13
9.60029e-18
-1.21745e-13
9.25237e-18
-1.23928e-13
8.87881e-18
-1.26151e-13
8.48194e-18
-1.28413e-13
8.06377e-18
-1.30716e-13
7.62605e-18
-1.3306e-13
7.17032e-18
-1.35447e-13
6.69788e-18
-1.37876e-13
6.20988e-18
-1.40348e-13
5.70729e-18
-1.42865e-13
5.19092e-18
-1.45427e-13
4.66146e-18
-1.48035e-13
4.11947e-18
-1.5069e-13
3.56537e-18
-1.53392e-13
2.99952e-18
-1.56143e-13
2.42215e-18
-1.58943e-13
1.83343e-18
-1.61793e-13
1.23347e-18
-1.64694e-13
6.22323e-19
-1.67648e-13
-1.70654e-13
7.82259e-08
-4.49343e-05
1.97137e-11
-3.97411e-07
3.41806e-18
-9.11435e-14
4.29124e-18
-8.99937e-14
5.19288e-18
-9.16076e-14
6.00086e-18
-9.32505e-14
6.7102e-18
-9.49228e-14
7.31983e-18
-9.66252e-14
7.83171e-18
-9.83582e-14
8.24997e-18
-1.00122e-13
8.58009e-18
-1.01918e-13
8.82834e-18
-1.03746e-13
9.00125e-18
-1.05606e-13
9.10533e-18
-1.075e-13
9.1468e-18
-1.09428e-13
9.13147e-18
-1.11391e-13
9.06468e-18
-1.13389e-13
8.95125e-18
-1.15422e-13
8.79552e-18
-1.17492e-13
8.60138e-18
-1.196e-13
8.37228e-18
-1.21744e-13
8.11128e-18
-1.23928e-13
7.82112e-18
-1.2615e-13
7.50424e-18
-1.28413e-13
7.16279e-18
-1.30716e-13
6.79869e-18
-1.3306e-13
6.41366e-18
-1.35446e-13
6.0092e-18
-1.37875e-13
5.58666e-18
-1.40348e-13
5.14723e-18
-1.42865e-13
4.69194e-18
-1.45427e-13
4.22172e-18
-1.48035e-13
3.73736e-18
-1.50689e-13
3.23955e-18
-1.53392e-13
2.72892e-18
-1.56142e-13
2.20598e-18
-1.58942e-13
1.6712e-18
-1.61793e-13
1.12501e-18
-1.64694e-13
5.6781e-19
-1.67647e-13
-1.70653e-13
6.74592e-08
-4.45722e-05
1.32063e-11
-3.56872e-07
2.52736e-18
-9.08356e-14
3.19488e-18
-8.99944e-14
3.89644e-18
-9.16083e-14
4.54709e-18
-9.32511e-14
5.1401e-18
-9.49234e-14
5.67097e-18
-9.66258e-14
6.13719e-18
-9.83586e-14
6.53798e-18
-1.00123e-13
6.87394e-18
-1.01918e-13
7.14676e-18
-1.03746e-13
7.35887e-18
-1.05607e-13
7.51326e-18
-1.07501e-13
7.61316e-18
-1.09429e-13
7.66199e-18
-1.11391e-13
7.66314e-18
-1.13389e-13
7.61994e-18
-1.15422e-13
7.53556e-18
-1.17492e-13
7.41301e-18
-1.19599e-13
7.2551e-18
-1.21744e-13
7.06444e-18
-1.23928e-13
6.84343e-18
-1.2615e-13
6.59427e-18
-1.28412e-13
6.319e-18
-1.30715e-13
6.01946e-18
-1.3306e-13
5.69735e-18
-1.35446e-13
5.3542e-18
-1.37875e-13
4.99141e-18
-1.40347e-13
4.61026e-18
-1.42864e-13
4.21189e-18
-1.45426e-13
3.79737e-18
-1.48034e-13
3.36763e-18
-1.50689e-13
2.92356e-18
-1.53391e-13
2.46595e-18
-1.56142e-13
1.99556e-18
-1.58942e-13
1.51308e-18
-1.61792e-13
1.0192e-18
-1.64693e-13
5.14599e-19
-1.67647e-13
-1.70653e-13
6.11176e-08
-4.42253e-05
9.36526e-12
-3.15114e-07
1.98739e-18
-9.05066e-14
2.50164e-18
-8.9995e-14
3.04734e-18
-9.16088e-14
3.56458e-18
-9.32516e-14
4.04763e-18
-9.49239e-14
4.49184e-18
-9.66262e-14
4.8937e-18
-9.8359e-14
5.25076e-18
-1.00123e-13
5.56156e-18
-1.01918e-13
5.82553e-18
-1.03746e-13
6.04279e-18
-1.05607e-13
6.21409e-18
-1.07501e-13
6.34062e-18
-1.09429e-13
6.4239e-18
-1.11391e-13
6.4657e-18
-1.13389e-13
6.46795e-18
-1.15422e-13
6.43262e-18
-1.17492e-13
6.36175e-18
-1.19599e-13
6.25732e-18
-1.21744e-13
6.1213e-18
-1.23928e-13
5.95558e-18
-1.2615e-13
5.76194e-18
-1.28412e-13
5.54211e-18
-1.30715e-13
5.2977e-18
-1.33059e-13
5.03024e-18
-1.35446e-13
4.74115e-18
-1.37875e-13
4.43178e-18
-1.40347e-13
4.10336e-18
-1.42864e-13
3.75707e-18
-1.45426e-13
3.394e-18
-1.48034e-13
3.01517e-18
-1.50689e-13
2.62157e-18
-1.53391e-13
2.21411e-18
-1.56141e-13
1.79368e-18
-1.58941e-13
1.36116e-18
-1.61792e-13
9.17435e-19
-1.64693e-13
4.63394e-19
-1.67646e-13
-1.70652e-13
5.69464e-08
-4.38972e-05
6.91864e-12
-2.7351e-07
1.64104e-18
-9.01967e-14
2.04114e-18
-8.99954e-14
2.46764e-18
-9.16093e-14
2.87767e-18
-9.3252e-14
3.26688e-18
-9.49243e-14
3.63143e-18
-9.66266e-14
3.96808e-18
-9.83594e-14
4.27414e-18
-1.00123e-13
4.54757e-18
-1.01919e-13
4.78687e-18
-1.03747e-13
4.99109e-18
-1.05607e-13
5.15976e-18
-1.07501e-13
5.29283e-18
-1.09429e-13
5.3906e-18
-1.11391e-13
5.45367e-18
-1.13389e-13
5.48289e-18
-1.15422e-13
5.47925e-18
-1.17492e-13
5.44392e-18
-1.19599e-13
5.37813e-18
-1.21744e-13
5.28317e-18
-1.23927e-13
5.16038e-18
-1.2615e-13
5.01109e-18
-1.28412e-13
4.83663e-18
-1.30715e-13
4.63831e-18
-1.33059e-13
4.41738e-18
-1.35445e-13
4.1751e-18
-1.37874e-13
3.91265e-18
-1.40347e-13
3.63118e-18
-1.42864e-13
3.33179e-18
-1.45426e-13
3.01557e-18
-1.48034e-13
2.68352e-18
-1.50688e-13
2.33667e-18
-1.5339e-13
1.97599e-18
-1.56141e-13
1.60246e-18
-1.58941e-13
1.21706e-18
-1.61791e-13
8.20805e-19
-1.64693e-13
4.1474e-19
-1.67646e-13
-1.70652e-13
5.41052e-08
-4.35935e-05
5.2319e-12
-2.32301e-07
1.40921e-18
-8.98873e-14
1.72322e-18
-8.99958e-14
2.05788e-18
-9.16096e-14
2.38234e-18
-9.32524e-14
2.69371e-18
-9.49246e-14
2.98921e-18
-9.66269e-14
3.26623e-18
-9.83596e-14
3.52243e-18
-1.00123e-13
3.75576e-18
-1.01919e-13
3.96451e-18
-1.03747e-13
4.1473e-18
-1.05607e-13
4.30307e-18
-1.07501e-13
4.43112e-18
-1.09429e-13
4.531e-18
-1.11391e-13
4.60259e-18
-1.13389e-13
4.64595e-18
-1.15422e-13
4.6614e-18
-1.17492e-13
4.6494e-18
-1.19599e-13
4.61058e-18
-1.21744e-13
4.54566e-18
-1.23927e-13
4.45548e-18
-1.2615e-13
4.34092e-18
-1.28412e-13
4.20294e-18
-1.30715e-13
4.0425e-18
-1.33059e-13
3.86061e-18
-1.35445e-13
3.65827e-18
-1.37874e-13
3.43649e-18
-1.40347e-13
3.19627e-18
-1.42863e-13
2.93861e-18
-1.45425e-13
2.66451e-18
-1.48033e-13
2.37494e-18
-1.50688e-13
2.07089e-18
-1.5339e-13
1.75336e-18
-1.56141e-13
1.42334e-18
-1.58941e-13
1.08188e-18
-1.61791e-13
7.30061e-19
-1.64692e-13
3.69021e-19
-1.67645e-13
-1.70652e-13
5.22005e-08
-4.33216e-05
4.08142e-12
-1.93608e-07
1.26177e-18
-8.95808e-14
1.50342e-18
-8.9996e-14
1.76222e-18
-9.16099e-14
2.01556e-18
-9.32526e-14
2.26138e-18
-9.49249e-14
2.49756e-18
-9.66271e-14
2.72202e-18
-9.83599e-14
2.93271e-18
-1.00124e-13
3.12774e-18
-1.01919e-13
3.30537e-18
-1.03747e-13
3.46409e-18
-1.05607e-13
3.60258e-18
-1.07501e-13
3.71978e-18
-1.09429e-13
3.81485e-18
-1.11391e-13
3.88718e-18
-1.13389e-13
3.9364e-18
-1.15422e-13
3.96231e-18
-1.17492e-13
3.96491e-18
-1.19599e-13
3.94436e-18
-1.21744e-13
3.90095e-18
-1.23927e-13
3.83513e-18
-1.2615e-13
3.7474e-18
-1.28412e-13
3.63838e-18
-1.30715e-13
3.50875e-18
-1.33059e-13
3.35924e-18
-1.35445e-13
3.19064e-18
-1.37874e-13
3.00375e-18
-1.40346e-13
2.79942e-18
-1.42863e-13
2.57851e-18
-1.45425e-13
2.34191e-18
-1.48033e-13
2.09054e-18
-1.50688e-13
1.82531e-18
-1.5339e-13
1.54718e-18
-1.5614e-13
1.25716e-18
-1.5894e-13
9.56287e-19
-1.61791e-13
6.45661e-19
-1.64692e-13
3.26469e-19
-1.67645e-13
-1.70651e-13
5.09802e-08
-4.30882e-05
3.2563e-12
-1.58505e-07
1.16685e-18
-8.93415e-14
1.34418e-18
-8.99962e-14
1.53785e-18
-9.161e-14
1.73079e-18
-9.32528e-14
1.92116e-18
-9.49251e-14
2.10705e-18
-9.66273e-14
2.28652e-18
-9.836e-14
2.45766e-18
-1.00124e-13
2.61863e-18
-1.01919e-13
2.76767e-18
-1.03747e-13
2.90319e-18
-1.05608e-13
3.02375e-18
-1.07501e-13
3.12809e-18
-1.09429e-13
3.21516e-18
-1.11391e-13
3.28409e-18
-1.13389e-13
3.33422e-18
-1.15422e-13
3.36506e-18
-1.17492e-13
3.37631e-18
-1.19599e-13
3.36782e-18
-1.21744e-13
3.3396e-18
-1.23927e-13
3.29177e-18
-1.2615e-13
3.22459e-18
-1.28412e-13
3.13839e-18
-1.30715e-13
3.03362e-18
-1.33059e-13
2.91079e-18
-1.35445e-13
2.77047e-18
-1.37874e-13
2.61331e-18
-1.40346e-13
2.43997e-18
-1.42863e-13
2.2512e-18
-1.45425e-13
2.04776e-18
-1.48033e-13
1.83047e-18
-1.50687e-13
1.60017e-18
-1.5339e-13
1.35777e-18
-1.5614e-13
1.10422e-18
-1.5894e-13
8.40529e-19
-1.6179e-13
5.67792e-19
-1.64692e-13
2.87185e-19
-1.67645e-13
-1.70651e-13
5.01858e-08
-4.28974e-05
2.51973e-12
-1.24914e-07
1.07744e-18
-8.91082e-14
1.20226e-18
-8.99964e-14
1.34301e-18
-9.16102e-14
1.48708e-18
-9.3253e-14
1.63279e-18
-9.49252e-14
1.77828e-18
-9.66274e-14
1.92159e-18
-9.83602e-14
2.06075e-18
-1.00124e-13
2.19381e-18
-1.01919e-13
2.31896e-18
-1.03747e-13
2.43452e-18
-1.05608e-13
2.53896e-18
-1.07501e-13
2.63096e-18
-1.09429e-13
2.70935e-18
-1.11392e-13
2.77317e-18
-1.13389e-13
2.82163e-18
-1.15423e-13
2.85411e-18
-1.17492e-13
2.87014e-18
-1.19599e-13
2.86943e-18
-1.21744e-13
2.85179e-18
-1.23927e-13
2.81717e-18
-1.2615e-13
2.76563e-18
-1.28412e-13
2.69734e-18
-1.30715e-13
2.61255e-18
-1.33059e-13
2.5116e-18
-1.35445e-13
2.3949e-18
-1.37874e-13
2.26294e-18
-1.40346e-13
2.11625e-18
-1.42863e-13
1.95544e-18
-1.45425e-13
1.78116e-18
-1.48033e-13
1.59411e-18
-1.50687e-13
1.39507e-18
-1.53389e-13
1.18486e-18
-1.5614e-13
9.64359e-19
-1.5894e-13
7.34531e-19
-1.6179e-13
4.96417e-19
-1.64691e-13
2.51156e-19
-1.67645e-13
-1.70651e-13
4.94883e-08
-4.27473e-05
1.80391e-12
-9.23524e-08
9.62642e-19
-8.89039e-14
1.04379e-18
-8.99965e-14
1.14261e-18
-9.16103e-14
1.24977e-18
-9.32531e-14
1.363e-18
-9.49253e-14
1.47985e-18
-9.66275e-14
1.5978e-18
-9.83603e-14
1.71446e-18
-1.00124e-13
1.82762e-18
-1.0192e-13
1.9353e-18
-1.03747e-13
2.03575e-18
-1.05608e-13
2.12746e-18
-1.07502e-13
2.20914e-18
-1.09429e-13
2.27968e-18
-1.11392e-13
2.33816e-18
-1.13389e-13
2.38383e-18
-1.15423e-13
2.41607e-18
-1.17492e-13
2.43442e-18
-1.19599e-13
2.43852e-18
-1.21744e-13
2.42813e-18
-1.23927e-13
2.40312e-18
-1.2615e-13
2.36344e-18
-1.28412e-13
2.30914e-18
-1.30715e-13
2.24037e-18
-1.33059e-13
2.15733e-18
-1.35445e-13
2.06032e-18
-1.37874e-13
1.94968e-18
-1.40346e-13
1.82584e-18
-1.42863e-13
1.68928e-18
-1.45425e-13
1.54056e-18
-1.48032e-13
1.38027e-18
-1.50687e-13
1.20909e-18
-1.53389e-13
1.02776e-18
-1.5614e-13
8.37081e-19
-1.5894e-13
6.37943e-19
-1.6179e-13
4.31317e-19
-1.64691e-13
2.18274e-19
-1.67644e-13
-1.70651e-13
4.84516e-08
-4.26285e-05
1.08267e-12
-5.85722e-08
7.73915e-19
-8.86924e-14
8.22985e-19
-8.99965e-14
8.95971e-19
-9.16104e-14
9.8417e-19
-9.32532e-14
1.08287e-18
-9.49254e-14
1.18768e-18
-9.66276e-14
1.29481e-18
-9.83604e-14
1.40115e-18
-1.00124e-13
1.50418e-18
-1.0192e-13
1.60195e-18
-1.03747e-13
1.69288e-18
-1.05608e-13
1.77575e-18
-1.07502e-13
1.84955e-18
-1.09429e-13
1.91349e-18
-1.11392e-13
1.9669e-18
-1.13389e-13
2.00924e-18
-1.15423e-13
2.04005e-18
-1.17492e-13
2.05898e-18
-1.19599e-13
2.06572e-18
-1.21744e-13
2.06008e-18
-1.23927e-13
2.04189e-18
-1.2615e-13
2.0111e-18
-1.28412e-13
1.96769e-18
-1.30715e-13
1.91172e-18
-1.33059e-13
1.84333e-18
-1.35445e-13
1.7627e-18
-1.37873e-13
1.6701e-18
-1.40346e-13
1.56584e-18
-1.42863e-13
1.45031e-18
-1.45425e-13
1.32396e-18
-1.48032e-13
1.1873e-18
-1.50687e-13
1.04091e-18
-1.53389e-13
8.85439e-19
-1.5614e-13
7.21603e-19
-1.5894e-13
5.50204e-19
-1.6179e-13
3.72129e-19
-1.64691e-13
1.88363e-19
-1.67644e-13
-1.7065e-13
4.51702e-08
-4.25296e-05
3.75945e-13
-2.3594e-08
4.18551e-19
-8.85128e-14
4.65907e-19
-8.99966e-14
5.51354e-19
-9.16104e-14
6.57925e-19
-9.32533e-14
7.74256e-19
-9.49255e-14
8.92708e-19
-9.66278e-14
1.00844e-18
-9.83605e-14
1.11853e-18
-1.00124e-13
1.22129e-18
-1.0192e-13
1.31576e-18
-1.03747e-13
1.40143e-18
-1.05608e-13
1.47799e-18
-1.07502e-13
1.54522e-18
-1.09429e-13
1.60294e-18
-1.11392e-13
1.65098e-18
-1.13389e-13
1.68917e-18
-1.15423e-13
1.71733e-18
-1.17492e-13
1.73528e-18
-1.19599e-13
1.74285e-18
-1.21744e-13
1.7399e-18
-1.23927e-13
1.72632e-18
-1.2615e-13
1.70203e-18
-1.28412e-13
1.66699e-18
-1.30714e-13
1.62123e-18
-1.33059e-13
1.56481e-18
-1.35445e-13
1.49784e-18
-1.37873e-13
1.42052e-18
-1.40346e-13
1.33307e-18
-1.42863e-13
1.2358e-18
-1.45424e-13
1.12907e-18
-1.48032e-13
1.0133e-18
-1.50687e-13
8.88967e-19
-1.53389e-13
7.56642e-19
-1.5614e-13
6.16951e-19
-1.5894e-13
4.70602e-19
-1.6179e-13
3.18386e-19
-1.64691e-13
1.6119e-19
-1.67644e-13
-1.7065e-13
2.32179e-08
-8.53174e-14
-4.77605e-19
-8.68534e-14
-3.57985e-19
-8.84112e-14
-1.53191e-19
-8.99968e-14
6.86855e-20
-9.16107e-14
2.78306e-19
-9.32535e-14
4.65411e-19
-9.49257e-14
6.2842e-19
-9.66279e-14
7.6924e-19
-9.83607e-14
8.90807e-19
-1.00124e-13
9.96008e-19
-1.0192e-13
1.08727e-18
-1.03748e-13
1.16647e-18
-1.05608e-13
1.23499e-18
-1.07502e-13
1.29377e-18
-1.0943e-13
1.34343e-18
-1.11392e-13
1.38434e-18
-1.13389e-13
1.41668e-18
-1.15423e-13
1.44051e-18
-1.17492e-13
1.45581e-18
-1.19599e-13
1.46249e-18
-1.21744e-13
1.46047e-18
-1.23927e-13
1.44964e-18
-1.2615e-13
1.42992e-18
-1.28412e-13
1.40125e-18
-1.30714e-13
1.36361e-18
-1.33058e-13
1.31699e-18
-1.35445e-13
1.26148e-18
-1.37873e-13
1.19717e-18
-1.40346e-13
1.12423e-18
-1.42863e-13
1.04289e-18
-1.45424e-13
9.53415e-19
-1.48032e-13
8.56158e-19
-1.50687e-13
7.51515e-19
-1.53389e-13
6.39958e-19
-1.56139e-13
5.22023e-19
-1.58939e-13
3.98324e-19
-1.6179e-13
2.69553e-19
-1.64691e-13
1.36488e-19
-1.67644e-13
-1.7065e-13
-3.1511e-18
-8.53265e-14
-3.21106e-18
-8.68558e-14
-1.76533e-18
-8.84126e-14
-8.70207e-19
-8.99977e-14
-2.99588e-19
-9.16112e-14
7.73495e-20
-9.32538e-14
3.36723e-19
-9.4926e-14
5.23174e-19
-9.66281e-14
6.63147e-19
-9.83608e-14
7.72492e-19
-1.00125e-13
8.60819e-19
-1.0192e-13
9.34012e-19
-1.03748e-13
9.95696e-19
-1.05608e-13
1.0481e-18
-1.07502e-13
1.09257e-18
-1.0943e-13
1.12989e-18
-1.11392e-13
1.16049e-18
-1.13389e-13
1.18454e-18
-1.15423e-13
1.20209e-18
-1.17492e-13
1.21306e-18
-1.19599e-13
1.21734e-18
-1.21744e-13
1.2148e-18
-1.23927e-13
1.20528e-18
-1.2615e-13
1.18866e-18
-1.28412e-13
1.16481e-18
-1.30714e-13
1.13367e-18
-1.33058e-13
1.09519e-18
-1.35444e-13
1.04936e-18
-1.37873e-13
9.96253e-19
-1.40346e-13
9.35953e-19
-1.42862e-13
8.68615e-19
-1.45424e-13
7.94446e-19
-1.48032e-13
7.13709e-19
-1.50687e-13
6.26729e-19
-1.53389e-13
5.33888e-19
-1.56139e-13
4.35638e-19
-1.58939e-13
3.32495e-19
-1.61789e-13
2.25049e-19
-1.64691e-13
1.13967e-19
-1.67644e-13
-1.7065e-13
2.93395e-18
-8.53246e-14
1.78019e-18
-8.68546e-14
1.18899e-18
-8.8412e-14
8.99206e-19
-8.99974e-14
7.6893e-19
-9.16111e-14
7.21795e-19
-9.32538e-14
7.17122e-19
-9.4926e-14
7.33461e-19
-9.66281e-14
7.59604e-19
-9.83608e-14
7.89728e-19
-1.00125e-13
8.20797e-19
-1.0192e-13
8.51193e-19
-1.03748e-13
8.79993e-19
-1.05608e-13
9.06609e-19
-1.07502e-13
9.30603e-19
-1.0943e-13
9.516e-19
-1.11392e-13
9.6925e-19
-1.13389e-13
9.83214e-19
-1.15423e-13
9.93161e-19
-1.17492e-13
9.98773e-19
-1.19599e-13
9.99748e-19
-1.21744e-13
9.95808e-19
-1.23927e-13
9.86701e-19
-1.2615e-13
9.72209e-19
-1.28412e-13
9.52151e-19
-1.30714e-13
9.26383e-19
-1.33058e-13
8.94808e-19
-1.35444e-13
8.57372e-19
-1.37873e-13
8.14067e-19
-1.40346e-13
7.64935e-19
-1.42862e-13
7.10068e-19
-1.45424e-13
6.49609e-19
-1.48032e-13
5.83752e-19
-1.50687e-13
5.12749e-19
-1.53389e-13
4.36904e-19
-1.56139e-13
3.56583e-19
-1.58939e-13
2.72208e-19
-1.61789e-13
1.8427e-19
-1.64691e-13
9.33244e-20
-1.67644e-13
-1.7065e-13
2.71338e-18
-8.5324e-14
2.19942e-18
-8.68541e-14
1.78276e-18
-8.84116e-14
1.46611e-18
-8.9997e-14
1.23517e-18
-9.16109e-14
1.07175e-18
-9.32536e-14
9.5908e-19
-9.49259e-14
8.83514e-19
-9.66281e-14
8.34593e-19
-9.83608e-14
8.04569e-19
-1.00125e-13
7.87785e-19
-1.0192e-13
7.80133e-19
-1.03748e-13
7.78607e-19
-1.05608e-13
7.80977e-19
-1.07502e-13
7.85561e-19
-1.0943e-13
7.91053e-19
-1.11392e-13
7.96421e-19
-1.13389e-13
8.00825e-19
-1.15423e-13
8.03569e-19
-1.17492e-13
8.04071e-19
-1.19599e-13
8.01834e-19
-1.21744e-13
7.96437e-19
-1.23927e-13
7.87524e-19
-1.2615e-13
7.74794e-19
-1.28412e-13
7.58002e-19
-1.30714e-13
7.36953e-19
-1.33058e-13
7.11501e-19
-1.35444e-13
6.81548e-19
-1.37873e-13
6.47043e-19
-1.40346e-13
6.07982e-19
-1.42862e-13
5.64408e-19
-1.45424e-13
5.1641e-19
-1.48032e-13
4.64125e-19
-1.50687e-13
4.07737e-19
-1.53389e-13
3.47482e-19
-1.56139e-13
2.83642e-19
-1.58939e-13
2.16554e-19
-1.61789e-13
1.4661e-19
-1.6469e-13
7.42559e-20
-1.67644e-13
-1.7065e-13
2.01422e-18
-8.53238e-14
1.78369e-18
-8.68539e-14
1.56338e-18
-8.84114e-14
1.36576e-18
-8.99968e-14
1.19652e-18
-9.16107e-14
1.05664e-18
-9.32535e-14
9.44292e-19
-9.49257e-14
8.56226e-19
-9.6628e-14
7.88726e-19
-9.83607e-14
7.38126e-19
-1.00125e-13
7.01079e-19
-1.0192e-13
6.74667e-19
-1.03748e-13
6.56412e-19
-1.05608e-13
6.44241e-19
-1.07502e-13
6.36435e-19
-1.0943e-13
6.31571e-19
-1.11392e-13
6.28469e-19
-1.13389e-13
6.2615e-19
-1.15423e-13
6.23797e-19
-1.17492e-13
6.20727e-19
-1.19599e-13
6.16367e-19
-1.21744e-13
6.10236e-19
-1.23927e-13
6.01934e-19
-1.2615e-13
5.91127e-19
-1.28412e-13
5.77544e-19
-1.30714e-13
5.60967e-19
-1.33058e-13
5.4123e-19
-1.35444e-13
5.18213e-19
-1.37873e-13
4.91839e-19
-1.40346e-13
4.62077e-19
-1.42862e-13
4.28933e-19
-1.45424e-13
3.92457e-19
-1.48032e-13
3.52739e-19
-1.50686e-13
3.09907e-19
-1.53389e-13
2.64132e-19
-1.56139e-13
2.15624e-19
-1.58939e-13
1.64637e-19
-1.61789e-13
1.11468e-19
-1.6469e-13
5.64596e-20
-1.67644e-13
-1.7065e-13
1.36494e-18
-8.53237e-14
1.25542e-18
-8.68538e-14
1.14245e-18
-8.84113e-14
1.0323e-18
-8.99967e-14
9.2961e-19
-9.16106e-14
8.37319e-19
-9.32534e-14
7.56901e-19
-9.49257e-14
6.8868e-19
-9.66279e-14
6.32172e-19
-9.83607e-14
5.86384e-19
-1.00124e-13
5.50048e-19
-1.0192e-13
5.21785e-19
-1.03748e-13
5.0022e-19
-1.05608e-13
4.84053e-19
-1.07502e-13
4.72092e-19
-1.0943e-13
4.63272e-19
-1.11392e-13
4.5666e-19
-1.13389e-13
4.51441e-19
-1.15423e-13
4.46917e-19
-1.17492e-13
4.42489e-19
-1.19599e-13
4.37652e-19
-1.21744e-13
4.31974e-19
-1.23927e-13
4.25097e-19
-1.2615e-13
4.16722e-19
-1.28412e-13
4.06604e-19
-1.30714e-13
3.94546e-19
-1.33058e-13
3.80394e-19
-1.35444e-13
3.64035e-19
-1.37873e-13
3.45391e-19
-1.40346e-13
3.24421e-19
-1.42862e-13
3.01113e-19
-1.45424e-13
2.75491e-19
-1.48032e-13
2.47607e-19
-1.50686e-13
2.17545e-19
-1.53389e-13
1.85419e-19
-1.56139e-13
1.51374e-19
-1.58939e-13
1.15585e-19
-1.61789e-13
7.82598e-20
-1.6469e-13
3.96401e-20
-1.67644e-13
-1.7065e-13
7.89043e-19
-8.53236e-14
7.38774e-19
-8.68537e-14
6.84879e-19
-8.84112e-14
6.29996e-19
-8.99967e-14
5.7643e-19
-9.16106e-14
5.26006e-19
-9.32534e-14
4.80008e-19
-9.49256e-14
4.392e-19
-9.66279e-14
4.03895e-19
-9.83606e-14
3.74049e-19
-1.00124e-13
3.4935e-19
-1.0192e-13
3.29317e-19
-1.03748e-13
3.13362e-19
-1.05608e-13
3.00858e-19
-1.07502e-13
2.91174e-19
-1.0943e-13
2.83705e-19
-1.11392e-13
2.77894e-19
-1.13389e-13
2.73233e-19
-1.15423e-13
2.69273e-19
-1.17492e-13
2.65622e-19
-1.19599e-13
2.6194e-19
-1.21744e-13
2.57938e-19
-1.23927e-13
2.53369e-19
-1.2615e-13
2.48029e-19
-1.28412e-13
2.4175e-19
-1.30714e-13
2.34394e-19
-1.33058e-13
2.25855e-19
-1.35444e-13
2.16051e-19
-1.37873e-13
2.04926e-19
-1.40346e-13
1.92445e-19
-1.42862e-13
1.78597e-19
-1.45424e-13
1.63388e-19
-1.48032e-13
1.46846e-19
-1.50686e-13
1.29016e-19
-1.53389e-13
1.09965e-19
-1.56139e-13
8.97752e-20
-1.58939e-13
6.85512e-20
-1.61789e-13
4.64154e-20
-1.6469e-13
2.35106e-20
-1.67644e-13
-1.7065e-13
2.58141e-19
2.43475e-19
2.27482e-19
2.10881e-19
1.94344e-19
1.78448e-19
1.6364e-19
1.50229e-19
1.38391e-19
1.28185e-19
1.19578e-19
1.12465e-19
1.06694e-19
1.02088e-19
9.84544e-20
9.56046e-20
9.3356e-20
9.15397e-20
9.00033e-20
8.86113e-20
8.72456e-20
8.58045e-20
8.42014e-20
8.23637e-20
8.02314e-20
7.77558e-20
7.48984e-20
7.16301e-20
6.79301e-20
6.37856e-20
5.91911e-20
5.4148e-20
4.86645e-20
4.27553e-20
3.64417e-20
2.97512e-20
2.27177e-20
1.53821e-20
7.79146e-21
)
;

boundaryField
{
    top
    {
        type            calculated;
        value           nonuniform List<scalar> 
80
(
-1.70988e-16
-1.67976e-16
-1.65017e-16
-1.6211e-16
-1.59254e-16
-1.56449e-16
-1.53693e-16
-1.50985e-16
-1.48325e-16
-1.45712e-16
-1.43146e-16
-1.40624e-16
-1.38147e-16
-1.35713e-16
-1.33322e-16
-1.30974e-16
-1.28666e-16
-1.264e-16
-1.24173e-16
-1.21986e-16
-1.19837e-16
-1.17726e-16
-1.15652e-16
-1.13614e-16
-1.11613e-16
-1.09647e-16
-1.07715e-16
-1.05818e-16
-1.03954e-16
-1.02123e-16
-1.00324e-16
-9.85565e-17
-9.68204e-17
-9.51149e-17
-9.34394e-17
-9.17935e-17
-9.01765e-17
-8.85881e-17
-8.70276e-17
-8.54946e-17
-8.53236e-14
-8.68537e-14
-8.84112e-14
-8.99967e-14
-9.16105e-14
-9.32533e-14
-9.49256e-14
-9.66278e-14
-9.83606e-14
-1.00124e-13
-1.0192e-13
-1.03748e-13
-1.05608e-13
-1.07502e-13
-1.0943e-13
-1.11392e-13
-1.13389e-13
-1.15423e-13
-1.17492e-13
-1.19599e-13
-1.21744e-13
-1.23927e-13
-1.2615e-13
-1.28412e-13
-1.30714e-13
-1.33058e-13
-1.35444e-13
-1.37873e-13
-1.40346e-13
-1.42862e-13
-1.45424e-13
-1.48032e-13
-1.50686e-13
-1.53389e-13
-1.56139e-13
-1.58939e-13
-1.61789e-13
-1.6469e-13
-1.67644e-13
-1.7065e-13
)
;
    }
    inlet
    {
        type            calculated;
        value           nonuniform List<scalar> 
80
(
1.71016e-16
1.68003e-16
1.65043e-16
1.62136e-16
1.5928e-16
1.56474e-16
1.53718e-16
1.5101e-16
1.48349e-16
1.45736e-16
1.43169e-16
1.40647e-16
1.38169e-16
1.35735e-16
1.33344e-16
1.30995e-16
1.28687e-16
1.2642e-16
1.24193e-16
1.22006e-16
1.19856e-16
1.17745e-16
1.15671e-16
1.13633e-16
1.11631e-16
1.09665e-16
1.07733e-16
1.05835e-16
1.03971e-16
1.02139e-16
1.0034e-16
9.85724e-17
9.6836e-17
9.51301e-17
9.34543e-17
9.1808e-17
9.01907e-17
8.86019e-17
8.70411e-17
8.55078e-17
8.53469e-14
8.68773e-14
8.84352e-14
9.0021e-14
9.16352e-14
9.32784e-14
9.49511e-14
9.66537e-14
9.83869e-14
1.00151e-13
1.01947e-13
1.03775e-13
1.05636e-13
1.0753e-13
1.09459e-13
1.11421e-13
1.13419e-13
1.15453e-13
1.17523e-13
1.19631e-13
1.21776e-13
1.2396e-13
1.26183e-13
1.28445e-13
1.30749e-13
1.33093e-13
1.3548e-13
1.37909e-13
1.40382e-13
1.42899e-13
1.45462e-13
1.4807e-13
1.50725e-13
1.53428e-13
1.56179e-13
1.5898e-13
1.61831e-13
1.64733e-13
1.67687e-13
1.70694e-13
)
;
    }
    axis
    {
        type            calculated;
        value           uniform 0;
    }
    frontAndBack
    {
        type            empty;
        value           nonuniform 0();
    }
}


// ************************************************************************* //
