/*--------------------------------*- C++ -*----------------------------------*\
  =========                 |
  \\      /  F ield         | OpenFOAM: The Open Source CFD Toolbox
   \\    /   O peration     | Website:  https://openfoam.org
    \\  /    A nd           | Version:  7
     \\/     M anipulation  |
\*---------------------------------------------------------------------------*/
FoamFile
{
    version     2.0;
    format      ascii;
    class       volVectorField;
    location    "5000";
    object      Ua;
}
// * * * * * * * * * * * * * * * * * * * * * * * * * * * * * * * * * * * * * //

dimensions      [0 1 -1 0 0 0 0];

internalField   nonuniform List<vector> 
3200
(
(-9.21333e-08 1.33056e-07 0)
(-2.74339e-07 1.32412e-07 0)
(-4.52051e-07 1.31145e-07 0)
(-6.24548e-07 1.29261e-07 0)
(-7.91153e-07 1.26754e-07 0)
(-9.51215e-07 1.23611e-07 0)
(-1.1041e-06 1.19808e-07 0)
(-1.24918e-06 1.15317e-07 0)
(-1.38582e-06 1.10101e-07 0)
(-1.51339e-06 1.04121e-07 0)
(-1.63126e-06 9.73343e-08 0)
(-1.73876e-06 8.9695e-08 0)
(-1.83524e-06 8.11577e-08 0)
(-1.92004e-06 7.16775e-08 0)
(-1.99248e-06 6.12123e-08 0)
(-2.05191e-06 4.97251e-08 0)
(-2.09766e-06 3.71857e-08 0)
(-2.1291e-06 2.3574e-08 0)
(-2.14563e-06 8.88277e-09 0)
(-2.1467e-06 -6.87917e-09 0)
(-2.13181e-06 -2.36833e-08 0)
(-2.10054e-06 -4.14779e-08 0)
(-2.05258e-06 -6.01841e-08 0)
(-1.98773e-06 -7.9693e-08 0)
(-1.90592e-06 -9.98623e-08 0)
(-1.80727e-06 -1.20515e-07 0)
(-1.69206e-06 -1.41437e-07 0)
(-1.56078e-06 -1.62381e-07 0)
(-1.41413e-06 -1.83066e-07 0)
(-1.25304e-06 -2.03184e-07 0)
(-1.07865e-06 -2.22411e-07 0)
(-8.92334e-07 -2.40409e-07 0)
(-6.95675e-07 -2.56848e-07 0)
(-4.90425e-07 -2.7141e-07 0)
(-2.78489e-07 -2.83814e-07 0)
(-6.18726e-08 -2.9382e-07 0)
(1.5736e-07 -3.01249e-07 0)
(3.77143e-07 -3.05987e-07 0)
(5.95461e-07 -3.07994e-07 0)
(8.10402e-07 -3.07304e-07 0)
(-9.30708e-08 4.00521e-07 0)
(-2.77156e-07 3.98622e-07 0)
(-4.56775e-07 3.9488e-07 0)
(-6.31246e-07 3.89316e-07 0)
(-7.99922e-07 3.81913e-07 0)
(-9.62187e-07 3.72629e-07 0)
(-1.11743e-06 3.61393e-07 0)
(-1.26506e-06 3.48118e-07 0)
(-1.40447e-06 3.32696e-07 0)
(-1.53504e-06 3.15007e-07 0)
(-1.65616e-06 2.94921e-07 0)
(-1.76718e-06 2.72298e-07 0)
(-1.86747e-06 2.46997e-07 0)
(-1.95635e-06 2.1888e-07 0)
(-2.03316e-06 1.87813e-07 0)
(-2.09722e-06 1.53674e-07 0)
(-2.14786e-06 1.16362e-07 0)
(-2.18441e-06 7.58021e-08 0)
(-2.20621e-06 3.19528e-08 0)
(-2.21264e-06 -1.5181e-08 0)
(-2.20312e-06 -6.55392e-08 0)
(-2.17712e-06 -1.18996e-07 0)
(-2.13419e-06 -1.75345e-07 0)
(-2.07398e-06 -2.34294e-07 0)
(-1.99625e-06 -2.95447e-07 0)
(-1.90091e-06 -3.58302e-07 0)
(-1.78804e-06 -4.22242e-07 0)
(-1.65792e-06 -4.86537e-07 0)
(-1.51105e-06 -5.50345e-07 0)
(-1.34815e-06 -6.12727e-07 0)
(-1.17024e-06 -6.72668e-07 0)
(-9.78581e-07 -7.29101e-07 0)
(-7.74699e-07 -7.8095e-07 0)
(-5.60385e-07 -8.27169e-07 0)
(-3.37656e-07 -8.66795e-07 0)
(-1.08712e-07 -8.98994e-07 0)
(1.2411e-07 -9.23112e-07 0)
(3.5841e-07 -9.38712e-07 0)
(5.91792e-07 -9.456e-07 0)
(8.21944e-07 -9.43839e-07 0)
(-9.49009e-08 6.71983e-07 0)
(-2.82655e-07 6.68919e-07 0)
(-4.66e-07 6.62883e-07 0)
(-6.44325e-07 6.53904e-07 0)
(-8.17054e-07 6.41955e-07 0)
(-9.83631e-07 6.2696e-07 0)
(-1.14351e-06 6.08806e-07 0)
(-1.29614e-06 5.87343e-07 0)
(-1.44098e-06 5.6239e-07 0)
(-1.57745e-06 5.33745e-07 0)
(-1.70497e-06 5.01184e-07 0)
(-1.82296e-06 4.64469e-07 0)
(-1.93077e-06 4.23354e-07 0)
(-2.02778e-06 3.77591e-07 0)
(-2.11331e-06 3.26936e-07 0)
(-2.18667e-06 2.71159e-07 0)
(-2.24716e-06 2.10054e-07 0)
(-2.29406e-06 1.43445e-07 0)
(-2.32662e-06 7.12089e-08 0)
(-2.34411e-06 -6.71934e-09 0)
(-2.34579e-06 -9.03239e-08 0)
(-2.33092e-06 -1.79491e-07 0)
(-2.29881e-06 -2.73987e-07 0)
(-2.2488e-06 -3.73438e-07 0)
(-2.18031e-06 -4.77307e-07 0)
(-2.09285e-06 -5.84869e-07 0)
(-1.98605e-06 -6.95197e-07 0)
(-1.85971e-06 -8.07144e-07 0)
(-1.71386e-06 -9.19339e-07 0)
(-1.54876e-06 -1.03019e-06 0)
(-1.36501e-06 -1.13791e-06 0)
(-1.16353e-06 -1.24053e-06 0)
(-9.45664e-07 -1.336e-06 0)
(-7.13141e-07 -1.42223e-06 0)
(-4.68127e-07 -1.49719e-06 0)
(-2.13178e-07 -1.55903e-06 0)
(4.88059e-08 -1.6062e-06 0)
(3.14673e-07 -1.63757e-06 0)
(5.81131e-07 -1.65248e-06 0)
(8.44887e-07 -1.65085e-06 0)
(-9.7535e-08 9.49892e-07 0)
(-2.90572e-07 9.45813e-07 0)
(-4.79283e-07 9.37777e-07 0)
(-6.63166e-07 9.25817e-07 0)
(-8.41743e-07 9.09892e-07 0)
(-1.01455e-06 8.89897e-07 0)
(-1.18113e-06 8.65671e-07 0)
(-1.34103e-06 8.37002e-07 0)
(-1.49375e-06 8.03639e-07 0)
(-1.63883e-06 7.65291e-07 0)
(-1.77573e-06 7.21639e-07 0)
(-1.90392e-06 6.72339e-07 0)
(-2.02283e-06 6.17029e-07 0)
(-2.13186e-06 5.55333e-07 0)
(-2.23037e-06 4.86875e-07 0)
(-2.31768e-06 4.1128e-07 0)
(-2.39306e-06 3.28191e-07 0)
(-2.45575e-06 2.37278e-07 0)
(-2.50493e-06 1.38251e-07 0)
(-2.53973e-06 3.08841e-08 0)
(-2.55923e-06 -8.49717e-08 0)
(-2.56246e-06 -2.09358e-07 0)
(-2.54839e-06 -3.42182e-07 0)
(-2.51596e-06 -4.83183e-07 0)
(-2.46409e-06 -6.31891e-07 0)
(-2.39167e-06 -7.87588e-07 0)
(-2.29763e-06 -9.49261e-07 0)
(-2.18098e-06 -1.11555e-06 0)
(-2.04085e-06 -1.28473e-06 0)
(-1.87659e-06 -1.45463e-06 0)
(-1.68786e-06 -1.62267e-06 0)
(-1.47476e-06 -1.78582e-06 0)
(-1.2379e-06 -1.9407e-06 0)
(-9.78581e-07 -2.0836e-06 0)
(-6.98865e-07 -2.21068e-06 0)
(-4.01629e-07 -2.31818e-06 0)
(-9.05838e-08 -2.4026e-06 0)
(2.29812e-07 -2.46108e-06 0)
(5.54525e-07 -2.49162e-06 0)
(8.7821e-07 -2.49338e-06 0)
(-1.00844e-07 1.23638e-06 0)
(-3.00518e-07 1.23149e-06 0)
(-4.95976e-07 1.22185e-06 0)
(-6.86855e-07 1.2075e-06 0)
(-8.72806e-07 1.18838e-06 0)
(-1.05349e-06 1.16436e-06 0)
(-1.22856e-06 1.13522e-06 0)
(-1.39766e-06 1.1007e-06 0)
(-1.56044e-06 1.06047e-06 0)
(-1.71649e-06 1.01416e-06 0)
(-1.86541e-06 9.61361e-07 0)
(-2.00674e-06 9.01611e-07 0)
(-2.14002e-06 8.34426e-07 0)
(-2.26471e-06 7.59296e-07 0)
(-2.38023e-06 6.75686e-07 0)
(-2.48597e-06 5.83053e-07 0)
(-2.58124e-06 4.80844e-07 0)
(-2.66527e-06 3.68514e-07 0)
(-2.73721e-06 2.45533e-07 0)
(-2.79613e-06 1.114e-07 0)
(-2.84098e-06 -3.43339e-08 0)
(-2.87058e-06 -1.92046e-07 0)
(-2.88362e-06 -3.62009e-07 0)
(-2.87861e-06 -5.44356e-07 0)
(-2.85392e-06 -7.39024e-07 0)
(-2.80771e-06 -9.45697e-07 0)
(-2.73799e-06 -1.16373e-06 0)
(-2.64261e-06 -1.39204e-06 0)
(-2.51932e-06 -1.62902e-06 0)
(-2.36586e-06 -1.87242e-06 0)
(-2.18009e-06 -2.11917e-06 0)
(-1.96017e-06 -2.36536e-06 0)
(-1.70485e-06 -2.60606e-06 0)
(-1.41371e-06 -2.83537e-06 0)
(-1.0876e-06 -3.04648e-06 0)
(-7.28902e-07 -3.23193e-06 0)
(-3.41877e-07 -3.38402e-06 0)
(6.72106e-08 -3.49546e-06 0)
(4.90192e-07 -3.56023e-06 0)
(9.17419e-07 -3.57449e-06 0)
(-1.04661e-07 1.53317e-06 0)
(-3.11994e-07 1.52771e-06 0)
(-5.15246e-07 1.51696e-06 0)
(-7.14217e-07 1.50094e-06 0)
(-9.08713e-07 1.47959e-06 0)
(-1.09854e-06 1.45273e-06 0)
(-1.28349e-06 1.42012e-06 0)
(-1.46336e-06 1.38143e-06 0)
(-1.63791e-06 1.33628e-06 0)
(-1.80688e-06 1.28422e-06 0)
(-1.96999e-06 1.22474e-06 0)
(-2.12693e-06 1.15728e-06 0)
(-2.27734e-06 1.08125e-06 0)
(-2.42083e-06 9.95998e-07 0)
(-2.55695e-06 9.00828e-07 0)
(-2.68519e-06 7.95015e-07 0)
(-2.80498e-06 6.77799e-07 0)
(-2.91564e-06 5.48384e-07 0)
(-3.01644e-06 4.05948e-07 0)
(-3.10647e-06 2.49645e-07 0)
(-3.18473e-06 7.86127e-08 0)
(-3.25e-06 -1.08019e-07 0)
(-3.30086e-06 -3.11113e-07 0)
(-3.33562e-06 -5.31498e-07 0)
(-3.35226e-06 -7.69936e-07 0)
(-3.34836e-06 -1.02706e-06 0)
(-3.32107e-06 -1.30331e-06 0)
(-3.26696e-06 -1.59878e-06 0)
(-3.18208e-06 -1.91307e-06 0)
(-3.06185e-06 -2.24506e-06 0)
(-2.90116e-06 -2.59261e-06 0)
(-2.69452e-06 -2.95217e-06 0)
(-2.43637e-06 -3.31833e-06 0)
(-2.12159e-06 -3.68339e-06 0)
(-1.74629e-06 -4.0369e-06 0)
(-1.30886e-06 -4.36543e-06 0)
(-8.11237e-07 -4.65268e-06 0)
(-2.60211e-07 -4.88034e-06 0)
(3.31557e-07 -5.02983e-06 0)
(9.45389e-07 -5.08547e-06 0)
(-1.0879e-07 1.84143e-06 0)
(-3.2441e-07 1.83569e-06 0)
(-5.36104e-07 1.82439e-06 0)
(-7.43856e-07 1.80754e-06 0)
(-9.47643e-07 1.78506e-06 0)
(-1.14744e-06 1.75675e-06 0)
(-1.3432e-06 1.72233e-06 0)
(-1.53487e-06 1.68144e-06 0)
(-1.72238e-06 1.63364e-06 0)
(-1.90563e-06 1.57842e-06 0)
(-2.0845e-06 1.5152e-06 0)
(-2.25883e-06 1.44334e-06 0)
(-2.42846e-06 1.36214e-06 0)
(-2.59316e-06 1.27083e-06 0)
(-2.75266e-06 1.1686e-06 0)
(-2.90666e-06 1.05456e-06 0)
(-3.05478e-06 9.27756e-07 0)
(-3.19658e-06 7.87168e-07 0)
(-3.33154e-06 6.31699e-07 0)
(-3.45902e-06 4.60168e-07 0)
(-3.57827e-06 2.71291e-07 0)
(-3.68835e-06 6.36695e-08 0)
(-3.78814e-06 -1.64231e-07 0)
(-3.87619e-06 -4.14102e-07 0)
(-3.95068e-06 -6.87812e-07 0)
(-4.0093e-06 -9.87424e-07 0)
(-4.04902e-06 -1.31518e-06 0)
(-4.06592e-06 -1.6735e-06 0)
(-4.0549e-06 -2.06482e-06 0)
(-4.00935e-06 -2.49146e-06 0)
(-3.9208e-06 -2.95527e-06 0)
(-3.77861e-06 -3.45701e-06 0)
(-3.56976e-06 -3.99549e-06 0)
(-3.27899e-06 -4.56621e-06 0)
(-2.88946e-06 -5.15949e-06 0)
(-2.38444e-06 -5.758e-06 0)
(-1.75043e-06 -6.33397e-06 0)
(-9.82135e-07 -6.84646e-06 0)
(-8.94914e-08 -7.2404e-06 0)
(8.94541e-07 -7.45042e-06 0)
(-1.13011e-07 2.16174e-06 0)
(-3.37107e-07 2.15604e-06 0)
(-5.57446e-07 2.1448e-06 0)
(-7.74207e-07 2.12803e-06 0)
(-9.87553e-07 2.10562e-06 0)
(-1.19763e-06 2.07737e-06 0)
(-1.40458e-06 2.04298e-06 0)
(-1.60851e-06 2.00205e-06 0)
(-1.80953e-06 1.95411e-06 0)
(-2.00772e-06 1.89861e-06 0)
(-2.20314e-06 1.83493e-06 0)
(-2.39585e-06 1.76238e-06 0)
(-2.58585e-06 1.6802e-06 0)
(-2.77315e-06 1.58754e-06 0)
(-2.95772e-06 1.48349e-06 0)
(-3.13949e-06 1.36708e-06 0)
(-3.31839e-06 1.23723e-06 0)
(-3.49428e-06 1.09278e-06 0)
(-3.667e-06 9.32466e-07 0)
(-3.83636e-06 7.54893e-07 0)
(-4.00209e-06 5.58519e-07 0)
(-4.1639e-06 3.41606e-07 0)
(-4.32139e-06 1.02167e-07 0)
(-4.47405e-06 -1.62111e-07 0)
(-4.62119e-06 -4.53974e-07 0)
(-4.76182e-06 -7.76736e-07 0)
(-4.89449e-06 -1.13446e-06 0)
(-5.01697e-06 -1.53219e-06 0)
(-5.12584e-06 -1.97621e-06 0)
(-5.21579e-06 -2.47432e-06 0)
(-5.27858e-06 -3.03613e-06 0)
(-5.30164e-06 -3.67319e-06 0)
(-5.26605e-06 -4.39884e-06 0)
(-5.14404e-06 -5.2273e-06 0)
(-4.89599e-06 -6.1715e-06 0)
(-4.46782e-06 -7.23822e-06 0)
(-3.79027e-06 -8.41873e-06 0)
(-2.78391e-06 -9.67111e-06 0)
(-1.37752e-06 -1.08885e-05 0)
(4.44945e-07 -1.1843e-05 0)
(-1.17092e-07 2.49405e-06 0)
(-3.49387e-07 2.4887e-06 0)
(-5.78102e-07 2.47815e-06 0)
(-8.03611e-07 2.46239e-06 0)
(-1.02627e-06 2.44131e-06 0)
(-1.2464e-06 2.4147e-06 0)
(-1.46432e-06 2.38223e-06 0)
(-1.68032e-06 2.34352e-06 0)
(-1.8947e-06 2.29807e-06 0)
(-2.10771e-06 2.24534e-06 0)
(-2.31963e-06 2.18468e-06 0)
(-2.5307e-06 2.11539e-06 0)
(-2.74116e-06 2.03669e-06 0)
(-2.95125e-06 1.94771e-06 0)
(-3.16118e-06 1.84754e-06 0)
(-3.37118e-06 1.73515e-06 0)
(-3.58146e-06 1.60946e-06 0)
(-3.79224e-06 1.46928e-06 0)
(-4.00378e-06 1.31335e-06 0)
(-4.21633e-06 1.14028e-06 0)
(-4.43026e-06 9.48549e-07 0)
(-4.64599e-06 7.3649e-07 0)
(-4.86412e-06 5.02211e-07 0)
(-5.08546e-06 2.43529e-07 0)
(-5.31109e-06 -4.21539e-08 0)
(-5.54252e-06 -3.5804e-07 0)
(-5.7817e-06 -7.08222e-07 0)
(-6.03116e-06 -1.09812e-06 0)
(-6.29398e-06 -1.53514e-06 0)
(-6.57361e-06 -2.02966e-06 0)
(-6.87332e-06 -2.59651e-06 0)
(-7.19487e-06 -3.25726e-06 0)
(-7.53577e-06 -4.04354e-06 0)
(-7.88381e-06 -5.00217e-06 0)
(-8.20667e-06 -6.20297e-06 0)
(-8.43248e-06 -7.75053e-06 0)
(-8.41428e-06 -9.80243e-06 0)
(-7.86563e-06 -1.25972e-05 0)
(-6.24553e-06 -1.64975e-05 0)
(-2.55481e-06 -2.20574e-05 0)
(-1.20798e-07 2.8376e-06 0)
(-3.60546e-07 2.83292e-06 0)
(-5.96888e-07 2.82368e-06 0)
(-8.3039e-07 2.80986e-06 0)
(-1.06158e-06 2.79134e-06 0)
(-1.29097e-06 2.7679e-06 0)
(-1.51904e-06 2.73925e-06 0)
(-1.74626e-06 2.70499e-06 0)
(-1.97309e-06 2.66465e-06 0)
(-2.2e-06 2.61771e-06 0)
(-2.42744e-06 2.56354e-06 0)
(-2.65587e-06 2.50148e-06 0)
(-2.88573e-06 2.43075e-06 0)
(-3.11749e-06 2.35054e-06 0)
(-3.35162e-06 2.25996e-06 0)
(-3.58858e-06 2.15803e-06 0)
(-3.82888e-06 2.04373e-06 0)
(-4.07303e-06 1.91597e-06 0)
(-4.32158e-06 1.77359e-06 0)
(-4.57516e-06 1.61539e-06 0)
(-4.83451e-06 1.44014e-06 0)
(-5.10053e-06 1.24659e-06 0)
(-5.3744e-06 1.03347e-06 0)
(-5.65772e-06 7.99568e-07 0)
(-5.9527e-06 5.43669e-07 0)
(-6.26255e-06 2.64623e-07 0)
(-6.59191e-06 -3.86944e-08 0)
(-6.94762e-06 -3.67436e-07 0)
(-7.33984e-06 -7.22918e-07 0)
(-7.78376e-06 -1.10688e-06 0)
(-8.30223e-06 -1.52199e-06 0)
(-8.92997e-06 -1.9726e-06 0)
(-9.72026e-06 -2.4662e-06 0)
(-1.07559e-05 -3.01551e-06 0)
(-1.21673e-05 -3.64207e-06 0)
(-1.41628e-05 -4.38165e-06 0)
(-1.70802e-05 -5.2929e-06 0)
(-2.14735e-05 -6.47076e-06 0)
(-2.82624e-05 -8.06739e-06 0)
(-3.8959e-05 -1.03848e-05 0)
(-1.23907e-07 3.191e-06 0)
(-3.69911e-07 3.18728e-06 0)
(-6.12677e-07 3.17992e-06 0)
(-8.52937e-07 3.16889e-06 0)
(-1.09139e-06 3.15408e-06 0)
(-1.32869e-06 3.13527e-06 0)
(-1.56549e-06 3.11219e-06 0)
(-1.80241e-06 3.08447e-06 0)
(-2.0401e-06 3.05171e-06 0)
(-2.27917e-06 3.0134e-06 0)
(-2.52026e-06 2.969e-06 0)
(-2.76402e-06 2.9179e-06 0)
(-3.0111e-06 2.85939e-06 0)
(-3.26218e-06 2.79275e-06 0)
(-3.51793e-06 2.71715e-06 0)
(-3.77905e-06 2.63172e-06 0)
(-4.04625e-06 2.53553e-06 0)
(-4.32026e-06 2.4276e-06 0)
(-4.6018e-06 2.30693e-06 0)
(-4.89163e-06 2.17251e-06 0)
(-5.19054e-06 2.02337e-06 0)
(-5.49935e-06 1.85863e-06 0)
(-5.81897e-06 1.67764e-06 0)
(-6.15044e-06 1.48006e-06 0)
(-6.49507e-06 1.26606e-06 0)
(-6.85454e-06 1.03664e-06 0)
(-7.23119e-06 7.93967e-07 0)
(-7.6284e-06 5.41974e-07 0)
(-8.05108e-06 2.87105e-07 0)
(-8.50644e-06 3.9446e-08 0)
(-9.00496e-06 -1.85692e-07 0)
(-9.56156e-06 -3.65466e-07 0)
(-1.01969e-05 -4.66104e-07 0)
(-1.09384e-05 -4.3782e-07 0)
(-1.18197e-05 -2.07032e-07 0)
(-1.28775e-05 3.35736e-07 0)
(-1.41415e-05 1.35501e-06 0)
(-1.56098e-05 3.10105e-06 0)
(-1.71982e-05 5.95958e-06 0)
(-1.69982e-05 1.03379e-05 0)
(-1.26216e-07 3.55221e-06 0)
(-3.76877e-07 3.54971e-06 0)
(-6.24447e-07 3.54474e-06 0)
(-8.69802e-07 3.53725e-06 0)
(-1.11377e-06 3.52714e-06 0)
(-1.35715e-06 3.51422e-06 0)
(-1.60072e-06 3.49824e-06 0)
(-1.84524e-06 3.4789e-06 0)
(-2.09149e-06 3.45586e-06 0)
(-2.34025e-06 3.4287e-06 0)
(-2.5923e-06 3.39696e-06 0)
(-2.84845e-06 3.36012e-06 0)
(-3.10955e-06 3.31761e-06 0)
(-3.37645e-06 3.26879e-06 0)
(-3.65003e-06 3.21297e-06 0)
(-3.93118e-06 3.1494e-06 0)
(-4.22082e-06 3.07724e-06 0)
(-4.51984e-06 2.99563e-06 0)
(-4.82911e-06 2.90363e-06 0)
(-5.14945e-06 2.80028e-06 0)
(-5.48156e-06 2.68462e-06 0)
(-5.826e-06 2.55572e-06 0)
(-6.18303e-06 2.41281e-06 0)
(-6.55259e-06 2.25535e-06 0)
(-6.93404e-06 2.08324e-06 0)
(-7.32601e-06 1.89711e-06 0)
(-7.7261e-06 1.69873e-06 0)
(-8.13048e-06 1.49157e-06 0)
(-8.53341e-06 1.28164e-06 0)
(-8.92651e-06 1.07867e-06 0)
(-9.29788e-06 8.97565e-07 0)
(-9.63078e-06 7.60532e-07 0)
(-9.90188e-06 6.99557e-07 0)
(-1.00786e-05 7.59457e-07 0)
(-1.01157e-05 1.00112e-06 0)
(-9.94939e-06 1.50434e-06 0)
(-9.49005e-06 2.36884e-06 0)
(-8.6108e-06 3.71093e-06 0)
(-7.13239e-06 5.65099e-06 0)
(-4.1146e-06 8.03787e-06 0)
(-1.27559e-07 3.91871e-06 0)
(-3.80939e-07 3.91761e-06 0)
(-6.31351e-07 3.91542e-06 0)
(-8.79776e-07 3.91207e-06 0)
(-1.12714e-06 3.90745e-06 0)
(-1.37435e-06 3.90141e-06 0)
(-1.62227e-06 3.89376e-06 0)
(-1.87177e-06 3.88427e-06 0)
(-2.12374e-06 3.87267e-06 0)
(-2.37906e-06 3.85866e-06 0)
(-2.63864e-06 3.8419e-06 0)
(-2.90345e-06 3.82201e-06 0)
(-3.17445e-06 3.79856e-06 0)
(-3.45268e-06 3.77109e-06 0)
(-3.73919e-06 3.73905e-06 0)
(-4.0351e-06 3.70186e-06 0)
(-4.34152e-06 3.65882e-06 0)
(-4.6596e-06 3.60919e-06 0)
(-4.99047e-06 3.55207e-06 0)
(-5.3352e-06 3.48649e-06 0)
(-5.69471e-06 3.41128e-06 0)
(-6.06973e-06 3.32512e-06 0)
(-6.46059e-06 3.22649e-06 0)
(-6.86704e-06 3.11366e-06 0)
(-7.28791e-06 2.9846e-06 0)
(-7.72073e-06 2.83708e-06 0)
(-8.16107e-06 2.66858e-06 0)
(-8.60176e-06 2.47638e-06 0)
(-9.03175e-06 2.25771e-06 0)
(-9.43468e-06 2.00992e-06 0)
(-9.78704e-06 1.73097e-06 0)
(-1.0056e-05 1.42011e-06 0)
(-1.01969e-05 1.07902e-06 0)
(-1.01513e-05 7.13545e-07 0)
(-9.84498e-06 3.36345e-07 0)
(-9.18955e-06 -2.94963e-08 0)
(-8.08746e-06 -3.45559e-07 0)
(-6.44609e-06 -5.5212e-07 0)
(-4.20552e-06 -5.61934e-07 0)
(-1.47567e-06 -1.99441e-07 0)
(-1.2781e-07 4.2875e-06 0)
(-3.81722e-07 4.28796e-06 0)
(-6.32757e-07 4.28882e-06 0)
(-8.81961e-07 4.29e-06 0)
(-1.13032e-06 4.29141e-06 0)
(-1.37879e-06 4.29293e-06 0)
(-1.62829e-06 4.29443e-06 0)
(-1.87977e-06 4.29577e-06 0)
(-2.13417e-06 4.29678e-06 0)
(-2.39243e-06 4.29729e-06 0)
(-2.65557e-06 4.29712e-06 0)
(-2.9246e-06 4.29604e-06 0)
(-3.20063e-06 4.29384e-06 0)
(-3.48481e-06 4.29024e-06 0)
(-3.77835e-06 4.28494e-06 0)
(-4.08255e-06 4.27759e-06 0)
(-4.39878e-06 4.26775e-06 0)
(-4.72851e-06 4.2549e-06 0)
(-5.07326e-06 4.23835e-06 0)
(-5.43464e-06 4.21726e-06 0)
(-5.81428e-06 4.1905e-06 0)
(-6.21381e-06 4.15659e-06 0)
(-6.63481e-06 4.11355e-06 0)
(-7.07864e-06 4.0587e-06 0)
(-7.5463e-06 3.98841e-06 0)
(-8.03815e-06 3.8977e-06 0)
(-8.55347e-06 3.77977e-06 0)
(-9.08983e-06 3.62528e-06 0)
(-9.64206e-06 3.42142e-06 0)
(-1.02008e-05 3.15073e-06 0)
(-1.07503e-05 2.78949e-06 0)
(-1.12649e-05 2.30588e-06 0)
(-1.17045e-05 1.65786e-06 0)
(-1.2007e-05 7.91174e-07 0)
(-1.20791e-05 -3.61649e-07 0)
(-1.17826e-05 -1.87972e-06 0)
(-1.09185e-05 -3.84625e-06 0)
(-9.20907e-06 -6.32895e-06 0)
(-6.28447e-06 -9.33741e-06 0)
(-1.96547e-06 -1.16005e-05 0)
(-1.26895e-07 4.65534e-06 0)
(-3.79003e-07 4.65741e-06 0)
(-6.28293e-07 4.66144e-06 0)
(-8.75825e-07 4.66734e-06 0)
(-1.1226e-06 4.67503e-06 0)
(-1.36958e-06 4.68443e-06 0)
(-1.61771e-06 4.69546e-06 0)
(-1.86794e-06 4.70808e-06 0)
(-2.12121e-06 4.72224e-06 0)
(-2.37849e-06 4.7379e-06 0)
(-2.64081e-06 4.75504e-06 0)
(-2.90922e-06 4.77366e-06 0)
(-3.18485e-06 4.79374e-06 0)
(-3.46889e-06 4.81528e-06 0)
(-3.76266e-06 4.83827e-06 0)
(-4.06755e-06 4.86271e-06 0)
(-4.38513e-06 4.88855e-06 0)
(-4.71711e-06 4.91568e-06 0)
(-5.0654e-06 4.94393e-06 0)
(-5.43217e-06 4.97299e-06 0)
(-5.81986e-06 5.00236e-06 0)
(-6.23131e-06 5.03124e-06 0)
(-6.66982e-06 5.0584e-06 0)
(-7.13932e-06 5.08196e-06 0)
(-7.64451e-06 5.09914e-06 0)
(-8.19114e-06 5.1058e-06 0)
(-8.78634e-06 5.09585e-06 0)
(-9.43902e-06 5.06032e-06 0)
(-1.01604e-05 4.98607e-06 0)
(-1.09647e-05 4.85376e-06 0)
(-1.18692e-05 4.63484e-06 0)
(-1.2895e-05 4.2869e-06 0)
(-1.4065e-05 3.74659e-06 0)
(-1.54009e-05 2.91838e-06 0)
(-1.6912e-05 1.65703e-06 0)
(-1.85743e-05 -2.60508e-07 0)
(-2.02836e-05 -3.17986e-06 0)
(-2.17655e-05 -7.64148e-06 0)
(-2.24002e-05 -1.4499e-05 0)
(-1.09787e-05 -2.07076e-05 0)
(-1.24795e-07 5.01882e-06 0)
(-3.72724e-07 5.02249e-06 0)
(-6.17861e-07 5.02968e-06 0)
(-8.61233e-07 5.04027e-06 0)
(-1.10381e-06 5.05419e-06 0)
(-1.34652e-06 5.07139e-06 0)
(-1.59027e-06 5.09186e-06 0)
(-1.83596e-06 5.11564e-06 0)
(-2.0845e-06 5.14279e-06 0)
(-2.33681e-06 5.17341e-06 0)
(-2.59386e-06 5.20765e-06 0)
(-2.85664e-06 5.2457e-06 0)
(-3.12622e-06 5.28778e-06 0)
(-3.40374e-06 5.33418e-06 0)
(-3.69046e-06 5.38522e-06 0)
(-3.98774e-06 5.44129e-06 0)
(-4.29711e-06 5.50282e-06 0)
(-4.62029e-06 5.5703e-06 0)
(-4.95927e-06 5.64428e-06 0)
(-5.31634e-06 5.72534e-06 0)
(-5.69425e-06 5.81412e-06 0)
(-6.09631e-06 5.91129e-06 0)
(-6.52658e-06 6.01756e-06 0)
(-6.9902e-06 6.13367e-06 0)
(-7.49376e-06 6.26034e-06 0)
(-8.0459e-06 6.39833e-06 0)
(-8.65826e-06 6.54843e-06 0)
(-9.3468e-06 6.71153e-06 0)
(-1.01339e-05 6.88871e-06 0)
(-1.1052e-05 7.08149e-06 0)
(-1.21484e-05 7.29229e-06 0)
(-1.34948e-05 7.52515e-06 0)
(-1.52013e-05 7.78707e-06 0)
(-1.74419e-05 8.09025e-06 0)
(-2.04954e-05 8.45576e-06 0)
(-2.48184e-05 8.91969e-06 0)
(-3.11678e-05 9.54312e-06 0)
(-4.08147e-05 1.04285e-05 0)
(-5.51864e-05 1.13072e-05 0)
(-2.60825e-05 -1.12209e-05 0)
(-1.21544e-07 5.37457e-06 0)
(-3.6299e-07 5.37977e-06 0)
(-6.01641e-07 5.38995e-06 0)
(-8.3845e-07 5.40498e-06 0)
(-1.07431e-06 5.42479e-06 0)
(-1.31007e-06 5.44935e-06 0)
(-1.54656e-06 5.47871e-06 0)
(-1.7846e-06 5.51297e-06 0)
(-2.02497e-06 5.55229e-06 0)
(-2.26852e-06 5.59688e-06 0)
(-2.51605e-06 5.64703e-06 0)
(-2.76845e-06 5.70309e-06 0)
(-3.02662e-06 5.76552e-06 0)
(-3.29152e-06 5.83483e-06 0)
(-3.56418e-06 5.91165e-06 0)
(-3.84574e-06 5.99674e-06 0)
(-4.13743e-06 6.09096e-06 0)
(-4.44065e-06 6.19536e-06 0)
(-4.75697e-06 6.31117e-06 0)
(-5.08823e-06 6.43986e-06 0)
(-5.43653e-06 6.58321e-06 0)
(-5.8044e-06 6.74334e-06 0)
(-6.19483e-06 6.92292e-06 0)
(-6.61147e-06 7.12526e-06 0)
(-7.05874e-06 7.35459e-06 0)
(-7.54208e-06 7.61643e-06 0)
(-8.06807e-06 7.91812e-06 0)
(-8.64468e-06 8.26961e-06 0)
(-9.28129e-06 8.68472e-06 0)
(-9.9884e-06 9.18293e-06 0)
(-1.07767e-05 9.7922e-06 0)
(-1.16546e-05 1.05533e-05 0)
(-1.26228e-05 1.15265e-05 0)
(-1.36634e-05 1.28019e-05 0)
(-1.47177e-05 1.45157e-05 0)
(-1.56453e-05 1.68756e-05 0)
(-1.61454e-05 2.0201e-05 0)
(-1.56133e-05 2.49864e-05 0)
(-9.5756e-06 2.97962e-05 0)
(-9.97181e-07 4.75235e-07 0)
(-1.17227e-07 5.7194e-06 0)
(-3.50055e-07 5.72597e-06 0)
(-5.80067e-07 5.73886e-06 0)
(-8.08103e-07 5.75789e-06 0)
(-1.03495e-06 5.783e-06 0)
(-1.26134e-06 5.81417e-06 0)
(-1.48798e-06 5.85147e-06 0)
(-1.71556e-06 5.89504e-06 0)
(-1.94474e-06 5.9451e-06 0)
(-2.17618e-06 6.00196e-06 0)
(-2.41053e-06 6.06598e-06 0)
(-2.64846e-06 6.13764e-06 0)
(-2.89063e-06 6.21752e-06 0)
(-3.13773e-06 6.30631e-06 0)
(-3.39045e-06 6.40482e-06 0)
(-3.64954e-06 6.51403e-06 0)
(-3.91575e-06 6.6351e-06 0)
(-4.18989e-06 6.76939e-06 0)
(-4.47281e-06 6.91852e-06 0)
(-4.7654e-06 7.08446e-06 0)
(-5.0686e-06 7.26953e-06 0)
(-5.38338e-06 7.47658e-06 0)
(-5.7107e-06 7.70906e-06 0)
(-6.05148e-06 7.97123e-06 0)
(-6.40645e-06 8.26836e-06 0)
(-6.776e-06 8.60704e-06 0)
(-7.15985e-06 8.99552e-06 0)
(-7.55655e-06 9.44418e-06 0)
(-7.96268e-06 9.96605e-06 0)
(-8.37169e-06 1.05774e-05 0)
(-8.77202e-06 1.12984e-05 0)
(-9.14464e-06 1.21533e-05 0)
(-9.45951e-06 1.31703e-05 0)
(-9.67127e-06 1.43799e-05 0)
(-9.71464e-06 1.58105e-05 0)
(-9.5012e-06 1.74788e-05 0)
(-8.92193e-06 1.93702e-05 0)
(-7.86461e-06 2.14015e-05 0)
(-4.30636e-06 1.90897e-05 0)
(-1.83361e-07 5.3283e-07 0)
(-1.1197e-07 6.0504e-06 0)
(-3.34303e-07 6.05815e-06 0)
(-5.53788e-07 6.07336e-06 0)
(-7.71129e-07 6.09582e-06 0)
(-9.86972e-07 6.12543e-06 0)
(-1.20192e-06 6.16219e-06 0)
(-1.41654e-06 6.20617e-06 0)
(-1.63136e-06 6.25751e-06 0)
(-1.84688e-06 6.31647e-06 0)
(-2.06356e-06 6.38336e-06 0)
(-2.28187e-06 6.4586e-06 0)
(-2.50222e-06 6.5427e-06 0)
(-2.72499e-06 6.63628e-06 0)
(-2.95057e-06 6.74008e-06 0)
(-3.17927e-06 6.85495e-06 0)
(-3.41138e-06 6.98192e-06 0)
(-3.64713e-06 7.12218e-06 0)
(-3.88669e-06 7.27713e-06 0)
(-4.13011e-06 7.44838e-06 0)
(-4.37734e-06 7.63785e-06 0)
(-4.62813e-06 7.84777e-06 0)
(-4.882e-06 8.08073e-06 0)
(-5.13812e-06 8.3398e-06 0)
(-5.39518e-06 8.62854e-06 0)
(-5.65125e-06 8.95111e-06 0)
(-5.90345e-06 9.31229e-06 0)
(-6.14772e-06 9.71757e-06 0)
(-6.37835e-06 1.01731e-05 0)
(-6.58745e-06 1.06855e-05 0)
(-6.76437e-06 1.12618e-05 0)
(-6.89496e-06 1.19086e-05 0)
(-6.96101e-06 1.26313e-05 0)
(-6.93972e-06 1.34325e-05 0)
(-6.80379e-06 1.43099e-05 0)
(-6.52244e-06 1.52529e-05 0)
(-6.06396e-06 1.62389e-05 0)
(-5.40041e-06 1.72291e-05 0)
(-4.51471e-06 1.81649e-05 0)
(-2.32868e-06 1.38679e-05 0)
(9.86108e-09 1.84991e-07 0)
(-1.0593e-07 6.36508e-06 0)
(-3.16207e-07 6.37379e-06 0)
(-5.23608e-07 6.39086e-06 0)
(-7.28682e-07 6.41607e-06 0)
(-9.31931e-07 6.44927e-06 0)
(-1.13381e-06 6.49045e-06 0)
(-1.33472e-06 6.53965e-06 0)
(-1.53505e-06 6.59701e-06 0)
(-1.73511e-06 6.66274e-06 0)
(-1.93519e-06 6.73716e-06 0)
(-2.13552e-06 6.82064e-06 0)
(-2.33631e-06 6.91367e-06 0)
(-2.53767e-06 7.01681e-06 0)
(-2.73968e-06 7.13073e-06 0)
(-2.94232e-06 7.2562e-06 0)
(-3.14548e-06 7.39412e-06 0)
(-3.34894e-06 7.54552e-06 0)
(-3.55234e-06 7.71155e-06 0)
(-3.75513e-06 7.89353e-06 0)
(-3.95656e-06 8.09294e-06 0)
(-4.15558e-06 8.31142e-06 0)
(-4.35083e-06 8.5508e-06 0)
(-4.54048e-06 8.81309e-06 0)
(-4.72219e-06 9.10043e-06 0)
(-4.89296e-06 9.41508e-06 0)
(-5.04897e-06 9.75934e-06 0)
(-5.18547e-06 1.01354e-05 0)
(-5.29658e-06 1.05452e-05 0)
(-5.37516e-06 1.09901e-05 0)
(-5.41277e-06 1.14705e-05 0)
(-5.39961e-06 1.19853e-05 0)
(-5.32478e-06 1.25312e-05 0)
(-5.17665e-06 1.31022e-05 0)
(-4.94368e-06 1.36883e-05 0)
(-4.61558e-06 1.4275e-05 0)
(-4.18494e-06 1.48425e-05 0)
(-3.64918e-06 1.53664e-05 0)
(-3.01257e-06 1.58177e-05 0)
(-1.52853e-06 1.09562e-05 0)
(5.27648e-08 7.79241e-08 0)
(-9.92817e-08 6.66144e-06 0)
(-2.96296e-07 6.67086e-06 0)
(-4.90418e-07 6.68931e-06 0)
(-6.82044e-07 6.71654e-06 0)
(-8.71522e-07 6.75236e-06 0)
(-1.05916e-06 6.79672e-06 0)
(-1.24522e-06 6.84963e-06 0)
(-1.42992e-06 6.91117e-06 0)
(-1.61342e-06 6.98151e-06 0)
(-1.79584e-06 7.06089e-06 0)
(-1.97723e-06 7.14962e-06 0)
(-2.1576e-06 7.24809e-06 0)
(-2.33684e-06 7.35673e-06 0)
(-2.5148e-06 7.47607e-06 0)
(-2.69121e-06 7.60671e-06 0)
(-2.86568e-06 7.7493e-06 0)
(-3.03768e-06 7.90456e-06 0)
(-3.20654e-06 8.0733e-06 0)
(-3.37137e-06 8.25636e-06 0)
(-3.53107e-06 8.45463e-06 0)
(-3.68428e-06 8.66904e-06 0)
(-3.8293e-06 8.9005e-06 0)
(-3.96411e-06 9.1499e-06 0)
(-4.08627e-06 9.41802e-06 0)
(-4.19288e-06 9.70547e-06 0)
(-4.28057e-06 1.00126e-05 0)
(-4.34545e-06 1.03393e-05 0)
(-4.38314e-06 1.06849e-05 0)
(-4.38881e-06 1.10481e-05 0)
(-4.35732e-06 1.14263e-05 0)
(-4.28339e-06 1.18159e-05 0)
(-4.1619e-06 1.22117e-05 0)
(-3.98829e-06 1.26069e-05 0)
(-3.75911e-06 1.29927e-05 0)
(-3.47254e-06 1.33587e-05 0)
(-3.12905e-06 1.36928e-05 0)
(-2.73193e-06 1.39821e-05 0)
(-2.2876e-06 1.42136e-05 0)
(-1.16705e-06 9.19498e-06 0)
(5.7333e-08 4.24874e-08 0)
(-9.22069e-08 6.93798e-06 0)
(-2.75114e-07 6.94787e-06 0)
(-4.55137e-07 6.96722e-06 0)
(-6.32522e-07 6.99574e-06 0)
(-8.07476e-07 7.03323e-06 0)
(-9.80168e-07 7.07956e-06 0)
(-1.15073e-06 7.13469e-06 0)
(-1.31923e-06 7.19865e-06 0)
(-1.48571e-06 7.27153e-06 0)
(-1.65015e-06 7.35348e-06 0)
(-1.81245e-06 7.44469e-06 0)
(-1.97247e-06 7.54543e-06 0)
(-2.12998e-06 7.65599e-06 0)
(-2.28465e-06 7.77668e-06 0)
(-2.43607e-06 7.90789e-06 0)
(-2.5837e-06 8.04999e-06 0)
(-2.72689e-06 8.20339e-06 0)
(-2.86482e-06 8.36847e-06 0)
(-2.99654e-06 8.54562e-06 0)
(-3.12089e-06 8.73518e-06 0)
(-3.23652e-06 8.93741e-06 0)
(-3.34187e-06 9.15248e-06 0)
(-3.43515e-06 9.3804e-06 0)
(-3.51432e-06 9.62097e-06 0)
(-3.57716e-06 9.87375e-06 0)
(-3.62118e-06 1.01379e-05 0)
(-3.64378e-06 1.04122e-05 0)
(-3.64223e-06 1.0695e-05 0)
(-3.61379e-06 1.09838e-05 0)
(-3.55588e-06 1.12756e-05 0)
(-3.4662e-06 1.15666e-05 0)
(-3.34294e-06 1.18523e-05 0)
(-3.18503e-06 1.21273e-05 0)
(-2.9924e-06 1.23858e-05 0)
(-2.76614e-06 1.26212e-05 0)
(-2.50877e-06 1.28271e-05 0)
(-2.22432e-06 1.2997e-05 0)
(-1.91841e-06 1.31252e-05 0)
(-9.92079e-07 8.01836e-06 0)
(5.25876e-08 2.82988e-08 0)
(-8.48805e-08 7.19372e-06 0)
(-2.53188e-07 7.20384e-06 0)
(-4.1865e-07 7.22364e-06 0)
(-5.81373e-07 7.25279e-06 0)
(-7.41438e-07 7.29104e-06 0)
(-8.98894e-07 7.33822e-06 0)
(-1.05375e-06 7.39423e-06 0)
(-1.20599e-06 7.45902e-06 0)
(-1.35553e-06 7.5326e-06 0)
(-1.50224e-06 7.61502e-06 0)
(-1.64595e-06 7.70636e-06 0)
(-1.78642e-06 7.80673e-06 0)
(-1.92332e-06 7.91626e-06 0)
(-2.05628e-06 8.03509e-06 0)
(-2.18482e-06 8.16337e-06 0)
(-2.30837e-06 8.30121e-06 0)
(-2.42626e-06 8.44873e-06 0)
(-2.53774e-06 8.60598e-06 0)
(-2.6419e-06 8.77294e-06 0)
(-2.73775e-06 8.94953e-06 0)
(-2.82416e-06 9.13554e-06 0)
(-2.89988e-06 9.33061e-06 0)
(-2.96357e-06 9.53421e-06 0)
(-3.01377e-06 9.7456e-06 0)
(-3.04897e-06 9.96378e-06 0)
(-3.06764e-06 1.01874e-05 0)
(-3.06823e-06 1.0415e-05 0)
(-3.04932e-06 1.06444e-05 0)
(-3.00961e-06 1.08734e-05 0)
(-2.94807e-06 1.10991e-05 0)
(-2.86402e-06 1.13186e-05 0)
(-2.75724e-06 1.15283e-05 0)
(-2.62803e-06 1.17248e-05 0)
(-2.47737e-06 1.19042e-05 0)
(-2.3069e-06 1.20629e-05 0)
(-2.11898e-06 1.21975e-05 0)
(-1.91666e-06 1.2305e-05 0)
(-1.70356e-06 1.23829e-05 0)
(-8.91266e-07 7.15309e-06 0)
(4.60394e-08 2.16319e-08 0)
(-7.7464e-08 7.42818e-06 0)
(-2.31004e-07 7.43832e-06 0)
(-3.81764e-07 7.45816e-06 0)
(-5.29735e-07 7.48734e-06 0)
(-6.74888e-07 7.52556e-06 0)
(-8.17174e-07 7.57261e-06 0)
(-9.56513e-07 7.62833e-06 0)
(-1.0928e-06 7.6926e-06 0)
(-1.22587e-06 7.76534e-06 0)
(-1.35556e-06 7.84651e-06 0)
(-1.48161e-06 7.93608e-06 0)
(-1.60375e-06 8.03402e-06 0)
(-1.72163e-06 8.14033e-06 0)
(-1.83487e-06 8.25497e-06 0)
(-1.94301e-06 8.3779e-06 0)
(-2.04552e-06 8.50905e-06 0)
(-2.14183e-06 8.64827e-06 0)
(-2.23128e-06 8.79539e-06 0)
(-2.31317e-06 8.95012e-06 0)
(-2.38672e-06 9.11208e-06 0)
(-2.45111e-06 9.28079e-06 0)
(-2.50547e-06 9.45561e-06 0)
(-2.54892e-06 9.63572e-06 0)
(-2.58055e-06 9.82015e-06 0)
(-2.59951e-06 1.00077e-05 0)
(-2.60496e-06 1.0197e-05 0)
(-2.59618e-06 1.03865e-05 0)
(-2.57258e-06 1.05742e-05 0)
(-2.53374e-06 1.07582e-05 0)
(-2.4795e-06 1.09363e-05 0)
(-2.40993e-06 1.11062e-05 0)
(-2.32544e-06 1.12653e-05 0)
(-2.22677e-06 1.14114e-05 0)
(-2.11502e-06 1.1542e-05 0)
(-1.99162e-06 1.1655e-05 0)
(-1.85834e-06 1.17486e-05 0)
(-1.71718e-06 1.18213e-05 0)
(-1.57031e-06 1.1872e-05 0)
(-8.28606e-07 6.4825e-06 0)
(3.95999e-08 1.81145e-08 0)
(-7.00984e-08 7.64128e-06 0)
(-2.08981e-07 7.65128e-06 0)
(-3.45182e-07 7.67081e-06 0)
(-4.78592e-07 7.69949e-06 0)
(-6.09095e-07 7.73702e-06 0)
(-7.36562e-07 7.78312e-06 0)
(-8.60847e-07 7.83759e-06 0)
(-9.81779e-07 7.90025e-06 0)
(-1.09916e-06 7.97094e-06 0)
(-1.21278e-06 8.04953e-06 0)
(-1.32236e-06 8.1359e-06 0)
(-1.42763e-06 8.22993e-06 0)
(-1.52825e-06 8.33148e-06 0)
(-1.62387e-06 8.44041e-06 0)
(-1.71409e-06 8.55652e-06 0)
(-1.79848e-06 8.67961e-06 0)
(-1.87659e-06 8.80939e-06 0)
(-1.94792e-06 8.9455e-06 0)
(-2.01198e-06 9.08754e-06 0)
(-2.06825e-06 9.23497e-06 0)
(-2.11619e-06 9.38718e-06 0)
(-2.15531e-06 9.5434e-06 0)
(-2.18512e-06 9.70277e-06 0)
(-2.20519e-06 9.86426e-06 0)
(-2.21513e-06 1.00267e-05 0)
(-2.21465e-06 1.01889e-05 0)
(-2.20357e-06 1.03493e-05 0)
(-2.18184e-06 1.05063e-05 0)
(-2.14956e-06 1.06584e-05 0)
(-2.10697e-06 1.08038e-05 0)
(-2.05453e-06 1.09407e-05 0)
(-1.99285e-06 1.10675e-05 0)
(-1.92273e-06 1.11823e-05 0)
(-1.84515e-06 1.12836e-05 0)
(-1.76123e-06 1.13701e-05 0)
(-1.67221e-06 1.14406e-05 0)
(-1.57945e-06 1.14943e-05 0)
(-1.48436e-06 1.15305e-05 0)
(-7.88001e-07 5.93187e-06 0)
(3.36907e-08 1.6167e-08 0)
(-6.29021e-08 7.83336e-06 0)
(-1.87475e-07 7.84305e-06 0)
(-3.09489e-07 7.86199e-06 0)
(-4.28757e-07 7.88977e-06 0)
(-5.45094e-07 7.92607e-06 0)
(-6.58311e-07 7.97058e-06 0)
(-7.68214e-07 8.02304e-06 0)
(-8.74594e-07 8.08324e-06 0)
(-9.7723e-07 8.15096e-06 0)
(-1.07588e-06 8.226e-06 0)
(-1.17029e-06 8.30817e-06 0)
(-1.26019e-06 8.39728e-06 0)
(-1.34529e-06 8.4931e-06 0)
(-1.42528e-06 8.59542e-06 0)
(-1.49985e-06 8.70395e-06 0)
(-1.56867e-06 8.81841e-06 0)
(-1.63142e-06 8.93843e-06 0)
(-1.68778e-06 9.0636e-06 0)
(-1.73743e-06 9.19345e-06 0)
(-1.78009e-06 9.32741e-06 0)
(-1.8155e-06 9.46485e-06 0)
(-1.84345e-06 9.60502e-06 0)
(-1.86378e-06 9.74711e-06 0)
(-1.87642e-06 9.89019e-06 0)
(-1.88134e-06 1.00332e-05 0)
(-1.87864e-06 1.01751e-05 0)
(-1.8685e-06 1.03146e-05 0)
(-1.85123e-06 1.04505e-05 0)
(-1.82723e-06 1.05815e-05 0)
(-1.79701e-06 1.07061e-05 0)
(-1.76122e-06 1.0823e-05 0)
(-1.72054e-06 1.09308e-05 0)
(-1.67575e-06 1.10283e-05 0)
(-1.62766e-06 1.11141e-05 0)
(-1.57708e-06 1.11872e-05 0)
(-1.52478e-06 1.12466e-05 0)
(-1.47143e-06 1.12917e-05 0)
(-1.4176e-06 1.13217e-05 0)
(-7.552e-07 5.4473e-06 0)
(2.83345e-08 1.50565e-08 0)
(-5.59701e-08 8.00503e-06 0)
(-1.66767e-07 8.01431e-06 0)
(-2.7515e-07 8.03243e-06 0)
(-3.8087e-07 8.05899e-06 0)
(-4.83692e-07 8.09364e-06 0)
(-5.83385e-07 8.13605e-06 0)
(-6.7972e-07 8.18596e-06 0)
(-7.72465e-07 8.24308e-06 0)
(-8.61387e-07 8.30717e-06 0)
(-9.46244e-07 8.37798e-06 0)
(-1.02679e-06 8.45529e-06 0)
(-1.10279e-06 8.53884e-06 0)
(-1.17398e-06 8.62837e-06 0)
(-1.24012e-06 8.72362e-06 0)
(-1.30097e-06 8.82427e-06 0)
(-1.35631e-06 8.93001e-06 0)
(-1.40592e-06 9.04047e-06 0)
(-1.44963e-06 9.15522e-06 0)
(-1.48729e-06 9.27382e-06 0)
(-1.5188e-06 9.39574e-06 0)
(-1.5441e-06 9.52041e-06 0)
(-1.56322e-06 9.6472e-06 0)
(-1.57624e-06 9.7754e-06 0)
(-1.58334e-06 9.90427e-06 0)
(-1.58478e-06 1.0033e-05 0)
(-1.58092e-06 1.01606e-05 0)
(-1.57222e-06 1.02862e-05 0)
(-1.55924e-06 1.04089e-05 0)
(-1.54263e-06 1.05275e-05 0)
(-1.52314e-06 1.06409e-05 0)
(-1.50156e-06 1.07481e-05 0)
(-1.47874e-06 1.0848e-05 0)
(-1.45556e-06 1.09393e-05 0)
(-1.43284e-06 1.10209e-05 0)
(-1.41133e-06 1.10916e-05 0)
(-1.39162e-06 1.11502e-05 0)
(-1.37401e-06 1.11955e-05 0)
(-1.35832e-06 1.1226e-05 0)
(-7.26031e-07 5.01024e-06 0)
(2.34749e-08 1.43165e-08 0)
(-4.93751e-08 8.15716e-06 0)
(-1.47074e-07 8.16595e-06 0)
(-2.42518e-07 8.18309e-06 0)
(-3.35415e-07 8.20818e-06 0)
(-4.25494e-07 8.24088e-06 0)
(-5.12493e-07 8.28084e-06 0)
(-5.96162e-07 8.32778e-06 0)
(-6.76256e-07 8.38139e-06 0)
(-7.52536e-07 8.4414e-06 0)
(-8.24767e-07 8.50755e-06 0)
(-8.92719e-07 8.57957e-06 0)
(-9.5617e-07 8.65719e-06 0)
(-1.01491e-06 8.74014e-06 0)
(-1.06874e-06 8.82813e-06 0)
(-1.11748e-06 8.92087e-06 0)
(-1.16099e-06 9.01804e-06 0)
(-1.19913e-06 9.11929e-06 0)
(-1.23184e-06 9.22427e-06 0)
(-1.25907e-06 9.33258e-06 0)
(-1.28086e-06 9.4438e-06 0)
(-1.2973e-06 9.55749e-06 0)
(-1.30856e-06 9.67316e-06 0)
(-1.31489e-06 9.79029e-06 0)
(-1.31663e-06 9.90834e-06 0)
(-1.31425e-06 1.00267e-05 0)
(-1.3083e-06 1.01448e-05 0)
(-1.29942e-06 1.0262e-05 0)
(-1.28841e-06 1.03775e-05 0)
(-1.27612e-06 1.04907e-05 0)
(-1.26354e-06 1.06007e-05 0)
(-1.25171e-06 1.07068e-05 0)
(-1.24178e-06 1.0808e-05 0)
(-1.23494e-06 1.09034e-05 0)
(-1.23245e-06 1.0992e-05 0)
(-1.23558e-06 1.10725e-05 0)
(-1.24567e-06 1.11438e-05 0)
(-1.26408e-06 1.12042e-05 0)
(-1.29209e-06 1.12517e-05 0)
(-6.9624e-07 4.63362e-06 0)
(1.9048e-08 1.35847e-08 0)
(-4.31696e-08 8.29081e-06 0)
(-1.2855e-07 8.29904e-06 0)
(-2.11846e-07 8.31508e-06 0)
(-2.92736e-07 8.33854e-06 0)
(-3.70922e-07 8.36908e-06 0)
(-4.46126e-07 8.40636e-06 0)
(-5.18083e-07 8.45006e-06 0)
(-5.86541e-07 8.49987e-06 0)
(-6.51259e-07 8.55553e-06 0)
(-7.12009e-07 8.61674e-06 0)
(-7.68571e-07 8.68322e-06 0)
(-8.20744e-07 8.75471e-06 0)
(-8.6834e-07 8.83094e-06 0)
(-9.11194e-07 8.91163e-06 0)
(-9.49166e-07 8.99649e-06 0)
(-9.82147e-07 9.08526e-06 0)
(-1.01007e-06 9.17765e-06 0)
(-1.0329e-06 9.27336e-06 0)
(-1.05067e-06 9.37211e-06 0)
(-1.06347e-06 9.47359e-06 0)
(-1.07146e-06 9.57751e-06 0)
(-1.07488e-06 9.68357e-06 0)
(-1.07407e-06 9.79147e-06 0)
(-1.06945e-06 9.90091e-06 0)
(-1.06157e-06 1.00116e-05 0)
(-1.05109e-06 1.01232e-05 0)
(-1.03879e-06 1.02355e-05 0)
(-1.02558e-06 1.0348e-05 0)
(-1.01249e-06 1.04605e-05 0)
(-1.0007e-06 1.05726e-05 0)
(-9.91497e-07 1.06837e-05 0)
(-9.86273e-07 1.07935e-05 0)
(-9.86552e-07 1.09014e-05 0)
(-9.93972e-07 1.10068e-05 0)
(-1.01033e-06 1.1109e-05 0)
(-1.03764e-06 1.12073e-05 0)
(-1.07831e-06 1.13013e-05 0)
(-1.13527e-06 1.13902e-05 0)
(-6.18514e-07 4.32744e-06 0)
(1.48486e-08 1.25646e-08 0)
(-3.73886e-08 8.40715e-06 0)
(-1.113e-07 8.41478e-06 0)
(-1.83302e-07 8.42965e-06 0)
(-2.53057e-07 8.45139e-06 0)
(-3.20252e-07 8.47964e-06 0)
(-3.84598e-07 8.51408e-06 0)
(-4.45822e-07 8.55438e-06 0)
(-5.0367e-07 8.60025e-06 0)
(-5.57901e-07 8.65138e-06 0)
(-6.08289e-07 8.7075e-06 0)
(-6.54622e-07 8.76833e-06 0)
(-6.96705e-07 8.83359e-06 0)
(-7.34363e-07 8.90304e-06 0)
(-7.67442e-07 8.9764e-06 0)
(-7.95814e-07 9.05344e-06 0)
(-8.19382e-07 9.13391e-06 0)
(-8.38082e-07 9.2176e-06 0)
(-8.51894e-07 9.30428e-06 0)
(-8.60847e-07 9.39378e-06 0)
(-8.65026e-07 9.4859e-06 0)
(-8.6458e-07 9.58052e-06 0)
(-8.59734e-07 9.67752e-06 0)
(-8.50798e-07 9.77681e-06 0)
(-8.38182e-07 9.87837e-06 0)
(-8.22404e-07 9.9822e-06 0)
(-8.04111e-07 1.00883e-05 0)
(-7.84086e-07 1.01969e-05 0)
(-7.63266e-07 1.03079e-05 0)
(-7.42748e-07 1.04215e-05 0)
(-7.23797e-07 1.05379e-05 0)
(-7.0783e-07 1.0657e-05 0)
(-6.96401e-07 1.0779e-05 0)
(-6.91147e-07 1.09035e-05 0)
(-6.93716e-07 1.10305e-05 0)
(-7.05671e-07 1.11596e-05 0)
(-7.28375e-07 1.12903e-05 0)
(-7.62902e-07 1.14227e-05 0)
(-8.09936e-07 1.15569e-05 0)
(-4.47201e-07 4.09424e-06 0)
(1.06596e-08 1.10928e-08 0)
(-3.20516e-08 8.50744e-06 0)
(-9.53803e-08 8.51445e-06 0)
(-1.56979e-07 8.52812e-06 0)
(-2.16501e-07 8.54808e-06 0)
(-2.73631e-07 8.57399e-06 0)
(-3.28073e-07 8.60553e-06 0)
(-3.79555e-07 8.64238e-06 0)
(-4.2782e-07 8.68423e-06 0)
(-4.72628e-07 8.73078e-06 0)
(-5.13754e-07 8.78176e-06 0)
(-5.50988e-07 8.83689e-06 0)
(-5.84134e-07 8.8959e-06 0)
(-6.13017e-07 8.95855e-06 0)
(-6.37475e-07 9.02458e-06 0)
(-6.5737e-07 9.09379e-06 0)
(-6.72588e-07 9.16596e-06 0)
(-6.83041e-07 9.24092e-06 0)
(-6.88668e-07 9.31852e-06 0)
(-6.89449e-07 9.39864e-06 0)
(-6.85398e-07 9.48121e-06 0)
(-6.76579e-07 9.56621e-06 0)
(-6.63108e-07 9.65367e-06 0)
(-6.45168e-07 9.74371e-06 0)
(-6.23016e-07 9.83651e-06 0)
(-5.97006e-07 9.93236e-06 0)
(-5.67605e-07 1.00317e-05 0)
(-5.35423e-07 1.01349e-05 0)
(-5.01247e-07 1.02426e-05 0)
(-4.66076e-07 1.03557e-05 0)
(-4.31165e-07 1.04747e-05 0)
(-3.98055e-07 1.06006e-05 0)
(-3.68594e-07 1.0734e-05 0)
(-3.44896e-07 1.08755e-05 0)
(-3.2922e-07 1.10251e-05 0)
(-3.23693e-07 1.11821e-05 0)
(-3.2978e-07 1.13448e-05 0)
(-3.47439e-07 1.15101e-05 0)
(-3.73824e-07 1.16729e-05 0)
(-2.20129e-07 3.9782e-06 0)
(6.62057e-09 9.64203e-09 0)
(-2.71646e-08 8.59295e-06 0)
(-8.08082e-08 8.59936e-06 0)
(-1.32901e-07 8.61182e-06 0)
(-1.83101e-07 8.63001e-06 0)
(-2.31093e-07 8.65359e-06 0)
(-2.76586e-07 8.68224e-06 0)
(-3.1931e-07 8.71565e-06 0)
(-3.59011e-07 8.75351e-06 0)
(-3.95452e-07 8.79552e-06 0)
(-4.28406e-07 8.84141e-06 0)
(-4.57663e-07 8.89088e-06 0)
(-4.83023e-07 8.94369e-06 0)
(-5.04299e-07 8.99957e-06 0)
(-5.21315e-07 9.05829e-06 0)
(-5.3391e-07 9.11965e-06 0)
(-5.41934e-07 9.18345e-06 0)
(-5.45249e-07 9.24954e-06 0)
(-5.43733e-07 9.31778e-06 0)
(-5.37275e-07 9.3881e-06 0)
(-5.2578e-07 9.46047e-06 0)
(-5.09168e-07 9.53492e-06 0)
(-4.87374e-07 9.61155e-06 0)
(-4.60354e-07 9.69058e-06 0)
(-4.28089e-07 9.77232e-06 0)
(-3.90597e-07 9.85721e-06 0)
(-3.4795e-07 9.94589e-06 0)
(-3.00305e-07 1.00392e-05 0)
(-2.4795e-07 1.01381e-05 0)
(-1.91386e-07 1.02441e-05 0)
(-1.31439e-07 1.03589e-05 0)
(-6.94334e-08 1.04844e-05 0)
(-7.43712e-09 1.06231e-05 0)
(5.1416e-08 1.07778e-05 0)
(1.02539e-07 1.09511e-05 0)
(1.39528e-07 1.11451e-05 0)
(1.54038e-07 1.13599e-05 0)
(1.36463e-07 1.15913e-05 0)
(7.85097e-08 1.18254e-05 0)
(-4.7552e-09 4.14863e-06 0)
(3.29685e-09 1.39176e-08 0)
(-2.27208e-08 8.665e-06 0)
(-6.75637e-08 8.6708e-06 0)
(-1.11036e-07 8.6821e-06 0)
(-1.52807e-07 8.69856e-06 0)
(-1.92573e-07 8.71988e-06 0)
(-2.30053e-07 8.74572e-06 0)
(-2.64986e-07 8.77579e-06 0)
(-2.97124e-07 8.80978e-06 0)
(-3.26235e-07 8.84738e-06 0)
(-3.52098e-07 8.8883e-06 0)
(-3.74499e-07 8.93226e-06 0)
(-3.93236e-07 8.979e-06 0)
(-4.08111e-07 9.02824e-06 0)
(-4.18933e-07 9.07976e-06 0)
(-4.25513e-07 9.13332e-06 0)
(-4.27666e-07 9.18873e-06 0)
(-4.25204e-07 9.24581e-06 0)
(-4.17936e-07 9.30442e-06 0)
(-4.05661e-07 9.36445e-06 0)
(-3.88167e-07 9.42586e-06 0)
(-3.65218e-07 9.48863e-06 0)
(-3.36551e-07 9.55283e-06 0)
(-3.0186e-07 9.6186e-06 0)
(-2.60789e-07 9.6862e-06 0)
(-2.12912e-07 9.756e-06 0)
(-1.57717e-07 9.82857e-06 0)
(-9.45942e-08 9.90467e-06 0)
(-2.28237e-08 9.9854e-06 0)
(5.84153e-08 1.00723e-05 0)
(1.49995e-07 1.01674e-05 0)
(2.52703e-07 1.02738e-05 0)
(3.66925e-07 1.03959e-05 0)
(4.91978e-07 1.054e-05 0)
(6.24768e-07 1.07156e-05 0)
(7.57161e-07 1.09371e-05 0)
(8.70966e-07 1.12264e-05 0)
(9.28513e-07 1.16177e-05 0)
(8.55204e-07 1.21644e-05 0)
(3.78155e-07 5.26995e-06 0)
(2.90447e-09 1.72753e-08 0)
(-1.87021e-08 8.72482e-06 0)
(-5.55921e-08 8.73006e-06 0)
(-9.12917e-08 8.74025e-06 0)
(-1.25491e-07 8.75509e-06 0)
(-1.57906e-07 8.77426e-06 0)
(-1.88272e-07 8.79745e-06 0)
(-2.16343e-07 8.82436e-06 0)
(-2.41886e-07 8.85467e-06 0)
(-2.64677e-07 8.88808e-06 0)
(-2.84505e-07 8.92429e-06 0)
(-3.01162e-07 8.963e-06 0)
(-3.14445e-07 9.00393e-06 0)
(-3.24154e-07 9.0468e-06 0)
(-3.3009e-07 9.09135e-06 0)
(-3.3205e-07 9.13733e-06 0)
(-3.29823e-07 9.1845e-06 0)
(-3.23192e-07 9.23265e-06 0)
(-3.1192e-07 9.28159e-06 0)
(-2.9575e-07 9.33113e-06 0)
(-2.74393e-07 9.38113e-06 0)
(-2.47515e-07 9.43148e-06 0)
(-2.14725e-07 9.48209e-06 0)
(-1.7555e-07 9.53289e-06 0)
(-1.29407e-07 9.58389e-06 0)
(-7.55613e-08 9.6351e-06 0)
(-1.30683e-08 9.6866e-06 0)
(5.93176e-08 9.73853e-06 0)
(1.43277e-07 9.79111e-06 0)
(2.41137e-07 9.84461e-06 0)
(3.56215e-07 9.89945e-06 0)
(4.93379e-07 9.95619e-06 0)
(6.59999e-07 1.00156e-05 0)
(8.67564e-07 1.00788e-05 0)
(1.13448e-06 1.01474e-05 0)
(1.49092e-06 1.02237e-05 0)
(1.98737e-06 1.0311e-05 0)
(2.70948e-06 1.04146e-05 0)
(3.80413e-06 1.05422e-05 0)
(4.20279e-06 6.95475e-06 0)
(2.7539e-06 3.43522e-06 0)
(-1.50792e-08 8.7736e-06 0)
(-4.48057e-08 8.77833e-06 0)
(-7.35225e-08 8.78751e-06 0)
(-1.0095e-07 8.80086e-06 0)
(-1.26829e-07 8.81806e-06 0)
(-1.50923e-07 8.83882e-06 0)
(-1.73005e-07 8.86283e-06 0)
(-1.92863e-07 8.88977e-06 0)
(-2.10293e-07 8.91932e-06 0)
(-2.25096e-07 8.95118e-06 0)
(-2.37079e-07 8.98504e-06 0)
(-2.46051e-07 9.02058e-06 0)
(-2.5182e-07 9.05752e-06 0)
(-2.54191e-07 9.09556e-06 0)
(-2.52964e-07 9.13441e-06 0)
(-2.47931e-07 9.17379e-06 0)
(-2.38871e-07 9.21344e-06 0)
(-2.25545e-07 9.25309e-06 0)
(-2.07691e-07 9.29248e-06 0)
(-1.85017e-07 9.33135e-06 0)
(-1.57193e-07 9.36944e-06 0)
(-1.23836e-07 9.40649e-06 0)
(-8.44987e-08 9.44221e-06 0)
(-3.86518e-08 9.47626e-06 0)
(1.434e-08 9.50828e-06 0)
(7.52445e-08 9.53779e-06 0)
(1.44995e-07 9.56417e-06 0)
(2.24724e-07 9.58661e-06 0)
(3.15801e-07 9.60396e-06 0)
(4.19847e-07 9.61457e-06 0)
(5.38705e-07 9.61601e-06 0)
(6.74298e-07 9.6047e-06 0)
(8.28239e-07 9.57513e-06 0)
(1.00094e-06 9.51885e-06 0)
(1.1897e-06 9.42266e-06 0)
(1.38489e-06 9.26576e-06 0)
(1.56242e-06 9.015e-06 0)
(1.66943e-06 8.6173e-06 0)
(1.59749e-06 7.98711e-06 0)
(1.29327e-06 7.44791e-06 0)
(-1.18121e-08 8.81244e-06 0)
(-3.50853e-08 8.81671e-06 0)
(-5.75301e-08 8.825e-06 0)
(-7.89047e-08 8.83703e-06 0)
(-9.89862e-08 8.85251e-06 0)
(-1.17567e-07 8.87112e-06 0)
(-1.34453e-07 8.89256e-06 0)
(-1.49457e-07 8.91652e-06 0)
(-1.624e-07 8.94266e-06 0)
(-1.73109e-07 8.97066e-06 0)
(-1.81412e-07 9.0002e-06 0)
(-1.87139e-07 9.03096e-06 0)
(-1.90119e-07 9.0626e-06 0)
(-1.90178e-07 9.09481e-06 0)
(-1.87137e-07 9.12727e-06 0)
(-1.80812e-07 9.15965e-06 0)
(-1.71008e-07 9.19164e-06 0)
(-1.57521e-07 9.2229e-06 0)
(-1.40132e-07 9.25312e-06 0)
(-1.18607e-07 9.28194e-06 0)
(-9.2695e-08 9.30901e-06 0)
(-6.21255e-08 9.33392e-06 0)
(-2.66089e-08 9.35625e-06 0)
(1.41623e-08 9.3755e-06 0)
(6.0507e-08 9.39108e-06 0)
(1.12744e-07 9.40229e-06 0)
(1.71169e-07 9.40827e-06 0)
(2.36017e-07 9.40794e-06 0)
(3.07391e-07 9.39995e-06 0)
(3.85165e-07 9.38259e-06 0)
(4.68808e-07 9.35371e-06 0)
(5.57147e-07 9.31064e-06 0)
(6.48006e-07 9.25011e-06 0)
(7.37735e-07 9.16838e-06 0)
(8.20644e-07 9.06146e-06 0)
(8.88464e-07 8.92591e-06 0)
(9.30194e-07 8.76053e-06 0)
(9.33155e-07 8.56981e-06 0)
(8.87009e-07 8.37052e-06 0)
(7.94304e-07 8.20406e-06 0)
(-8.85141e-09 8.84228e-06 0)
(-2.62825e-08 8.84617e-06 0)
(-4.30677e-08 8.85372e-06 0)
(-5.90104e-08 8.86465e-06 0)
(-7.39297e-08 8.87867e-06 0)
(-8.76567e-08 8.89548e-06 0)
(-1.00032e-07 8.91478e-06 0)
(-1.10904e-07 8.93622e-06 0)
(-1.20125e-07 8.9595e-06 0)
(-1.27553e-07 8.98426e-06 0)
(-1.33047e-07 9.01016e-06 0)
(-1.36467e-07 9.03688e-06 0)
(-1.37673e-07 9.06405e-06 0)
(-1.36523e-07 9.09134e-06 0)
(-1.32874e-07 9.1184e-06 0)
(-1.26578e-07 9.14488e-06 0)
(-1.17487e-07 9.17041e-06 0)
(-1.05449e-07 9.19464e-06 0)
(-9.03093e-08 9.2172e-06 0)
(-7.19164e-08 9.2377e-06 0)
(-5.01211e-08 9.25574e-06 0)
(-2.47844e-08 9.27088e-06 0)
(4.21506e-09 9.28267e-06 0)
(3.69687e-08 9.2906e-06 0)
(7.35211e-08 9.2941e-06 0)
(1.13847e-07 9.29255e-06 0)
(1.57817e-07 9.28524e-06 0)
(2.05159e-07 9.27137e-06 0)
(2.554e-07 9.25007e-06 0)
(3.07802e-07 9.22039e-06 0)
(3.61281e-07 9.18131e-06 0)
(4.1433e-07 9.13188e-06 0)
(4.64943e-07 9.07126e-06 0)
(5.10585e-07 8.99899e-06 0)
(5.48247e-07 8.91525e-06 0)
(5.74647e-07 8.82128e-06 0)
(5.86666e-07 8.71986e-06 0)
(5.82074e-07 8.61576e-06 0)
(5.60523e-07 8.51583e-06 0)
(5.24468e-07 8.42804e-06 0)
(-6.13872e-09 8.86393e-06 0)
(-1.82228e-08 8.86753e-06 0)
(-2.98445e-08 8.87449e-06 0)
(-4.08589e-08 8.88456e-06 0)
(-5.11323e-08 8.89746e-06 0)
(-6.05399e-08 8.91287e-06 0)
(-6.89639e-08 8.93049e-06 0)
(-7.62916e-08 8.94999e-06 0)
(-8.24144e-08 8.97103e-06 0)
(-8.72264e-08 8.99326e-06 0)
(-9.06233e-08 9.01634e-06 0)
(-9.25017e-08 9.0399e-06 0)
(-9.27589e-08 9.06359e-06 0)
(-9.12919e-08 9.08705e-06 0)
(-8.7998e-08 9.10991e-06 0)
(-8.27748e-08 9.1318e-06 0)
(-7.55217e-08 9.15235e-06 0)
(-6.61412e-08 9.17118e-06 0)
(-5.45416e-08 9.18791e-06 0)
(-4.06411e-08 9.20215e-06 0)
(-2.43728e-08 9.2135e-06 0)
(-5.69217e-09 9.22155e-06 0)
(1.54137e-08 9.2259e-06 0)
(3.89142e-08 9.22612e-06 0)
(6.472e-08 9.22177e-06 0)
(9.2666e-08 9.21242e-06 0)
(1.2249e-07 9.19763e-06 0)
(1.53812e-07 9.17698e-06 0)
(1.86109e-07 9.15009e-06 0)
(2.18699e-07 9.11665e-06 0)
(2.50724e-07 9.07645e-06 0)
(2.81156e-07 9.02946e-06 0)
(3.08818e-07 8.97588e-06 0)
(3.3244e-07 8.91625e-06 0)
(3.50759e-07 8.85153e-06 0)
(3.62655e-07 8.78312e-06 0)
(3.67341e-07 8.71296e-06 0)
(3.64549e-07 8.64336e-06 0)
(3.54688e-07 8.57686e-06 0)
(3.38875e-07 8.51573e-06 0)
(-3.60864e-09 8.87801e-06 0)
(-1.07101e-08 8.8814e-06 0)
(-1.75338e-08 8.88797e-06 0)
(-2.39908e-08 8.89746e-06 0)
(-2.99992e-08 8.90958e-06 0)
(-3.54822e-08 8.92404e-06 0)
(-4.03677e-08 8.94051e-06 0)
(-4.45864e-08 8.95868e-06 0)
(-4.80716e-08 8.97818e-06 0)
(-5.07583e-08 8.99868e-06 0)
(-5.25826e-08 9.01982e-06 0)
(-5.34815e-08 9.04123e-06 0)
(-5.33926e-08 9.06254e-06 0)
(-5.22541e-08 9.08338e-06 0)
(-5.00052e-08 9.10338e-06 0)
(-4.65868e-08 9.12216e-06 0)
(-4.19425e-08 9.13934e-06 0)
(-3.60203e-08 9.15453e-06 0)
(-2.87753e-08 9.16738e-06 0)
(-2.01723e-08 9.17749e-06 0)
(-1.01907e-08 9.1845e-06 0)
(1.17083e-09 9.18805e-06 0)
(1.38874e-08 9.18779e-06 0)
(2.79009e-08 9.18338e-06 0)
(4.31109e-08 9.17453e-06 0)
(5.93663e-08 9.16096e-06 0)
(7.64561e-08 9.14246e-06 0)
(9.41021e-08 9.11887e-06 0)
(1.11954e-07 9.09012e-06 0)
(1.29589e-07 9.05626e-06 0)
(1.46518e-07 9.01744e-06 0)
(1.62204e-07 8.97398e-06 0)
(1.76086e-07 8.9264e-06 0)
(1.87618e-07 8.87536e-06 0)
(1.96321e-07 8.82174e-06 0)
(2.01836e-07 8.7666e-06 0)
(2.03979e-07 8.71108e-06 0)
(2.02783e-07 8.65639e-06 0)
(1.98512e-07 8.60369e-06 0)
(1.91636e-07 8.55395e-06 0)
(-1.19033e-09 8.88494e-06 0)
(-3.53246e-09 8.88823e-06 0)
(-5.7819e-09 8.8946e-06 0)
(-7.90872e-09 8.90379e-06 0)
(-9.8853e-09 8.91552e-06 0)
(-1.16858e-08 8.92949e-06 0)
(-1.32859e-08 8.94538e-06 0)
(-1.46622e-08 8.96287e-06 0)
(-1.57922e-08 8.9816e-06 0)
(-1.66541e-08 9.00122e-06 0)
(-1.72263e-08 9.02137e-06 0)
(-1.74877e-08 9.04169e-06 0)
(-1.74175e-08 9.06179e-06 0)
(-1.6995e-08 9.08131e-06 0)
(-1.62003e-08 9.09986e-06 0)
(-1.50143e-08 9.11706e-06 0)
(-1.34188e-08 9.13255e-06 0)
(-1.1398e-08 9.14593e-06 0)
(-8.93875e-09 9.15684e-06 0)
(-6.03201e-09 9.16492e-06 0)
(-2.67439e-09 9.16981e-06 0)
(1.12998e-09 9.17119e-06 0)
(5.3673e-09 9.16875e-06 0)
(1.00116e-08 9.16221e-06 0)
(1.50221e-08 9.15135e-06 0)
(2.03408e-08 9.13598e-06 0)
(2.58903e-08 9.11599e-06 0)
(3.15719e-08 9.09137e-06 0)
(3.72662e-08 9.06218e-06 0)
(4.28344e-08 9.02859e-06 0)
(4.81219e-08 8.99091e-06 0)
(5.29656e-08 8.94955e-06 0)
(5.72034e-08 8.90506e-06 0)
(6.06859e-08 8.8581e-06 0)
(6.32906e-08 8.80943e-06 0)
(6.4935e-08 8.75987e-06 0)
(6.55878e-08 8.71026e-06 0)
(6.52751e-08 8.66142e-06 0)
(6.40796e-08 8.61409e-06 0)
(6.21317e-08 8.56886e-06 0)
(1.02215e-06 -3.04296e-07 0)
(1.23265e-06 -2.9833e-07 0)
(1.4417e-06 -2.89643e-07 0)
(1.64722e-06 -2.7827e-07 0)
(1.8471e-06 -2.64327e-07 0)
(2.03921e-06 -2.48009e-07 0)
(2.22148e-06 -2.29578e-07 0)
(2.392e-06 -2.09354e-07 0)
(2.549e-06 -1.87702e-07 0)
(2.69096e-06 -1.65007e-07 0)
(2.81658e-06 -1.41666e-07 0)
(2.92487e-06 -1.18064e-07 0)
(3.0151e-06 -9.45611e-08 0)
(3.0868e-06 -7.14843e-08 0)
(3.1398e-06 -4.9116e-08 0)
(3.17412e-06 -2.76906e-08 0)
(3.19004e-06 -7.39294e-09 0)
(3.18799e-06 1.1641e-08 0)
(3.16856e-06 2.93209e-08 0)
(3.13245e-06 4.55977e-08 0)
(3.08046e-06 6.04583e-08 0)
(3.01342e-06 7.39194e-08 0)
(2.93222e-06 8.60222e-08 0)
(2.83774e-06 9.68262e-08 0)
(2.73085e-06 1.06405e-07 0)
(2.61241e-06 1.1484e-07 0)
(2.48324e-06 1.2222e-07 0)
(2.3441e-06 1.28634e-07 0)
(2.19573e-06 1.34171e-07 0)
(2.0388e-06 1.38918e-07 0)
(1.87391e-06 1.42957e-07 0)
(1.70164e-06 1.46366e-07 0)
(1.52249e-06 1.49217e-07 0)
(1.33691e-06 1.51572e-07 0)
(1.14533e-06 1.53489e-07 0)
(9.48113e-07 1.55017e-07 0)
(7.45598e-07 1.56197e-07 0)
(5.381e-07 1.57061e-07 0)
(3.25918e-07 1.57629e-07 0)
(1.09346e-07 1.57914e-07 0)
(1.0488e-06 -9.34582e-07 0)
(1.27415e-06 -9.1586e-07 0)
(1.49755e-06 -8.88411e-07 0)
(1.71648e-06 -8.52391e-07 0)
(1.92845e-06 -8.08233e-07 0)
(2.13099e-06 -7.56629e-07 0)
(2.3218e-06 -6.985e-07 0)
(2.49877e-06 -6.34941e-07 0)
(2.66009e-06 -5.67171e-07 0)
(2.80425e-06 -4.96464e-07 0)
(2.93009e-06 -4.24091e-07 0)
(3.03677e-06 -3.51268e-07 0)
(3.1238e-06 -2.79112e-07 0)
(3.191e-06 -2.08609e-07 0)
(3.23844e-06 -1.40594e-07 0)
(3.26645e-06 -7.5739e-08 0)
(3.27555e-06 -1.45601e-08 0)
(3.26641e-06 4.25811e-08 0)
(3.23981e-06 9.54613e-08 0)
(3.19664e-06 1.4398e-07 0)
(3.13782e-06 1.88139e-07 0)
(3.06429e-06 2.28027e-07 0)
(2.97699e-06 2.63798e-07 0)
(2.87688e-06 2.95657e-07 0)
(2.76483e-06 3.23845e-07 0)
(2.64172e-06 3.48621e-07 0)
(2.50835e-06 3.70261e-07 0)
(2.36548e-06 3.89039e-07 0)
(2.21381e-06 4.05228e-07 0)
(2.05397e-06 4.19089e-07 0)
(1.88655e-06 4.3087e-07 0)
(1.71207e-06 4.40801e-07 0)
(1.53101e-06 4.49095e-07 0)
(1.34378e-06 4.55942e-07 0)
(1.15078e-06 4.6151e-07 0)
(9.52318e-07 4.65945e-07 0)
(7.48715e-07 4.69367e-07 0)
(5.40247e-07 4.71869e-07 0)
(3.27176e-07 4.73516e-07 0)
(1.09761e-07 4.74341e-07 0)
(1.10519e-06 -1.63463e-06 0)
(1.36343e-06 -1.60036e-06 0)
(1.6184e-06 -1.54939e-06 0)
(1.86658e-06 -1.48219e-06 0)
(2.10453e-06 -1.39986e-06 0)
(2.32905e-06 -1.30402e-06 0)
(2.53728e-06 -1.19672e-06 0)
(2.72685e-06 -1.08033e-06 0)
(2.89589e-06 -9.57355e-07 0)
(3.04309e-06 -8.30308e-07 0)
(3.16766e-06 -7.016e-07 0)
(3.26927e-06 -5.73439e-07 0)
(3.34804e-06 -4.47761e-07 0)
(3.4044e-06 -3.26195e-07 0)
(3.43909e-06 -2.10049e-07 0)
(3.45303e-06 -1.00314e-07 0)
(3.44728e-06 2.31333e-09 0)
(3.42298e-06 9.74036e-08 0)
(3.38133e-06 1.84757e-07 0)
(3.3235e-06 2.64367e-07 0)
(3.25067e-06 3.36382e-07 0)
(3.16396e-06 4.01073e-07 0)
(3.06441e-06 4.58798e-07 0)
(2.95304e-06 5.0998e-07 0)
(2.83076e-06 5.5508e-07 0)
(2.69843e-06 5.94579e-07 0)
(2.55683e-06 6.28964e-07 0)
(2.40665e-06 6.58712e-07 0)
(2.24854e-06 6.84287e-07 0)
(2.08306e-06 7.06129e-07 0)
(1.91074e-06 7.24648e-07 0)
(1.73201e-06 7.40224e-07 0)
(1.54727e-06 7.53204e-07 0)
(1.35688e-06 7.63897e-07 0)
(1.16114e-06 7.72577e-07 0)
(9.6031e-07 7.79477e-07 0)
(7.54634e-07 7.84793e-07 0)
(5.4432e-07 7.88674e-07 0)
(3.29563e-07 7.91226e-07 0)
(1.10548e-07 7.92504e-07 0)
(1.19849e-06 -2.469e-06 0)
(1.5156e-06 -2.41321e-06 0)
(1.82652e-06 -2.32825e-06 0)
(2.12557e-06 -2.21555e-06 0)
(2.40744e-06 -2.07782e-06 0)
(2.66756e-06 -1.91878e-06 0)
(2.90231e-06 -1.74285e-06 0)
(3.10912e-06 -1.55474e-06 0)
(3.28644e-06 -1.35914e-06 0)
(3.43372e-06 -1.16044e-06 0)
(3.55121e-06 -9.6257e-07 0)
(3.6398e-06 -7.68871e-07 0)
(3.70085e-06 -5.82051e-07 0)
(3.73606e-06 -4.04195e-07 0)
(3.74727e-06 -2.36805e-07 0)
(3.73642e-06 -8.0864e-08 0)
(3.70542e-06 6.30908e-08 0)
(3.6561e-06 1.94888e-07 0)
(3.59017e-06 3.1465e-07 0)
(3.50922e-06 4.22722e-07 0)
(3.41468e-06 5.19618e-07 0)
(3.30785e-06 6.05965e-07 0)
(3.18987e-06 6.82464e-07 0)
(3.06176e-06 7.49856e-07 0)
(2.92443e-06 8.08897e-07 0)
(2.77865e-06 8.60336e-07 0)
(2.62512e-06 9.04901e-07 0)
(2.46444e-06 9.4329e-07 0)
(2.29713e-06 9.76159e-07 0)
(2.12364e-06 1.00412e-06 0)
(1.94437e-06 1.02775e-06 0)
(1.75965e-06 1.04755e-06 0)
(1.56976e-06 1.06399e-06 0)
(1.37494e-06 1.07749e-06 0)
(1.17539e-06 1.08842e-06 0)
(9.71281e-07 1.09708e-06 0)
(7.62743e-07 1.10374e-06 0)
(5.49892e-07 1.10858e-06 0)
(3.32824e-07 1.11176e-06 0)
(1.11623e-07 1.11336e-06 0)
(1.34247e-06 -3.54065e-06 0)
(1.76207e-06 -3.45079e-06 0)
(2.16868e-06 -3.30905e-06 0)
(2.55176e-06 -3.11994e-06 0)
(2.90237e-06 -2.89083e-06 0)
(3.21387e-06 -2.63074e-06 0)
(3.48211e-06 -2.34928e-06 0)
(3.70532e-06 -2.05571e-06 0)
(3.88376e-06 -1.75835e-06 0)
(4.01921e-06 -1.46419e-06 0)
(4.11457e-06 -1.17882e-06 0)
(4.17331e-06 -9.06408e-07 0)
(4.19922e-06 -6.49881e-07 0)
(4.19608e-06 -4.1107e-07 0)
(4.16749e-06 -1.90924e-07 0)
(4.11676e-06 1.03024e-08 0)
(4.04684e-06 1.92874e-07 0)
(3.96033e-06 3.57433e-07 0)
(3.85944e-06 5.04877e-07 0)
(3.74606e-06 6.36267e-07 0)
(3.6218e-06 7.52754e-07 0)
(3.48797e-06 8.55526e-07 0)
(3.34568e-06 9.45766e-07 0)
(3.19583e-06 1.02463e-06 0)
(3.03919e-06 1.09323e-06 0)
(2.87636e-06 1.1526e-06 0)
(2.70786e-06 1.20373e-06 0)
(2.53411e-06 1.24752e-06 0)
(2.35544e-06 1.28482e-06 0)
(2.17212e-06 1.31639e-06 0)
(1.98439e-06 1.34293e-06 0)
(1.7924e-06 1.36507e-06 0)
(1.59629e-06 1.38336e-06 0)
(1.39617e-06 1.3983e-06 0)
(1.19208e-06 1.41034e-06 0)
(9.84083e-07 1.41984e-06 0)
(7.72177e-07 1.42711e-06 0)
(5.56358e-07 1.43238e-06 0)
(3.366e-07 1.43583e-06 0)
(1.12866e-07 1.43756e-06 0)
(1.56372e-06 -5.0433e-06 0)
(2.17144e-06 -4.88958e-06 0)
(2.74758e-06 -4.63497e-06 0)
(3.26982e-06 -4.29648e-06 0)
(3.72271e-06 -3.89654e-06 0)
(4.09823e-06 -3.45837e-06 0)
(4.39491e-06 -3.00288e-06 0)
(4.61618e-06 -2.54724e-06 0)
(4.76859e-06 -2.10442e-06 0)
(4.86037e-06 -1.68352e-06 0)
(4.90022e-06 -1.29027e-06 0)
(4.89658e-06 -9.27808e-07 0)
(4.85713e-06 -5.97271e-07 0)
(4.78858e-06 -2.98422e-07 0)
(4.69662e-06 -3.00885e-08 0)
(4.58591e-06 2.09472e-07 0)
(4.46024e-06 4.22319e-07 0)
(4.3226e-06 6.1064e-07 0)
(4.17533e-06 7.76638e-07 0)
(4.02026e-06 9.22443e-07 0)
(3.85877e-06 1.05008e-06 0)
(3.6919e-06 1.16142e-06 0)
(3.52043e-06 1.25822e-06 0)
(3.34494e-06 1.34206e-06 0)
(3.16585e-06 1.41438e-06 0)
(2.98345e-06 1.47651e-06 0)
(2.79796e-06 1.52963e-06 0)
(2.6095e-06 1.57482e-06 0)
(2.41815e-06 1.61304e-06 0)
(2.22396e-06 1.64518e-06 0)
(2.02692e-06 1.67201e-06 0)
(1.82701e-06 1.69423e-06 0)
(1.62417e-06 1.71246e-06 0)
(1.41834e-06 1.72725e-06 0)
(1.20942e-06 1.73907e-06 0)
(9.97306e-07 1.74832e-06 0)
(7.81872e-07 1.75536e-06 0)
(5.62975e-07 1.76043e-06 0)
(3.40454e-07 1.76374e-06 0)
(1.14133e-07 1.76538e-06 0)
(1.9189e-06 -7.42297e-06 0)
(2.91812e-06 -7.11147e-06 0)
(3.81986e-06 -6.57175e-06 0)
(4.57235e-06 -5.88451e-06 0)
(5.15607e-06 -5.12509e-06 0)
(5.57518e-06 -4.35145e-06 0)
(5.84757e-06 -3.60296e-06 0)
(5.99708e-06 -2.90336e-06 0)
(6.0483e-06 -2.26479e-06 0)
(6.02375e-06 -1.69144e-06 0)
(5.94255e-06 -1.18251e-06 0)
(5.82016e-06 -7.34293e-07 0)
(5.6686e-06 -3.4165e-07 0)
(5.49695e-06 1.09082e-09 0)
(5.31189e-06 2.99567e-07 0)
(5.1182e-06 5.59081e-07 0)
(4.91923e-06 7.84453e-07 0)
(4.71728e-06 9.79976e-07 0)
(4.51383e-06 1.14942e-06 0)
(4.30985e-06 1.29609e-06 0)
(4.10586e-06 1.42285e-06 0)
(3.90214e-06 1.53218e-06 0)
(3.69878e-06 1.62626e-06 0)
(3.49573e-06 1.70699e-06 0)
(3.29285e-06 1.77603e-06 0)
(3.08997e-06 1.83483e-06 0)
(2.88687e-06 1.88468e-06 0)
(2.68332e-06 1.92672e-06 0)
(2.47909e-06 1.96197e-06 0)
(2.27392e-06 1.99132e-06 0)
(2.06757e-06 2.01558e-06 0)
(1.8598e-06 2.03544e-06 0)
(1.65034e-06 2.05155e-06 0)
(1.43896e-06 2.06446e-06 0)
(1.22539e-06 2.07464e-06 0)
(1.00938e-06 2.0825e-06 0)
(7.90647e-07 2.0884e-06 0)
(5.6892e-07 2.09261e-06 0)
(3.43898e-07 2.09532e-06 0)
(1.15262e-07 2.09667e-06 0)
(2.55621e-06 -1.20871e-05 0)
(4.58098e-06 -1.11099e-05 0)
(6.16404e-06 -9.57002e-06 0)
(7.22954e-06 -7.91737e-06 0)
(7.84647e-06 -6.35795e-06 0)
(8.1214e-06 -4.97444e-06 0)
(8.15554e-06 -3.78675e-06 0)
(8.03049e-06 -2.78518e-06 0)
(7.80653e-06 -1.94809e-06 0)
(7.52567e-06 -1.25084e-06 0)
(7.21592e-06 -6.7001e-07 0)
(6.89514e-06 -1.85046e-07 0)
(6.57424e-06 2.21305e-07 0)
(6.25946e-06 5.63176e-07 0)
(5.95404e-06 8.51985e-07 0)
(5.65935e-06 1.0969e-06 0)
(5.3756e-06 1.30526e-06 0)
(5.10236e-06 1.48297e-06 0)
(4.83882e-06 1.63479e-06 0)
(4.58404e-06 1.76461e-06 0)
(4.33699e-06 1.8756e-06 0)
(4.09669e-06 1.97039e-06 0)
(3.86218e-06 2.05121e-06 0)
(3.63256e-06 2.11991e-06 0)
(3.40703e-06 2.1781e-06 0)
(3.18484e-06 2.22715e-06 0)
(2.96529e-06 2.26828e-06 0)
(2.74776e-06 2.30253e-06 0)
(2.53168e-06 2.33085e-06 0)
(2.31651e-06 2.35405e-06 0)
(2.10176e-06 2.37287e-06 0)
(1.88696e-06 2.38796e-06 0)
(1.67167e-06 2.39991e-06 0)
(1.45546e-06 2.40923e-06 0)
(1.23794e-06 2.41637e-06 0)
(1.01868e-06 2.42171e-06 0)
(7.9729e-07 2.42559e-06 0)
(5.7335e-07 2.42827e-06 0)
(3.46434e-07 2.42996e-06 0)
(1.16088e-07 2.43077e-06 0)
(4.03722e-06 -2.3021e-05 0)
(1.00839e-05 -1.93514e-05 0)
(1.27162e-05 -1.32239e-05 0)
(1.33704e-05 -9.03717e-06 0)
(1.30771e-05 -6.12848e-06 0)
(1.23748e-05 -4.07028e-06 0)
(1.15356e-05 -2.58497e-06 0)
(1.06902e-05 -1.49083e-06 0)
(9.89573e-06 -6.67893e-07 0)
(9.17213e-06 -3.61422e-08 0)
(8.52172e-06 4.58377e-07 0)
(7.93907e-06 8.52477e-07 0)
(7.41597e-06 1.1716e-06 0)
(6.94385e-06 1.43358e-06 0)
(6.51475e-06 1.6511e-06 0)
(6.12174e-06 1.83334e-06 0)
(5.75893e-06 1.98706e-06 0)
(5.42138e-06 2.11732e-06 0)
(5.105e-06 2.22801e-06 0)
(4.80639e-06 2.32216e-06 0)
(4.52272e-06 2.40219e-06 0)
(4.25161e-06 2.47008e-06 0)
(3.99108e-06 2.52745e-06 0)
(3.73943e-06 2.5757e-06 0)
(3.49519e-06 2.61601e-06 0)
(3.25713e-06 2.64942e-06 0)
(3.02414e-06 2.67685e-06 0)
(2.79526e-06 2.6991e-06 0)
(2.56963e-06 2.71691e-06 0)
(2.34648e-06 2.73092e-06 0)
(2.12511e-06 2.74173e-06 0)
(1.90487e-06 2.74987e-06 0)
(1.68516e-06 2.75582e-06 0)
(1.46542e-06 2.76001e-06 0)
(1.24511e-06 2.76284e-06 0)
(1.0237e-06 2.76463e-06 0)
(8.00657e-07 2.76569e-06 0)
(5.75468e-07 2.76625e-06 0)
(3.4759e-07 2.76651e-06 0)
(1.16454e-07 2.7666e-06 0)
(5.09609e-06 -1.75853e-05 0)
(4.78406e-05 -2.61416e-06 0)
(3.49628e-05 -1.08538e-06 0)
(2.66904e-05 -1.00719e-07 0)
(2.12283e-05 5.75249e-07 0)
(1.74994e-05 1.05478e-06 0)
(1.48613e-05 1.40794e-06 0)
(1.2926e-05 1.67844e-06 0)
(1.14555e-05 1.89363e-06 0)
(1.03009e-05 2.07059e-06 0)
(9.36678e-06 2.22007e-06 0)
(8.59093e-06 2.34883e-06 0)
(7.93146e-06 2.4612e-06 0)
(7.3596e-06 2.56001e-06 0)
(6.85504e-06 2.64716e-06 0)
(6.40319e-06 2.72401e-06 0)
(5.99327e-06 2.79156e-06 0)
(5.6172e-06 2.85066e-06 0)
(5.2688e-06 2.902e-06 0)
(4.94322e-06 2.94623e-06 0)
(4.63664e-06 2.98395e-06 0)
(4.34597e-06 3.01572e-06 0)
(4.06868e-06 3.0421e-06 0)
(3.80266e-06 3.06362e-06 0)
(3.54615e-06 3.08078e-06 0)
(3.29762e-06 3.09409e-06 0)
(3.05577e-06 3.10402e-06 0)
(2.81944e-06 3.11102e-06 0)
(2.58761e-06 3.11554e-06 0)
(2.35938e-06 3.11798e-06 0)
(2.13391e-06 3.11874e-06 0)
(1.91045e-06 3.11818e-06 0)
(1.68828e-06 3.11666e-06 0)
(1.46676e-06 3.1145e-06 0)
(1.24524e-06 3.11198e-06 0)
(1.02311e-06 3.10939e-06 0)
(7.99759e-07 3.10696e-06 0)
(5.74584e-07 3.10492e-06 0)
(3.46958e-07 3.10343e-06 0)
(1.16226e-07 3.10263e-06 0)
(6.93963e-07 -1.09387e-07 0)
(1.88647e-05 2.05104e-05 0)
(1.95798e-05 1.50198e-05 0)
(1.79253e-05 1.12612e-05 0)
(1.61903e-05 8.77483e-06 0)
(1.45783e-05 7.11419e-06 0)
(1.31566e-05 5.99524e-06 0)
(1.19302e-05 5.23562e-06 0)
(1.08791e-05 4.71695e-06 0)
(9.97623e-06 4.36145e-06 0)
(9.19495e-06 4.11734e-06 0)
(8.51221e-06 3.94974e-06 0)
(7.90906e-06 3.83489e-06 0)
(7.37039e-06 3.7564e-06 0)
(6.88429e-06 3.70289e-06 0)
(6.4414e-06 3.66641e-06 0)
(6.03437e-06 3.64136e-06 0)
(5.65733e-06 3.62382e-06 0)
(5.3056e-06 3.61103e-06 0)
(4.97537e-06 3.60106e-06 0)
(4.66349e-06 3.5926e-06 0)
(4.36735e-06 3.58475e-06 0)
(4.08473e-06 3.57694e-06 0)
(3.81373e-06 3.56882e-06 0)
(3.55271e-06 3.56022e-06 0)
(3.30022e-06 3.55105e-06 0)
(3.055e-06 3.54136e-06 0)
(2.81589e-06 3.53121e-06 0)
(2.58188e-06 3.52075e-06 0)
(2.35203e-06 3.51013e-06 0)
(2.12547e-06 3.49952e-06 0)
(1.90143e-06 3.48913e-06 0)
(1.67914e-06 3.47914e-06 0)
(1.45791e-06 3.46977e-06 0)
(1.23705e-06 3.4612e-06 0)
(1.01591e-06 3.45364e-06 0)
(7.93838e-07 3.44727e-06 0)
(5.70167e-07 3.44227e-06 0)
(3.44224e-07 3.43879e-06 0)
(1.15299e-07 3.43699e-06 0)
(4.5634e-07 2.45565e-06 0)
(5.30793e-06 1.74029e-05 0)
(8.43911e-06 1.50813e-05 0)
(9.55847e-06 1.26661e-05 0)
(1.00528e-05 1.07324e-05 0)
(1.0141e-05 9.21796e-06 0)
(9.97589e-06 8.04804e-06 0)
(9.66037e-06 7.15156e-06 0)
(9.26165e-06 6.46727e-06 0)
(8.82254e-06 5.94516e-06 0)
(8.36962e-06 5.54584e-06 0)
(7.91888e-06 5.2389e-06 0)
(7.47952e-06 5.00119e-06 0)
(7.05649e-06 4.81531e-06 0)
(6.65204e-06 4.66821e-06 0)
(6.26684e-06 4.55016e-06 0)
(5.90057e-06 4.45393e-06 0)
(5.55234e-06 4.37412e-06 0)
(5.221e-06 4.30673e-06 0)
(4.90521e-06 4.2488e-06 0)
(4.6036e-06 4.19812e-06 0)
(4.31483e-06 4.15306e-06 0)
(4.03757e-06 4.11241e-06 0)
(3.77057e-06 4.07529e-06 0)
(3.51265e-06 4.04106e-06 0)
(3.2627e-06 4.00927e-06 0)
(3.01968e-06 3.9796e-06 0)
(2.78261e-06 3.95185e-06 0)
(2.55059e-06 3.92589e-06 0)
(2.32276e-06 3.90166e-06 0)
(2.09832e-06 3.87917e-06 0)
(1.87651e-06 3.85844e-06 0)
(1.65661e-06 3.83953e-06 0)
(1.43792e-06 3.82254e-06 0)
(1.21977e-06 3.80756e-06 0)
(1.00149e-06 3.79473e-06 0)
(7.82415e-07 3.78417e-06 0)
(5.61879e-07 3.77602e-06 0)
(3.39185e-07 3.77044e-06 0)
(1.13605e-07 3.76757e-06 0)
(5.45086e-07 3.50522e-07 0)
(2.53949e-06 1.08064e-05 0)
(4.71675e-06 1.0911e-05 0)
(6.00478e-06 1.01707e-05 0)
(6.90421e-06 9.43457e-06 0)
(7.47603e-06 8.74872e-06 0)
(7.78557e-06 8.13397e-06 0)
(7.89373e-06 7.59599e-06 0)
(7.85286e-06 7.13208e-06 0)
(7.70558e-06 6.73541e-06 0)
(7.48519e-06 6.39757e-06 0)
(7.21697e-06 6.11002e-06 0)
(6.91952e-06 5.8648e-06 0)
(6.60625e-06 5.65487e-06 0)
(6.28657e-06 5.47424e-06 0)
(5.96689e-06 5.31784e-06 0)
(5.65142e-06 5.1815e-06 0)
(5.34281e-06 5.06179e-06 0)
(5.04258e-06 4.95594e-06 0)
(4.75144e-06 4.86166e-06 0)
(4.46958e-06 4.77715e-06 0)
(4.19682e-06 4.70092e-06 0)
(3.93274e-06 4.63178e-06 0)
(3.67675e-06 4.56878e-06 0)
(3.42819e-06 4.51117e-06 0)
(3.18635e-06 4.45833e-06 0)
(2.95048e-06 4.40981e-06 0)
(2.71985e-06 4.36522e-06 0)
(2.49373e-06 4.32429e-06 0)
(2.27141e-06 4.28681e-06 0)
(2.0522e-06 4.25265e-06 0)
(1.83541e-06 4.22171e-06 0)
(1.6204e-06 4.19395e-06 0)
(1.40652e-06 4.16936e-06 0)
(1.19313e-06 4.14798e-06 0)
(9.79607e-07 4.12986e-06 0)
(7.6531e-07 4.11508e-06 0)
(5.49586e-07 4.10377e-06 0)
(3.31761e-07 4.09606e-06 0)
(1.11118e-07 4.09211e-06 0)
(9.79477e-07 -1.20903e-07 0)
(2.70773e-06 6.24852e-06 0)
(4.54433e-06 7.28514e-06 0)
(5.51546e-06 7.54631e-06 0)
(6.22618e-06 7.68124e-06 0)
(6.70215e-06 7.70218e-06 0)
(6.98143e-06 7.6334e-06 0)
(7.10343e-06 7.5007e-06 0)
(7.10396e-06 7.32678e-06 0)
(7.01335e-06 7.12968e-06 0)
(6.85633e-06 6.92282e-06 0)
(6.65241e-06 6.71557e-06 0)
(6.41668e-06 6.51413e-06 0)
(6.16055e-06 6.32229e-06 0)
(5.89252e-06 6.14215e-06 0)
(5.61878e-06 5.97459e-06 0)
(5.34375e-06 5.81973e-06 0)
(5.07047e-06 5.6772e-06 0)
(4.801e-06 5.54634e-06 0)
(4.53662e-06 5.42635e-06 0)
(4.27805e-06 5.31639e-06 0)
(4.02561e-06 5.2156e-06 0)
(3.77933e-06 5.12322e-06 0)
(3.53901e-06 5.0385e-06 0)
(3.30434e-06 4.96079e-06 0)
(3.07489e-06 4.88954e-06 0)
(2.85018e-06 4.82424e-06 0)
(2.62969e-06 4.76447e-06 0)
(2.41285e-06 4.70989e-06 0)
(2.19913e-06 4.66021e-06 0)
(1.98795e-06 4.61522e-06 0)
(1.77874e-06 4.57473e-06 0)
(1.57095e-06 4.53864e-06 0)
(1.36401e-06 4.50687e-06 0)
(1.15737e-06 4.47939e-06 0)
(9.50433e-07 4.45623e-06 0)
(7.42632e-07 4.43742e-06 0)
(5.33361e-07 4.42308e-06 0)
(3.2199e-07 4.41332e-06 0)
(1.07849e-07 4.40833e-06 0)
(1.25823e-06 -1.43681e-06 0)
(4.0529e-06 1.67498e-06 0)
(6.46962e-06 4.52289e-06 0)
(7.09251e-06 5.89492e-06 0)
(7.32625e-06 6.76282e-06 0)
(7.35172e-06 7.27927e-06 0)
(7.26397e-06 7.55159e-06 0)
(7.11265e-06 7.65585e-06 0)
(6.92379e-06 7.64624e-06 0)
(6.71149e-06 7.5614e-06 0)
(6.48386e-06 7.4288e-06 0)
(6.24603e-06 7.26785e-06 0)
(6.00159e-06 7.0921e-06 0)
(5.75327e-06 6.91091e-06 0)
(5.50327e-06 6.73056e-06 0)
(5.25332e-06 6.55516e-06 0)
(5.00482e-06 6.38726e-06 0)
(4.75885e-06 6.22834e-06 0)
(4.5162e-06 6.07911e-06 0)
(4.27741e-06 5.9398e-06 0)
(4.0428e-06 5.81031e-06 0)
(3.81253e-06 5.69031e-06 0)
(3.58661e-06 5.57939e-06 0)
(3.36491e-06 5.47705e-06 0)
(3.14724e-06 5.3828e-06 0)
(2.93332e-06 5.29615e-06 0)
(2.72282e-06 5.21666e-06 0)
(2.51537e-06 5.1439e-06 0)
(2.31058e-06 5.07751e-06 0)
(2.10802e-06 5.01718e-06 0)
(1.90727e-06 4.96264e-06 0)
(1.70786e-06 4.91369e-06 0)
(1.50935e-06 4.87015e-06 0)
(1.31127e-06 4.83193e-06 0)
(1.11314e-06 4.79895e-06 0)
(9.14469e-07 4.77121e-06 0)
(7.14753e-07 4.74874e-06 0)
(5.13457e-07 4.73162e-06 0)
(3.10022e-07 4.72e-06 0)
(1.03849e-07 4.71406e-06 0)
(1.05729e-05 -6.31344e-07 0)
(1.26895e-05 4.64498e-06 0)
(1.42286e-05 7.6238e-06 0)
(1.16615e-05 8.17293e-06 0)
(9.95868e-06 8.47683e-06 0)
(8.79238e-06 8.61037e-06 0)
(7.96296e-06 8.62506e-06 0)
(7.34742e-06 8.55715e-06 0)
(6.86899e-06 8.43272e-06 0)
(6.47919e-06 8.27077e-06 0)
(6.14711e-06 8.08531e-06 0)
(5.85293e-06 7.88668e-06 0)
(5.58386e-06 7.68248e-06 0)
(5.33171e-06 7.47823e-06 0)
(5.09124e-06 7.27785e-06 0)
(4.85911e-06 7.08406e-06 0)
(4.63324e-06 6.89867e-06 0)
(4.41234e-06 6.72277e-06 0)
(4.19561e-06 6.55696e-06 0)
(3.98256e-06 6.40146e-06 0)
(3.77284e-06 6.25622e-06 0)
(3.56624e-06 6.12103e-06 0)
(3.36255e-06 5.99555e-06 0)
(3.16159e-06 5.87937e-06 0)
(2.96316e-06 5.77206e-06 0)
(2.76706e-06 5.67318e-06 0)
(2.57304e-06 5.5823e-06 0)
(2.38086e-06 5.49902e-06 0)
(2.19024e-06 5.42299e-06 0)
(2.00088e-06 5.35387e-06 0)
(1.81247e-06 5.2914e-06 0)
(1.62468e-06 5.23534e-06 0)
(1.43716e-06 5.18552e-06 0)
(1.24955e-06 5.14181e-06 0)
(1.06146e-06 5.10413e-06 0)
(8.72502e-07 5.07245e-06 0)
(6.82257e-07 5.04682e-06 0)
(4.90278e-07 5.0273e-06 0)
(2.96094e-07 5.01405e-06 0)
(9.91948e-08 5.00729e-06 0)
(3.41757e-06 1.22993e-06 0)
(7.89625e-06 1.1005e-05 0)
(1.05338e-05 1.3597e-05 0)
(9.43433e-06 1.23467e-05 0)
(8.50707e-06 1.14517e-05 0)
(7.74624e-06 1.07807e-05 0)
(7.12773e-06 1.0252e-05 0)
(6.62337e-06 9.81507e-06 0)
(6.20708e-06 9.43871e-06 0)
(5.8569e-06 9.10384e-06 0)
(5.55542e-06 8.79885e-06 0)
(5.28927e-06 8.51676e-06 0)
(5.04843e-06 8.2534e-06 0)
(4.82558e-06 8.00629e-06 0)
(4.61544e-06 7.77393e-06 0)
(4.41424e-06 7.5554e-06 0)
(4.21939e-06 7.35005e-06 0)
(4.02906e-06 7.15736e-06 0)
(3.84205e-06 6.97688e-06 0)
(3.65753e-06 6.80817e-06 0)
(3.47496e-06 6.65077e-06 0)
(3.29398e-06 6.50421e-06 0)
(3.11434e-06 6.36801e-06 0)
(2.93584e-06 6.24172e-06 0)
(2.75835e-06 6.12485e-06 0)
(2.58172e-06 6.01697e-06 0)
(2.40581e-06 5.91764e-06 0)
(2.23049e-06 5.82649e-06 0)
(2.05559e-06 5.74315e-06 0)
(1.88092e-06 5.66731e-06 0)
(1.7063e-06 5.5987e-06 0)
(1.5315e-06 5.5371e-06 0)
(1.35629e-06 5.48232e-06 0)
(1.18041e-06 5.43425e-06 0)
(1.00359e-06 5.3928e-06 0)
(8.25523e-07 5.35796e-06 0)
(6.4589e-07 5.32976e-06 0)
(4.64346e-07 5.30829e-06 0)
(2.80515e-07 5.29372e-06 0)
(9.39893e-08 5.28628e-06 0)
(1.40312e-06 7.52445e-07 0)
(3.65873e-06 1.06011e-05 0)
(5.66147e-06 1.49493e-05 0)
(5.77806e-06 1.37116e-05 0)
(5.74081e-06 1.27055e-05 0)
(5.61854e-06 1.18829e-05 0)
(5.45382e-06 1.12027e-05 0)
(5.27174e-06 1.06319e-05 0)
(5.08606e-06 1.01446e-05 0)
(4.90361e-06 9.72143e-06 0)
(4.72705e-06 9.34803e-06 0)
(4.55684e-06 9.01382e-06 0)
(4.39229e-06 8.71112e-06 0)
(4.23225e-06 8.43438e-06 0)
(4.07553e-06 8.17959e-06 0)
(3.92104e-06 7.94381e-06 0)
(3.76787e-06 7.72488e-06 0)
(3.61535e-06 7.52117e-06 0)
(3.46295e-06 7.3314e-06 0)
(3.31036e-06 7.15456e-06 0)
(3.15734e-06 6.98981e-06 0)
(3.00377e-06 6.83644e-06 0)
(2.84958e-06 6.69381e-06 0)
(2.69475e-06 6.56137e-06 0)
(2.53927e-06 6.43861e-06 0)
(2.38313e-06 6.32507e-06 0)
(2.22633e-06 6.22034e-06 0)
(2.06883e-06 6.12403e-06 0)
(1.91061e-06 6.03582e-06 0)
(1.75159e-06 5.95541e-06 0)
(1.5917e-06 5.88256e-06 0)
(1.43083e-06 5.81706e-06 0)
(1.26886e-06 5.75875e-06 0)
(1.10562e-06 5.70753e-06 0)
(9.40956e-07 5.66334e-06 0)
(7.74657e-07 5.62616e-06 0)
(6.06506e-07 5.59605e-06 0)
(4.36257e-07 5.57312e-06 0)
(2.63638e-07 5.55756e-06 0)
(8.835e-08 5.5496e-06 0)
(7.06471e-07 3.31686e-07 0)
(1.66268e-06 8.69452e-06 0)
(2.83814e-06 1.39166e-05 0)
(3.28345e-06 1.31891e-05 0)
(3.5831e-06 1.25129e-05 0)
(3.77159e-06 1.1897e-05 0)
(3.87734e-06 1.13419e-05 0)
(3.92271e-06 1.08438e-05 0)
(3.92456e-06 1.03969e-05 0)
(3.89524e-06 9.99478e-06 0)
(3.84357e-06 9.63134e-06 0)
(3.77567e-06 9.30111e-06 0)
(3.69574e-06 8.99941e-06 0)
(3.60663e-06 8.72233e-06 0)
(3.51026e-06 8.46671e-06 0)
(3.40791e-06 8.22998e-06 0)
(3.30049e-06 8.01012e-06 0)
(3.18864e-06 7.80546e-06 0)
(3.07283e-06 7.61468e-06 0)
(2.95344e-06 7.43671e-06 0)
(2.83079e-06 7.27065e-06 0)
(2.70516e-06 7.11576e-06 0)
(2.5768e-06 6.9714e-06 0)
(2.4459e-06 6.83702e-06 0)
(2.31268e-06 6.71214e-06 0)
(2.17729e-06 6.59632e-06 0)
(2.03987e-06 6.48921e-06 0)
(1.90054e-06 6.39047e-06 0)
(1.75937e-06 6.2998e-06 0)
(1.61642e-06 6.21697e-06 0)
(1.47173e-06 6.14177e-06 0)
(1.32528e-06 6.07403e-06 0)
(1.17706e-06 6.01363e-06 0)
(1.02701e-06 5.96049e-06 0)
(8.75054e-07 5.91458e-06 0)
(7.21095e-07 5.87592e-06 0)
(5.65008e-07 5.84459e-06 0)
(4.06646e-07 5.82071e-06 0)
(2.45841e-07 5.80449e-06 0)
(8.24026e-08 5.7962e-06 0)
(4.46138e-07 1.67976e-07 0)
(8.46238e-07 7.34821e-06 0)
(1.51972e-06 1.25495e-05 0)
(1.93184e-06 1.21851e-05 0)
(2.26348e-06 1.1801e-05 0)
(2.52249e-06 1.14137e-05 0)
(2.71826e-06 1.10339e-05 0)
(2.86036e-06 1.06683e-05 0)
(2.95778e-06 1.03206e-05 0)
(3.01844e-06 9.99257e-06 0)
(3.04904e-06 9.68447e-06 0)
(3.05512e-06 9.39578e-06 0)
(3.04113e-06 9.12556e-06 0)
(3.01061e-06 8.87263e-06 0)
(2.96636e-06 8.63577e-06 0)
(2.91054e-06 8.41381e-06 0)
(2.84489e-06 8.20568e-06 0)
(2.77077e-06 8.01043e-06 0)
(2.68926e-06 7.82721e-06 0)
(2.60124e-06 7.6553e-06 0)
(2.50745e-06 7.49406e-06 0)
(2.40848e-06 7.34294e-06 0)
(2.30486e-06 7.20146e-06 0)
(2.19701e-06 7.0692e-06 0)
(2.08531e-06 6.9458e-06 0)
(1.9701e-06 6.83094e-06 0)
(1.85163e-06 6.72432e-06 0)
(1.73014e-06 6.62571e-06 0)
(1.60583e-06 6.53488e-06 0)
(1.47886e-06 6.45166e-06 0)
(1.34935e-06 6.37591e-06 0)
(1.21739e-06 6.30751e-06 0)
(1.08306e-06 6.24639e-06 0)
(9.4638e-07 6.19251e-06 0)
(8.07372e-07 6.14589e-06 0)
(6.66024e-07 6.10658e-06 0)
(5.22302e-07 6.07468e-06 0)
(3.76152e-07 6.05035e-06 0)
(2.27505e-07 6.03381e-06 0)
(7.62735e-08 6.02535e-06 0)
(3.33479e-07 1.08451e-07 0)
(5.13894e-07 6.56455e-06 0)
(9.20413e-07 1.1456e-05 0)
(1.2331e-06 1.1275e-05 0)
(1.50811e-06 1.10631e-05 0)
(1.7441e-06 1.08305e-05 0)
(1.94175e-06 1.05855e-05 0)
(2.10312e-06 1.03348e-05 0)
(2.23111e-06 1.00835e-05 0)
(2.32899e-06 9.83533e-06 0)
(2.4001e-06 9.593e-06 0)
(2.44764e-06 9.35827e-06 0)
(2.47456e-06 9.13226e-06 0)
(2.48346e-06 8.91559e-06 0)
(2.47666e-06 8.70856e-06 0)
(2.45612e-06 8.51122e-06 0)
(2.42353e-06 8.3235e-06 0)
(2.38032e-06 8.1452e-06 0)
(2.32772e-06 7.97612e-06 0)
(2.26675e-06 7.81601e-06 0)
(2.1983e-06 7.66461e-06 0)
(2.12312e-06 7.52169e-06 0)
(2.04187e-06 7.38702e-06 0)
(1.95511e-06 7.2604e-06 0)
(1.86332e-06 7.14162e-06 0)
(1.76694e-06 7.03051e-06 0)
(1.66632e-06 6.92691e-06 0)
(1.56179e-06 6.83069e-06 0)
(1.45363e-06 6.74173e-06 0)
(1.34207e-06 6.65994e-06 0)
(1.22732e-06 6.58525e-06 0)
(1.10954e-06 6.51762e-06 0)
(9.8888e-07 6.45703e-06 0)
(8.65441e-07 6.4035e-06 0)
(7.39316e-07 6.3571e-06 0)
(6.1057e-07 6.3179e-06 0)
(4.7925e-07 6.28604e-06 0)
(3.45385e-07 6.26172e-06 0)
(2.08994e-07 6.24518e-06 0)
(7.0084e-08 6.23672e-06 0)
(2.75778e-07 8.63616e-08 0)
(3.6512e-07 6.11379e-06 0)
(6.25858e-07 1.06642e-05 0)
(8.55554e-07 1.05679e-05 0)
(1.06807e-06 1.04462e-05 0)
(1.2606e-06 1.0304e-05 0)
(1.43148e-06 1.01459e-05 0)
(1.58002e-06 9.9762e-06 0)
(1.70632e-06 9.79861e-06 0)
(1.81107e-06 9.61642e-06 0)
(1.89535e-06 9.43232e-06 0)
(1.96048e-06 9.24848e-06 0)
(2.00791e-06 9.06664e-06 0)
(2.0391e-06 8.88813e-06 0)
(2.05549e-06 8.71395e-06 0)
(2.05844e-06 8.54486e-06 0)
(2.04919e-06 8.38139e-06 0)
(2.02889e-06 8.22392e-06 0)
(1.99858e-06 8.07271e-06 0)
(1.95918e-06 7.92794e-06 0)
(1.91152e-06 7.7897e-06 0)
(1.85632e-06 7.65806e-06 0)
(1.79425e-06 7.53305e-06 0)
(1.72589e-06 7.41466e-06 0)
(1.65175e-06 7.3029e-06 0)
(1.5723e-06 7.19775e-06 0)
(1.48793e-06 7.09919e-06 0)
(1.39902e-06 7.00721e-06 0)
(1.30589e-06 6.92179e-06 0)
(1.20881e-06 6.84295e-06 0)
(1.10805e-06 6.77069e-06 0)
(1.00383e-06 6.70504e-06 0)
(8.96325e-07 6.64607e-06 0)
(7.85717e-07 6.59383e-06 0)
(6.7215e-07 6.54844e-06 0)
(5.55751e-07 6.51003e-06 0)
(4.36634e-07 6.47877e-06 0)
(3.149e-07 6.45488e-06 0)
(1.9064e-07 6.4386e-06 0)
(6.39449e-08 6.43028e-06 0)
(2.40426e-07 7.76362e-08 0)
(2.89395e-07 5.84881e-06 0)
(4.64947e-07 1.00904e-05 0)
(6.3587e-07 1.00348e-05 0)
(7.98601e-07 9.96053e-06 0)
(9.50882e-07 9.8699e-06 0)
(1.09094e-06 9.76515e-06 0)
(1.21751e-06 9.64862e-06 0)
(1.3298e-06 9.52263e-06 0)
(1.42744e-06 9.38939e-06 0)
(1.51041e-06 9.25093e-06 0)
(1.57896e-06 9.10909e-06 0)
(1.63358e-06 8.96545e-06 0)
(1.67485e-06 8.8214e-06 0)
(1.70349e-06 8.67809e-06 0)
(1.72024e-06 8.53651e-06 0)
(1.72587e-06 8.39745e-06 0)
(1.72113e-06 8.26158e-06 0)
(1.70676e-06 8.12943e-06 0)
(1.68346e-06 8.00143e-06 0)
(1.65188e-06 7.87793e-06 0)
(1.61262e-06 7.75921e-06 0)
(1.56626e-06 7.64551e-06 0)
(1.51331e-06 7.537e-06 0)
(1.45425e-06 7.43385e-06 0)
(1.38952e-06 7.33617e-06 0)
(1.31951e-06 7.24409e-06 0)
(1.24459e-06 7.1577e-06 0)
(1.16509e-06 7.07709e-06 0)
(1.08131e-06 7.00236e-06 0)
(9.93522e-07 6.9336e-06 0)
(9.01977e-07 6.87092e-06 0)
(8.06899e-07 6.81443e-06 0)
(7.08493e-07 6.76426e-06 0)
(6.06949e-07 6.72055e-06 0)
(5.02441e-07 6.68349e-06 0)
(3.95131e-07 6.65328e-06 0)
(2.85176e-07 6.63015e-06 0)
(1.72731e-07 6.61439e-06 0)
(5.79524e-08 6.60632e-06 0)
(2.15341e-07 7.38411e-08 0)
(2.47327e-07 5.69796e-06 0)
(3.70153e-07 9.66485e-06 0)
(4.99554e-07 9.63054e-06 0)
(6.24907e-07 9.58267e-06 0)
(7.44612e-07 9.52232e-06 0)
(8.57262e-07 9.45054e-06 0)
(9.61688e-07 9.36856e-06 0)
(1.05697e-06 9.27769e-06 0)
(1.14244e-06 9.17932e-06 0)
(1.21765e-06 9.07481e-06 0)
(1.28238e-06 8.96549e-06 0)
(1.33657e-06 8.85261e-06 0)
(1.38033e-06 8.73732e-06 0)
(1.41387e-06 8.62067e-06 0)
(1.4375e-06 8.5036e-06 0)
(1.45158e-06 8.38694e-06 0)
(1.45655e-06 8.27143e-06 0)
(1.45282e-06 8.1577e-06 0)
(1.44086e-06 8.04631e-06 0)
(1.42112e-06 7.93773e-06 0)
(1.39404e-06 7.83237e-06 0)
(1.36006e-06 7.73059e-06 0)
(1.31959e-06 7.6327e-06 0)
(1.27302e-06 7.53897e-06 0)
(1.22074e-06 7.44963e-06 0)
(1.1631e-06 7.3649e-06 0)
(1.10042e-06 7.28497e-06 0)
(1.03303e-06 7.21002e-06 0)
(9.61199e-07 7.14021e-06 0)
(8.85215e-07 7.07572e-06 0)
(8.05329e-07 7.01671e-06 0)
(7.2178e-07 6.96335e-06 0)
(6.34792e-07 6.91582e-06 0)
(5.44578e-07 6.87432e-06 0)
(4.51344e-07 6.83905e-06 0)
(3.55288e-07 6.81024e-06 0)
(2.56608e-07 6.78816e-06 0)
(1.55504e-07 6.77309e-06 0)
(5.21859e-08 6.76538e-06 0)
(1.95646e-07 7.20459e-08 0)
(2.22599e-07 5.62355e-06 0)
(3.10959e-07 9.34274e-06 0)
(4.10389e-07 9.32044e-06 0)
(5.07765e-07 9.28814e-06 0)
(6.01971e-07 9.24635e-06 0)
(6.91979e-07 9.19552e-06 0)
(7.76865e-07 9.13626e-06 0)
(8.55832e-07 9.06931e-06 0)
(9.28211e-07 8.99551e-06 0)
(9.93472e-07 8.91572e-06 0)
(1.05121e-06 8.83086e-06 0)
(1.10116e-06 8.74184e-06 0)
(1.14315e-06 8.64955e-06 0)
(1.17714e-06 8.55483e-06 0)
(1.20313e-06 8.45849e-06 0)
(1.22125e-06 8.36127e-06 0)
(1.23164e-06 8.26387e-06 0)
(1.23452e-06 8.16691e-06 0)
(1.23013e-06 8.07096e-06 0)
(1.21874e-06 7.97653e-06 0)
(1.20064e-06 7.8841e-06 0)
(1.17612e-06 7.79407e-06 0)
(1.14548e-06 7.70682e-06 0)
(1.10902e-06 7.62269e-06 0)
(1.06704e-06 7.54198e-06 0)
(1.01982e-06 7.46498e-06 0)
(9.67657e-07 7.39193e-06 0)
(9.10815e-07 7.3231e-06 0)
(8.49561e-07 7.25869e-06 0)
(7.84147e-07 7.19895e-06 0)
(7.14819e-07 7.14407e-06 0)
(6.41813e-07 7.09428e-06 0)
(5.65358e-07 7.0498e-06 0)
(4.85678e-07 7.01086e-06 0)
(4.02994e-07 6.97769e-06 0)
(3.17526e-07 6.95055e-06 0)
(2.29498e-07 6.92972e-06 0)
(1.39143e-07 6.91549e-06 0)
(4.67067e-08 6.90819e-06 0)
(1.79184e-07 7.1181e-08 0)
(2.07483e-07 5.60257e-06 0)
(2.72079e-07 9.09442e-06 0)
(3.49617e-07 9.07986e-06 0)
(4.25815e-07 9.05755e-06 0)
(5.00042e-07 9.02775e-06 0)
(5.71648e-07 8.99068e-06 0)
(6.39992e-07 8.94668e-06 0)
(7.04467e-07 8.89616e-06 0)
(7.64517e-07 8.83965e-06 0)
(8.19646e-07 8.77773e-06 0)
(8.69432e-07 8.71101e-06 0)
(9.13525e-07 8.64014e-06 0)
(9.51653e-07 8.56579e-06 0)
(9.83615e-07 8.4886e-06 0)
(1.00928e-06 8.40924e-06 0)
(1.0286e-06 8.32831e-06 0)
(1.04154e-06 8.24641e-06 0)
(1.04816e-06 8.16412e-06 0)
(1.04855e-06 8.08194e-06 0)
(1.04283e-06 8.00038e-06 0)
(1.03115e-06 7.9199e-06 0)
(1.01368e-06 7.84093e-06 0)
(9.90621e-07 7.76385e-06 0)
(9.62181e-07 7.68903e-06 0)
(9.28574e-07 7.61681e-06 0)
(8.90022e-07 7.54752e-06 0)
(8.46752e-07 7.48144e-06 0)
(7.98989e-07 7.41886e-06 0)
(7.4696e-07 7.36004e-06 0)
(6.90891e-07 7.30526e-06 0)
(6.31005e-07 7.25475e-06 0)
(5.67526e-07 7.20877e-06 0)
(5.00675e-07 7.16757e-06 0)
(4.30674e-07 7.13141e-06 0)
(3.57749e-07 7.10054e-06 0)
(2.8213e-07 7.07524e-06 0)
(2.04055e-07 7.05578e-06 0)
(1.23775e-07 7.04248e-06 0)
(4.15579e-08 7.03566e-06 0)
(1.64948e-07 7.08559e-08 0)
(2.00872e-07 5.62562e-06 0)
(2.49743e-07 8.90268e-06 0)
(3.09069e-07 8.89348e-06 0)
(3.67766e-07 8.87776e-06 0)
(4.25442e-07 8.85579e-06 0)
(4.81654e-07 8.82778e-06 0)
(5.35936e-07 8.79397e-06 0)
(5.87812e-07 8.75466e-06 0)
(6.36816e-07 8.71023e-06 0)
(6.82507e-07 8.66108e-06 0)
(7.24475e-07 8.60764e-06 0)
(7.62354e-07 8.55039e-06 0)
(7.95825e-07 8.48982e-06 0)
(8.2462e-07 8.42641e-06 0)
(8.48525e-07 8.36066e-06 0)
(8.67378e-07 8.29308e-06 0)
(8.81066e-07 8.22415e-06 0)
(8.89527e-07 8.15435e-06 0)
(8.92737e-07 8.08412e-06 0)
(8.90715e-07 8.01392e-06 0)
(8.83513e-07 7.94416e-06 0)
(8.71212e-07 7.87525e-06 0)
(8.53919e-07 7.80757e-06 0)
(8.31762e-07 7.74147e-06 0)
(8.04886e-07 7.67732e-06 0)
(7.7345e-07 7.61542e-06 0)
(7.37625e-07 7.55611e-06 0)
(6.97591e-07 7.49967e-06 0)
(6.53533e-07 7.44641e-06 0)
(6.05644e-07 7.39659e-06 0)
(5.54122e-07 7.3505e-06 0)
(4.99168e-07 7.30841e-06 0)
(4.40989e-07 7.27058e-06 0)
(3.79798e-07 7.23729e-06 0)
(3.15816e-07 7.20881e-06 0)
(2.49271e-07 7.18542e-06 0)
(1.80406e-07 7.16742e-06 0)
(1.09478e-07 7.1551e-06 0)
(3.67658e-08 7.14877e-06 0)
(1.52546e-07 7.09948e-08 0)
(1.99912e-07 5.69067e-06 0)
(2.3801e-07 8.76017e-06 0)
(2.81065e-07 8.75317e-06 0)
(3.24564e-07 8.74068e-06 0)
(3.68103e-07 8.72297e-06 0)
(4.11271e-07 8.70025e-06 0)
(4.53644e-07 8.67274e-06 0)
(4.94789e-07 8.64069e-06 0)
(5.34274e-07 8.60439e-06 0)
(5.71675e-07 8.56414e-06 0)
(6.06587e-07 8.52025e-06 0)
(6.38634e-07 8.47307e-06 0)
(6.67473e-07 8.42294e-06 0)
(6.928e-07 8.37022e-06 0)
(7.14356e-07 8.31528e-06 0)
(7.31924e-07 8.25851e-06 0)
(7.45332e-07 8.20027e-06 0)
(7.54451e-07 8.14094e-06 0)
(7.59191e-07 8.08091e-06 0)
(7.59502e-07 8.02054e-06 0)
(7.55368e-07 7.9602e-06 0)
(7.46803e-07 7.90026e-06 0)
(7.33851e-07 7.84105e-06 0)
(7.16578e-07 7.78292e-06 0)
(6.95072e-07 7.72621e-06 0)
(6.6944e-07 7.67123e-06 0)
(6.39805e-07 7.61829e-06 0)
(6.06303e-07 7.56771e-06 0)
(5.69084e-07 7.51978e-06 0)
(5.28305e-07 7.47478e-06 0)
(4.84135e-07 7.433e-06 0)
(4.36753e-07 7.39473e-06 0)
(3.86347e-07 7.36024e-06 0)
(3.33113e-07 7.32981e-06 0)
(2.77261e-07 7.30373e-06 0)
(2.19011e-07 7.28227e-06 0)
(1.586e-07 7.26573e-06 0)
(9.62847e-08 7.2544e-06 0)
(3.23418e-08 7.24858e-06 0)
(1.41866e-07 7.1604e-08 0)
(1.98012e-07 5.79117e-06 0)
(2.25469e-07 8.65973e-06 0)
(2.55467e-07 8.65183e-06 0)
(2.8664e-07 8.63936e-06 0)
(3.18716e-07 8.62267e-06 0)
(3.5135e-07 8.60199e-06 0)
(3.84144e-07 8.57756e-06 0)
(4.16668e-07 8.54961e-06 0)
(4.48478e-07 8.51838e-06 0)
(4.79134e-07 8.48407e-06 0)
(5.08214e-07 8.4469e-06 0)
(5.35321e-07 8.40709e-06 0)
(5.60097e-07 8.36485e-06 0)
(5.82219e-07 8.32042e-06 0)
(6.01407e-07 8.27406e-06 0)
(6.17423e-07 8.22601e-06 0)
(6.30067e-07 8.17656e-06 0)
(6.39182e-07 8.12598e-06 0)
(6.44646e-07 8.07458e-06 0)
(6.46372e-07 8.02264e-06 0)
(6.44305e-07 7.97047e-06 0)
(6.38419e-07 7.91839e-06 0)
(6.28716e-07 7.86671e-06 0)
(6.15221e-07 7.81572e-06 0)
(5.97982e-07 7.76575e-06 0)
(5.77065e-07 7.71708e-06 0)
(5.52554e-07 7.67003e-06 0)
(5.24551e-07 7.62489e-06 0)
(4.93171e-07 7.58195e-06 0)
(4.58541e-07 7.54149e-06 0)
(4.20804e-07 7.50382e-06 0)
(3.80112e-07 7.4692e-06 0)
(3.36633e-07 7.43792e-06 0)
(2.90544e-07 7.41026e-06 0)
(2.42038e-07 7.38651e-06 0)
(1.91323e-07 7.36693e-06 0)
(1.38625e-07 7.35182e-06 0)
(8.41892e-08 7.34146e-06 0)
(2.82843e-08 7.33613e-06 0)
(1.32894e-07 7.27496e-08 0)
(1.92188e-07 5.92955e-06 0)
(2.06397e-07 8.59453e-06 0)
(2.25109e-07 8.58252e-06 0)
(2.46226e-07 8.56678e-06 0)
(2.69422e-07 8.5479e-06 0)
(2.94242e-07 8.52628e-06 0)
(3.20153e-07 8.50221e-06 0)
(3.46594e-07 8.4759e-06 0)
(3.73015e-07 8.44747e-06 0)
(3.98897e-07 8.41702e-06 0)
(4.23767e-07 8.38462e-06 0)
(4.47207e-07 8.35032e-06 0)
(4.68848e-07 8.31421e-06 0)
(4.88374e-07 8.27638e-06 0)
(5.05516e-07 8.23695e-06 0)
(5.20045e-07 8.19608e-06 0)
(5.31774e-07 8.15393e-06 0)
(5.40549e-07 8.11069e-06 0)
(5.46247e-07 8.0666e-06 0)
(5.48775e-07 8.02187e-06 0)
(5.48067e-07 7.97675e-06 0)
(5.4408e-07 7.93152e-06 0)
(5.36794e-07 7.88642e-06 0)
(5.26211e-07 7.84175e-06 0)
(5.12351e-07 7.79778e-06 0)
(4.95255e-07 7.75478e-06 0)
(4.74978e-07 7.71305e-06 0)
(4.51593e-07 7.67286e-06 0)
(4.25187e-07 7.6345e-06 0)
(3.95862e-07 7.59825e-06 0)
(3.63734e-07 7.56438e-06 0)
(3.28934e-07 7.53317e-06 0)
(2.91605e-07 7.50491e-06 0)
(2.51907e-07 7.47986e-06 0)
(2.10012e-07 7.45831e-06 0)
(1.66112e-07 7.44052e-06 0)
(1.20417e-07 7.42677e-06 0)
(7.31548e-08 7.41733e-06 0)
(2.45813e-08 7.41248e-06 0)
(1.25421e-07 7.55119e-08 0)
(1.76192e-07 6.12101e-06 0)
(1.69883e-07 8.56058e-06 0)
(1.79354e-07 8.53871e-06 0)
(1.93583e-07 8.51473e-06 0)
(2.11735e-07 8.48976e-06 0)
(2.32783e-07 8.46431e-06 0)
(2.55702e-07 8.43855e-06 0)
(2.7957e-07 8.41239e-06 0)
(3.0361e-07 8.38566e-06 0)
(3.27189e-07 8.35815e-06 0)
(3.49802e-07 8.32966e-06 0)
(3.71053e-07 8.30002e-06 0)
(3.90625e-07 8.26914e-06 0)
(4.08269e-07 8.23694e-06 0)
(4.23781e-07 8.20345e-06 0)
(4.36997e-07 8.16869e-06 0)
(4.4778e-07 8.13276e-06 0)
(4.56018e-07 8.0958e-06 0)
(4.61619e-07 8.05795e-06 0)
(4.6451e-07 8.01939e-06 0)
(4.64634e-07 7.98034e-06 0)
(4.6195e-07 7.94102e-06 0)
(4.56435e-07 7.90166e-06 0)
(4.48078e-07 7.8625e-06 0)
(4.36886e-07 7.8238e-06 0)
(4.22881e-07 7.78581e-06 0)
(4.06099e-07 7.74881e-06 0)
(3.8659e-07 7.71305e-06 0)
(3.6442e-07 7.67881e-06 0)
(3.39669e-07 7.64636e-06 0)
(3.12429e-07 7.61595e-06 0)
(2.8281e-07 7.58787e-06 0)
(2.50934e-07 7.56237e-06 0)
(2.16939e-07 7.53973e-06 0)
(1.8098e-07 7.52021e-06 0)
(1.43227e-07 7.50408e-06 0)
(1.0387e-07 7.4916e-06 0)
(6.31207e-08 7.48302e-06 0)
(2.12128e-08 7.47861e-06 0)
(1.15225e-07 9.09313e-08 0)
(1.35655e-07 6.40356e-06 0)
(9.47721e-08 8.55317e-06 0)
(9.94551e-08 8.50724e-06 0)
(1.14561e-07 8.46674e-06 0)
(1.36185e-07 8.43179e-06 0)
(1.61287e-07 8.40144e-06 0)
(1.87728e-07 8.37442e-06 0)
(2.14101e-07 8.3495e-06 0)
(2.39532e-07 8.32567e-06 0)
(2.63502e-07 8.30211e-06 0)
(2.85714e-07 8.27823e-06 0)
(3.06002e-07 8.25361e-06 0)
(3.24271e-07 8.22798e-06 0)
(3.40463e-07 8.20118e-06 0)
(3.54535e-07 8.17313e-06 0)
(3.66446e-07 8.14386e-06 0)
(3.76157e-07 8.1134e-06 0)
(3.83629e-07 8.08187e-06 0)
(3.88822e-07 8.04939e-06 0)
(3.91695e-07 8.01613e-06 0)
(3.92216e-07 7.98227e-06 0)
(3.90355e-07 7.94801e-06 0)
(3.86089e-07 7.91356e-06 0)
(3.79408e-07 7.87915e-06 0)
(3.70309e-07 7.84501e-06 0)
(3.58801e-07 7.81139e-06 0)
(3.44905e-07 7.77852e-06 0)
(3.28656e-07 7.74666e-06 0)
(3.101e-07 7.71606e-06 0)
(2.89299e-07 7.68697e-06 0)
(2.66324e-07 7.65965e-06 0)
(2.41266e-07 7.63436e-06 0)
(2.14227e-07 7.61135e-06 0)
(1.85323e-07 7.59089e-06 0)
(1.5469e-07 7.57322e-06 0)
(1.22477e-07 7.55859e-06 0)
(8.88533e-08 7.54726e-06 0)
(5.40083e-08 7.53947e-06 0)
(1.81527e-08 7.53546e-06 0)
(5.71644e-08 1.07059e-07 0)
(-8.05683e-09 6.85502e-06 0)
(-9.40395e-08 8.51802e-06 0)
(-5.75669e-08 8.42907e-06 0)
(-9.51677e-09 8.37363e-06 0)
(3.9077e-08 8.33769e-06 0)
(8.3755e-08 8.31273e-06 0)
(1.23184e-07 8.29358e-06 0)
(1.574e-07 8.27711e-06 0)
(1.86949e-07 8.26145e-06 0)
(2.12487e-07 8.24548e-06 0)
(2.34612e-07 8.22854e-06 0)
(2.53809e-07 8.21028e-06 0)
(2.70445e-07 8.19052e-06 0)
(2.84781e-07 8.16922e-06 0)
(2.96994e-07 8.14638e-06 0)
(3.07193e-07 8.12208e-06 0)
(3.15442e-07 8.09644e-06 0)
(3.21768e-07 8.06959e-06 0)
(3.26174e-07 8.04168e-06 0)
(3.28649e-07 8.01288e-06 0)
(3.29174e-07 7.98338e-06 0)
(3.27727e-07 7.95338e-06 0)
(3.24287e-07 7.92307e-06 0)
(3.18838e-07 7.89268e-06 0)
(3.11369e-07 7.86241e-06 0)
(3.0188e-07 7.8325e-06 0)
(2.90379e-07 7.80318e-06 0)
(2.76884e-07 7.77467e-06 0)
(2.61428e-07 7.74721e-06 0)
(2.44053e-07 7.72106e-06 0)
(2.24817e-07 7.69644e-06 0)
(2.03788e-07 7.6736e-06 0)
(1.81051e-07 7.65278e-06 0)
(1.56703e-07 7.63424e-06 0)
(1.30858e-07 7.6182e-06 0)
(1.03647e-07 7.60491e-06 0)
(7.52142e-08 7.59461e-06 0)
(4.5727e-08 7.58753e-06 0)
(1.53708e-08 7.58388e-06 0)
(4.30138e-07 3.40213e-06 0)
(-7.16485e-07 7.15407e-06 0)
(-5.60424e-07 8.02681e-06 0)
(-2.96806e-07 8.08987e-06 0)
(-1.31738e-07 8.13354e-06 0)
(-2.50278e-08 8.16312e-06 0)
(4.66315e-08 8.18219e-06 0)
(9.68388e-08 8.1932e-06 0)
(1.336e-07 8.19788e-06 0)
(1.61677e-07 8.19745e-06 0)
(1.83938e-07 8.19278e-06 0)
(2.02128e-07 8.18455e-06 0)
(2.17317e-07 8.17326e-06 0)
(2.30166e-07 8.15931e-06 0)
(2.41075e-07 8.14303e-06 0)
(2.50286e-07 8.12471e-06 0)
(2.57935e-07 8.10458e-06 0)
(2.6409e-07 8.08288e-06 0)
(2.68774e-07 8.05981e-06 0)
(2.71986e-07 8.03558e-06 0)
(2.73704e-07 8.01038e-06 0)
(2.739e-07 7.9844e-06 0)
(2.72542e-07 7.95785e-06 0)
(2.69598e-07 7.93093e-06 0)
(2.6504e-07 7.90383e-06 0)
(2.58847e-07 7.87676e-06 0)
(2.51006e-07 7.84994e-06 0)
(2.41512e-07 7.82357e-06 0)
(2.30371e-07 7.79789e-06 0)
(2.17599e-07 7.7731e-06 0)
(2.03224e-07 7.74943e-06 0)
(1.87288e-07 7.72712e-06 0)
(1.69843e-07 7.70638e-06 0)
(1.50956e-07 7.68746e-06 0)
(1.30705e-07 7.67057e-06 0)
(1.09185e-07 7.65595e-06 0)
(8.65046e-08 7.64383e-06 0)
(6.27887e-08 7.63442e-06 0)
(3.81788e-08 7.62794e-06 0)
(1.28346e-08 7.62461e-06 0)
(8.74352e-07 7.31119e-06 0)
(5.30892e-07 7.5419e-06 0)
(3.3438e-07 7.75856e-06 0)
(2.35165e-07 7.9032e-06 0)
(1.8786e-07 8.00014e-06 0)
(1.67881e-07 8.06497e-06 0)
(1.62046e-07 8.10772e-06 0)
(1.6336e-07 8.13496e-06 0)
(1.68144e-07 8.15101e-06 0)
(1.74481e-07 8.15879e-06 0)
(1.81372e-07 8.16027e-06 0)
(1.88294e-07 8.15684e-06 0)
(1.9496e-07 8.14948e-06 0)
(2.01201e-07 8.13891e-06 0)
(2.06901e-07 8.12567e-06 0)
(2.11968e-07 8.11018e-06 0)
(2.1632e-07 8.09277e-06 0)
(2.1988e-07 8.07374e-06 0)
(2.22573e-07 8.05332e-06 0)
(2.24325e-07 8.03173e-06 0)
(2.25067e-07 8.00918e-06 0)
(2.24733e-07 7.98586e-06 0)
(2.23264e-07 7.96195e-06 0)
(2.20606e-07 7.93765e-06 0)
(2.16715e-07 7.91315e-06 0)
(2.11554e-07 7.88863e-06 0)
(2.05097e-07 7.8643e-06 0)
(1.97325e-07 7.84033e-06 0)
(1.88232e-07 7.81695e-06 0)
(1.77822e-07 7.79436e-06 0)
(1.6611e-07 7.77275e-06 0)
(1.53122e-07 7.75236e-06 0)
(1.38897e-07 7.73338e-06 0)
(1.23484e-07 7.71604e-06 0)
(1.06947e-07 7.70055e-06 0)
(8.93599e-08 7.68713e-06 0)
(7.08123e-08 7.676e-06 0)
(5.1407e-08 7.66735e-06 0)
(3.12617e-08 7.66139e-06 0)
(1.05099e-08 7.65832e-06 0)
(6.74524e-07 8.11099e-06 0)
(5.53264e-07 8.07481e-06 0)
(4.4846e-07 8.07495e-06 0)
(3.65877e-07 8.09021e-06 0)
(3.04209e-07 8.10957e-06 0)
(2.59798e-07 8.12763e-06 0)
(2.28705e-07 8.14203e-06 0)
(2.07507e-07 8.15197e-06 0)
(1.93488e-07 8.15744e-06 0)
(1.84597e-07 8.15876e-06 0)
(1.79326e-07 8.15638e-06 0)
(1.76574e-07 8.15075e-06 0)
(1.7554e-07 8.14231e-06 0)
(1.75635e-07 8.13142e-06 0)
(1.76418e-07 8.11842e-06 0)
(1.77553e-07 8.10358e-06 0)
(1.78776e-07 8.08714e-06 0)
(1.79877e-07 8.06932e-06 0)
(1.80682e-07 8.05032e-06 0)
(1.81047e-07 8.03031e-06 0)
(1.80852e-07 8.00947e-06 0)
(1.79992e-07 7.98795e-06 0)
(1.7838e-07 7.96592e-06 0)
(1.75943e-07 7.94354e-06 0)
(1.72618e-07 7.92097e-06 0)
(1.68357e-07 7.8984e-06 0)
(1.6312e-07 7.87598e-06 0)
(1.5688e-07 7.8539e-06 0)
(1.49621e-07 7.83234e-06 0)
(1.41337e-07 7.81149e-06 0)
(1.32031e-07 7.79154e-06 0)
(1.21718e-07 7.77269e-06 0)
(1.10425e-07 7.75514e-06 0)
(9.81863e-08 7.73909e-06 0)
(8.50503e-08 7.72475e-06 0)
(7.10751e-08 7.71231e-06 0)
(5.63305e-08 7.70198e-06 0)
(4.08984e-08 7.69395e-06 0)
(2.48732e-08 7.68843e-06 0)
(8.36246e-09 7.68558e-06 0)
(4.78495e-07 8.36576e-06 0)
(4.27708e-07 8.31271e-06 0)
(3.76935e-07 8.27491e-06 0)
(3.29869e-07 8.2488e-06 0)
(2.88555e-07 8.2308e-06 0)
(2.53744e-07 8.2179e-06 0)
(2.25339e-07 8.20782e-06 0)
(2.02768e-07 8.19897e-06 0)
(1.85249e-07 8.19029e-06 0)
(1.71949e-07 8.18111e-06 0)
(1.62079e-07 8.17104e-06 0)
(1.54932e-07 8.15987e-06 0)
(1.49902e-07 8.14751e-06 0)
(1.46475e-07 8.13395e-06 0)
(1.44225e-07 8.11924e-06 0)
(1.42799e-07 8.10342e-06 0)
(1.41901e-07 8.08659e-06 0)
(1.41291e-07 8.06882e-06 0)
(1.40765e-07 8.05023e-06 0)
(1.40154e-07 8.03091e-06 0)
(1.39317e-07 8.01097e-06 0)
(1.38136e-07 7.99053e-06 0)
(1.36511e-07 7.9697e-06 0)
(1.34359e-07 7.94862e-06 0)
(1.31612e-07 7.92742e-06 0)
(1.28215e-07 7.90625e-06 0)
(1.24126e-07 7.88524e-06 0)
(1.19311e-07 7.86456e-06 0)
(1.13749e-07 7.84438e-06 0)
(1.07427e-07 7.82486e-06 0)
(1.00343e-07 7.80618e-06 0)
(9.25023e-08 7.78853e-06 0)
(8.39216e-08 7.77209e-06 0)
(7.46251e-08 7.75704e-06 0)
(6.46464e-08 7.74359e-06 0)
(5.40286e-08 7.73193e-06 0)
(4.28238e-08 7.72223e-06 0)
(3.10941e-08 7.7147e-06 0)
(1.89115e-08 7.70951e-06 0)
(6.35829e-09 7.70684e-06 0)
(3.18547e-07 8.46957e-06 0)
(2.95096e-07 8.42137e-06 0)
(2.7004e-07 8.37953e-06 0)
(2.44914e-07 8.34372e-06 0)
(2.20944e-07 8.31319e-06 0)
(1.98986e-07 8.28699e-06 0)
(1.79536e-07 8.26418e-06 0)
(1.62797e-07 8.24386e-06 0)
(1.4875e-07 8.22528e-06 0)
(1.3723e-07 8.20783e-06 0)
(1.27981e-07 8.19102e-06 0)
(1.20706e-07 8.17449e-06 0)
(1.15095e-07 8.15797e-06 0)
(1.10846e-07 8.14127e-06 0)
(1.07678e-07 8.12425e-06 0)
(1.05338e-07 8.10683e-06 0)
(1.036e-07 8.08896e-06 0)
(1.02267e-07 8.07064e-06 0)
(1.0117e-07 8.05185e-06 0)
(1.00162e-07 8.03265e-06 0)
(9.91186e-08 8.01307e-06 0)
(9.79343e-08 7.99317e-06 0)
(9.65205e-08 7.97304e-06 0)
(9.48029e-08 7.95277e-06 0)
(9.27202e-08 7.93246e-06 0)
(9.02228e-08 7.91222e-06 0)
(8.72711e-08 7.89218e-06 0)
(8.38351e-08 7.87249e-06 0)
(7.98932e-08 7.85328e-06 0)
(7.5432e-08 7.83472e-06 0)
(7.04455e-08 7.81696e-06 0)
(6.49353e-08 7.80017e-06 0)
(5.89096e-08 7.78454e-06 0)
(5.23839e-08 7.77023e-06 0)
(4.53805e-08 7.75744e-06 0)
(3.79285e-08 7.74634e-06 0)
(3.00639e-08 7.73712e-06 0)
(2.18301e-08 7.72995e-06 0)
(1.32775e-08 7.72501e-06 0)
(4.46414e-09 7.72247e-06 0)
(1.82668e-07 8.51597e-06 0)
(1.72058e-07 8.47243e-06 0)
(1.60327e-07 8.43191e-06 0)
(1.48077e-07 8.39461e-06 0)
(1.35864e-07 8.36052e-06 0)
(1.24153e-07 8.32947e-06 0)
(1.13294e-07 8.30114e-06 0)
(1.03518e-07 8.27517e-06 0)
(9.49466e-08 8.25119e-06 0)
(8.76095e-08 8.22879e-06 0)
(8.14668e-08 8.20764e-06 0)
(7.64293e-08 8.18741e-06 0)
(7.23764e-08 8.16783e-06 0)
(6.91715e-08 8.14867e-06 0)
(6.66727e-08 8.12974e-06 0)
(6.4741e-08 8.11089e-06 0)
(6.32454e-08 8.092e-06 0)
(6.2066e-08 8.07301e-06 0)
(6.10952e-08 8.05386e-06 0)
(6.02381e-08 8.03452e-06 0)
(5.94123e-08 8.01501e-06 0)
(5.85469e-08 7.99534e-06 0)
(5.75817e-08 7.97556e-06 0)
(5.64658e-08 7.95573e-06 0)
(5.51573e-08 7.93594e-06 0)
(5.36218e-08 7.91627e-06 0)
(5.18317e-08 7.89683e-06 0)
(4.9766e-08 7.87776e-06 0)
(4.7409e-08 7.85917e-06 0)
(4.47506e-08 7.84121e-06 0)
(4.17856e-08 7.82405e-06 0)
(3.85133e-08 7.80783e-06 0)
(3.49375e-08 7.79272e-06 0)
(3.10667e-08 7.7789e-06 0)
(2.69133e-08 7.76654e-06 0)
(2.24941e-08 7.75581e-06 0)
(1.78302e-08 7.7469e-06 0)
(1.29471e-08 7.73997e-06 0)
(7.87483e-09 7.7352e-06 0)
(2.64768e-09 7.73274e-06 0)
(5.95652e-08 8.53438e-06 0)
(5.64903e-08 8.49318e-06 0)
(5.30377e-08 8.45385e-06 0)
(4.9367e-08 8.41665e-06 0)
(4.56351e-08 8.38176e-06 0)
(4.19826e-08 8.34921e-06 0)
(3.85247e-08 8.31892e-06 0)
(3.53468e-08 8.29075e-06 0)
(3.25033e-08 8.26449e-06 0)
(3.00209e-08 8.23989e-06 0)
(2.79023e-08 8.21671e-06 0)
(2.61319e-08 8.19467e-06 0)
(2.4681e-08 8.17354e-06 0)
(2.35123e-08 8.15309e-06 0)
(2.25844e-08 8.13312e-06 0)
(2.18543e-08 8.11346e-06 0)
(2.12801e-08 8.09398e-06 0)
(2.08223e-08 8.07457e-06 0)
(2.04448e-08 8.05516e-06 0)
(2.0115e-08 8.03569e-06 0)
(1.98044e-08 8.01616e-06 0)
(1.94883e-08 7.99656e-06 0)
(1.91455e-08 7.97692e-06 0)
(1.8758e-08 7.95729e-06 0)
(1.83109e-08 7.93772e-06 0)
(1.7792e-08 7.91832e-06 0)
(1.71914e-08 7.89917e-06 0)
(1.65016e-08 7.88039e-06 0)
(1.57168e-08 7.8621e-06 0)
(1.48334e-08 7.84444e-06 0)
(1.38492e-08 7.82757e-06 0)
(1.27639e-08 7.81162e-06 0)
(1.15784e-08 7.79678e-06 0)
(1.02954e-08 7.78319e-06 0)
(8.91891e-09 7.77105e-06 0)
(7.45442e-09 7.76051e-06 0)
(5.90887e-09 7.75175e-06 0)
(4.29068e-09 7.74494e-06 0)
(2.60973e-09 7.74025e-06 0)
(8.77449e-10 7.73783e-06 0)
)
;

boundaryField
{
    top
    {
        type            zeroGradient;
    }
    inlet
    {
        type            fixedValue;
        value           uniform (0 0 0);
    }
    axis
    {
        type            fixedValue;
        value           uniform (0 0 0);
    }
    frontAndBack
    {
        type            empty;
    }
}


// ************************************************************************* //
