/*--------------------------------*- C++ -*----------------------------------*\
  =========                 |
  \\      /  F ield         | OpenFOAM: The Open Source CFD Toolbox
   \\    /   O peration     | Website:  https://openfoam.org
    \\  /    A nd           | Version:  7
     \\/     M anipulation  |
\*---------------------------------------------------------------------------*/
FoamFile
{
    version     2.0;
    format      ascii;
    class       volVectorField;
    location    "5000";
    object      Ub;
}
// * * * * * * * * * * * * * * * * * * * * * * * * * * * * * * * * * * * * * //

dimensions      [0 1 -1 0 0 0 0];

internalField   nonuniform List<vector> 
3200
(
(-1.64115e-21 -9.87896e-16 0)
(-4.88675e-21 -9.87896e-16 0)
(-8.05229e-21 -9.87896e-16 0)
(-1.1125e-20 -9.87896e-16 0)
(-1.40926e-20 -9.87896e-16 0)
(-1.69438e-20 -9.87896e-16 0)
(-1.96671e-20 -9.87896e-16 0)
(-2.22513e-20 -9.87897e-16 0)
(-2.46853e-20 -9.87897e-16 0)
(-2.69578e-20 -9.87897e-16 0)
(-2.90573e-20 -9.87897e-16 0)
(-3.09722e-20 -9.87897e-16 0)
(-3.26908e-20 -9.87897e-16 0)
(-3.42013e-20 -9.87897e-16 0)
(-3.54917e-20 -9.87897e-16 0)
(-3.65502e-20 -9.87898e-16 0)
(-3.73651e-20 -9.87898e-16 0)
(-3.79252e-20 -9.87898e-16 0)
(-3.82197e-20 -9.87898e-16 0)
(-3.82388e-20 -9.87899e-16 0)
(-3.79735e-20 -9.87899e-16 0)
(-3.74165e-20 -9.87899e-16 0)
(-3.65622e-20 -9.879e-16 0)
(-3.5407e-20 -9.879e-16 0)
(-3.39498e-20 -9.879e-16 0)
(-3.21926e-20 -9.87901e-16 0)
(-3.01404e-20 -9.87901e-16 0)
(-2.78019e-20 -9.87901e-16 0)
(-2.51896e-20 -9.87902e-16 0)
(-2.23201e-20 -9.87902e-16 0)
(-1.92137e-20 -9.87903e-16 0)
(-1.5895e-20 -9.87903e-16 0)
(-1.23919e-20 -9.87903e-16 0)
(-8.73584e-21 -9.87903e-16 0)
(-4.96066e-21 -9.87904e-16 0)
(-1.10212e-21 -9.87904e-16 0)
(2.80302e-21 -9.87904e-16 0)
(6.71797e-21 -9.87904e-16 0)
(1.06068e-20 -9.87904e-16 0)
(1.44355e-20 -9.87904e-16 0)
(-1.65785e-21 -9.87891e-16 0)
(-4.93693e-21 -9.87891e-16 0)
(-8.13645e-21 -9.87891e-16 0)
(-1.12442e-20 -9.87892e-16 0)
(-1.42489e-20 -9.87892e-16 0)
(-1.71392e-20 -9.87892e-16 0)
(-1.99046e-20 -9.87892e-16 0)
(-2.25343e-20 -9.87892e-16 0)
(-2.50175e-20 -9.87893e-16 0)
(-2.73434e-20 -9.87893e-16 0)
(-2.95008e-20 -9.87893e-16 0)
(-3.14784e-20 -9.87894e-16 0)
(-3.32648e-20 -9.87894e-16 0)
(-3.4848e-20 -9.87895e-16 0)
(-3.62163e-20 -9.87895e-16 0)
(-3.73574e-20 -9.87896e-16 0)
(-3.82594e-20 -9.87896e-16 0)
(-3.89105e-20 -9.87897e-16 0)
(-3.92988e-20 -9.87898e-16 0)
(-3.94134e-20 -9.87899e-16 0)
(-3.92437e-20 -9.879e-16 0)
(-3.87806e-20 -9.87901e-16 0)
(-3.80159e-20 -9.87902e-16 0)
(-3.69433e-20 -9.87903e-16 0)
(-3.55587e-20 -9.87904e-16 0)
(-3.38605e-20 -9.87905e-16 0)
(-3.185e-20 -9.87906e-16 0)
(-2.95322e-20 -9.87907e-16 0)
(-2.69159e-20 -9.87908e-16 0)
(-2.40144e-20 -9.87909e-16 0)
(-2.08453e-20 -9.8791e-16 0)
(-1.74313e-20 -9.87911e-16 0)
(-1.37995e-20 -9.87912e-16 0)
(-9.98202e-21 -9.87913e-16 0)
(-6.01459e-21 -9.87914e-16 0)
(-1.93647e-21 -9.87915e-16 0)
(2.21074e-21 -9.87915e-16 0)
(6.38427e-21 -9.87915e-16 0)
(1.05415e-20 -9.87915e-16 0)
(1.46411e-20 -9.87915e-16 0)
(-1.69045e-21 -9.87887e-16 0)
(-5.03488e-21 -9.87887e-16 0)
(-8.30077e-21 -9.87887e-16 0)
(-1.14772e-20 -9.87887e-16 0)
(-1.4554e-20 -9.87887e-16 0)
(-1.75212e-20 -9.87887e-16 0)
(-2.03691e-20 -9.87888e-16 0)
(-2.30879e-20 -9.87888e-16 0)
(-2.56678e-20 -9.87888e-16 0)
(-2.80987e-20 -9.87889e-16 0)
(-3.03704e-20 -9.8789e-16 0)
(-3.24719e-20 -9.8789e-16 0)
(-3.43924e-20 -9.87891e-16 0)
(-3.61204e-20 -9.87892e-16 0)
(-3.76439e-20 -9.87893e-16 0)
(-3.89507e-20 -9.87894e-16 0)
(-4.00282e-20 -9.87895e-16 0)
(-4.08636e-20 -9.87896e-16 0)
(-4.14436e-20 -9.87897e-16 0)
(-4.17552e-20 -9.87899e-16 0)
(-4.1785e-20 -9.879e-16 0)
(-4.15202e-20 -9.87902e-16 0)
(-4.09482e-20 -9.87903e-16 0)
(-4.00574e-20 -9.87905e-16 0)
(-3.88374e-20 -9.87907e-16 0)
(-3.72795e-20 -9.87909e-16 0)
(-3.5377e-20 -9.87911e-16 0)
(-3.31266e-20 -9.87913e-16 0)
(-3.05286e-20 -9.87915e-16 0)
(-2.75878e-20 -9.87917e-16 0)
(-2.43146e-20 -9.87919e-16 0)
(-2.07258e-20 -9.87921e-16 0)
(-1.68449e-20 -9.87922e-16 0)
(-1.2703e-20 -9.87924e-16 0)
(-8.33865e-21 -9.87925e-16 0)
(-3.7973e-21 -9.87926e-16 0)
(8.69369e-22 -9.87927e-16 0)
(5.6052e-21 -9.87928e-16 0)
(1.03516e-20 -9.87928e-16 0)
(1.50498e-20 -9.87928e-16 0)
(-1.73737e-21 -9.87882e-16 0)
(-5.1759e-21 -9.87882e-16 0)
(-8.53737e-21 -9.87882e-16 0)
(-1.18128e-20 -9.87882e-16 0)
(-1.49938e-20 -9.87882e-16 0)
(-1.8072e-20 -9.87883e-16 0)
(-2.10393e-20 -9.87883e-16 0)
(-2.38874e-20 -9.87884e-16 0)
(-2.66079e-20 -9.87884e-16 0)
(-2.91921e-20 -9.87885e-16 0)
(-3.16306e-20 -9.87886e-16 0)
(-3.39141e-20 -9.87887e-16 0)
(-3.60323e-20 -9.87888e-16 0)
(-3.79744e-20 -9.87889e-16 0)
(-3.97292e-20 -9.8789e-16 0)
(-4.12844e-20 -9.87891e-16 0)
(-4.26272e-20 -9.87893e-16 0)
(-4.37439e-20 -9.87894e-16 0)
(-4.46199e-20 -9.87896e-16 0)
(-4.52398e-20 -9.87898e-16 0)
(-4.55871e-20 -9.879e-16 0)
(-4.56446e-20 -9.87902e-16 0)
(-4.5394e-20 -9.87905e-16 0)
(-4.48164e-20 -9.87907e-16 0)
(-4.38923e-20 -9.8791e-16 0)
(-4.26023e-20 -9.87913e-16 0)
(-4.09272e-20 -9.87915e-16 0)
(-3.88493e-20 -9.87918e-16 0)
(-3.63532e-20 -9.87921e-16 0)
(-3.34273e-20 -9.87924e-16 0)
(-3.00655e-20 -9.87927e-16 0)
(-2.62695e-20 -9.8793e-16 0)
(-2.20504e-20 -9.87933e-16 0)
(-1.74313e-20 -9.87936e-16 0)
(-1.24487e-20 -9.87938e-16 0)
(-7.15413e-21 -9.8794e-16 0)
(-1.61355e-21 -9.87941e-16 0)
(4.0936e-21 -9.87942e-16 0)
(9.87764e-21 -9.87943e-16 0)
(1.56434e-20 -9.87943e-16 0)
(-1.79631e-21 -9.87876e-16 0)
(-5.35306e-21 -9.87877e-16 0)
(-8.83472e-21 -9.87877e-16 0)
(-1.22348e-20 -9.87877e-16 0)
(-1.55471e-20 -9.87877e-16 0)
(-1.87656e-20 -9.87878e-16 0)
(-2.1884e-20 -9.87878e-16 0)
(-2.48963e-20 -9.87879e-16 0)
(-2.77957e-20 -9.8788e-16 0)
(-3.05755e-20 -9.8788e-16 0)
(-3.32281e-20 -9.87881e-16 0)
(-3.57457e-20 -9.87882e-16 0)
(-3.81197e-20 -9.87884e-16 0)
(-4.03407e-20 -9.87885e-16 0)
(-4.23986e-20 -9.87886e-16 0)
(-4.42821e-20 -9.87888e-16 0)
(-4.59791e-20 -9.8789e-16 0)
(-4.74758e-20 -9.87892e-16 0)
(-4.87574e-20 -9.87894e-16 0)
(-4.98069e-20 -9.87897e-16 0)
(-5.06058e-20 -9.87899e-16 0)
(-5.11331e-20 -9.87902e-16 0)
(-5.13653e-20 -9.87905e-16 0)
(-5.12762e-20 -9.87908e-16 0)
(-5.08363e-20 -9.87912e-16 0)
(-5.00132e-20 -9.87915e-16 0)
(-4.87713e-20 -9.87919e-16 0)
(-4.70723e-20 -9.87923e-16 0)
(-4.48762e-20 -9.87928e-16 0)
(-4.21426e-20 -9.87932e-16 0)
(-3.88335e-20 -9.87936e-16 0)
(-3.49162e-20 -9.87941e-16 0)
(-3.03681e-20 -9.87945e-16 0)
(-2.51822e-20 -9.87949e-16 0)
(-1.93732e-20 -9.87953e-16 0)
(-1.29838e-20 -9.87956e-16 0)
(-6.08979e-21 -9.87959e-16 0)
(1.19721e-21 -9.87961e-16 0)
(8.73169e-21 -9.87962e-16 0)
(1.63418e-20 -9.87962e-16 0)
(-1.86431e-21 -9.87871e-16 0)
(-5.55748e-21 -9.87871e-16 0)
(-9.17797e-21 -9.87871e-16 0)
(-1.27222e-20 -9.87872e-16 0)
(-1.61867e-20 -9.87872e-16 0)
(-1.95681e-20 -9.87873e-16 0)
(-2.28626e-20 -9.87873e-16 0)
(-2.60665e-20 -9.87874e-16 0)
(-2.91757e-20 -9.87875e-16 0)
(-3.21855e-20 -9.87876e-16 0)
(-3.5091e-20 -9.87877e-16 0)
(-3.78866e-20 -9.87878e-16 0)
(-4.05658e-20 -9.87879e-16 0)
(-4.31218e-20 -9.87881e-16 0)
(-4.55464e-20 -9.87882e-16 0)
(-4.78308e-20 -9.87884e-16 0)
(-4.99644e-20 -9.87886e-16 0)
(-5.19358e-20 -9.87889e-16 0)
(-5.37312e-20 -9.87891e-16 0)
(-5.5335e-20 -9.87894e-16 0)
(-5.67289e-20 -9.87897e-16 0)
(-5.78916e-20 -9.879e-16 0)
(-5.87976e-20 -9.87904e-16 0)
(-5.94167e-20 -9.87908e-16 0)
(-5.97131e-20 -9.87912e-16 0)
(-5.96437e-20 -9.87917e-16 0)
(-5.91575e-20 -9.87922e-16 0)
(-5.81938e-20 -9.87927e-16 0)
(-5.66818e-20 -9.87933e-16 0)
(-5.45402e-20 -9.87939e-16 0)
(-5.16778e-20 -9.87945e-16 0)
(-4.7997e-20 -9.87951e-16 0)
(-4.33985e-20 -9.87958e-16 0)
(-3.77914e-20 -9.87964e-16 0)
(-3.11062e-20 -9.8797e-16 0)
(-2.33144e-20 -9.87976e-16 0)
(-1.44504e-20 -9.87981e-16 0)
(-4.63509e-21 -9.87985e-16 0)
(5.90596e-21 -9.87988e-16 0)
(1.684e-20 -9.87989e-16 0)
(-1.93785e-21 -9.87866e-16 0)
(-5.77865e-21 -9.87866e-16 0)
(-9.54951e-21 -9.87866e-16 0)
(-1.32501e-20 -9.87866e-16 0)
(-1.68802e-20 -9.87867e-16 0)
(-2.04391e-20 -9.87867e-16 0)
(-2.39261e-20 -9.87868e-16 0)
(-2.73404e-20 -9.87869e-16 0)
(-3.06804e-20 -9.87869e-16 0)
(-3.39445e-20 -9.8787e-16 0)
(-3.71307e-20 -9.87872e-16 0)
(-4.02361e-20 -9.87873e-16 0)
(-4.32577e-20 -9.87874e-16 0)
(-4.61914e-20 -9.87876e-16 0)
(-4.90326e-20 -9.87878e-16 0)
(-5.17757e-20 -9.8788e-16 0)
(-5.44141e-20 -9.87882e-16 0)
(-5.694e-20 -9.87884e-16 0)
(-5.93439e-20 -9.87887e-16 0)
(-6.16148e-20 -9.8789e-16 0)
(-6.37389e-20 -9.87894e-16 0)
(-6.56999e-20 -9.87897e-16 0)
(-6.74773e-20 -9.87901e-16 0)
(-6.90457e-20 -9.87906e-16 0)
(-7.03727e-20 -9.87911e-16 0)
(-7.14168e-20 -9.87916e-16 0)
(-7.21243e-20 -9.87922e-16 0)
(-7.24254e-20 -9.87928e-16 0)
(-7.22291e-20 -9.87935e-16 0)
(-7.14177e-20 -9.87943e-16 0)
(-6.98404e-20 -9.87951e-16 0)
(-6.73076e-20 -9.8796e-16 0)
(-6.35874e-20 -9.8797e-16 0)
(-5.8408e-20 -9.8798e-16 0)
(-5.14694e-20 -9.8799e-16 0)
(-4.24736e-20 -9.88001e-16 0)
(-3.118e-20 -9.88011e-16 0)
(-1.74946e-20 -9.8802e-16 0)
(-1.59409e-21 -9.88027e-16 0)
(1.59343e-20 -9.88031e-16 0)
(-2.01304e-21 -9.8786e-16 0)
(-6.00482e-21 -9.8786e-16 0)
(-9.92968e-21 -9.8786e-16 0)
(-1.37908e-20 -9.87861e-16 0)
(-1.75911e-20 -9.87861e-16 0)
(-2.13332e-20 -9.87862e-16 0)
(-2.50195e-20 -9.87862e-16 0)
(-2.86521e-20 -9.87863e-16 0)
(-3.22328e-20 -9.87864e-16 0)
(-3.57631e-20 -9.87865e-16 0)
(-3.92442e-20 -9.87866e-16 0)
(-4.26767e-20 -9.87867e-16 0)
(-4.60612e-20 -9.87869e-16 0)
(-4.93975e-20 -9.8787e-16 0)
(-5.26852e-20 -9.87872e-16 0)
(-5.59231e-20 -9.87874e-16 0)
(-5.91097e-20 -9.87876e-16 0)
(-6.22428e-20 -9.87879e-16 0)
(-6.53195e-20 -9.87882e-16 0)
(-6.83362e-20 -9.87885e-16 0)
(-7.12885e-20 -9.87889e-16 0)
(-7.41707e-20 -9.87892e-16 0)
(-7.69761e-20 -9.87897e-16 0)
(-7.96954e-20 -9.87901e-16 0)
(-8.23163e-20 -9.87907e-16 0)
(-8.48214e-20 -9.87912e-16 0)
(-8.71845e-20 -9.87919e-16 0)
(-8.93663e-20 -9.87926e-16 0)
(-9.13056e-20 -9.87934e-16 0)
(-9.29077e-20 -9.87943e-16 0)
(-9.40262e-20 -9.87953e-16 0)
(-9.4437e-20 -9.87964e-16 0)
(-9.38031e-20 -9.87977e-16 0)
(-9.16297e-20 -9.87992e-16 0)
(-8.72112e-20 -9.88008e-16 0)
(-7.95843e-20 -9.88027e-16 0)
(-6.75154e-20 -9.88048e-16 0)
(-4.95892e-20 -9.88071e-16 0)
(-2.45375e-20 -9.88092e-16 0)
(7.92572e-21 -9.88109e-16 0)
(-2.08573e-21 -9.87854e-16 0)
(-6.22356e-21 -9.87854e-16 0)
(-1.02976e-20 -9.87854e-16 0)
(-1.43146e-20 -9.87855e-16 0)
(-1.82807e-20 -9.87855e-16 0)
(-2.22018e-20 -9.87855e-16 0)
(-2.60836e-20 -9.87856e-16 0)
(-2.99312e-20 -9.87857e-16 0)
(-3.37498e-20 -9.87858e-16 0)
(-3.75442e-20 -9.87859e-16 0)
(-4.13191e-20 -9.8786e-16 0)
(-4.50788e-20 -9.87861e-16 0)
(-4.88278e-20 -9.87862e-16 0)
(-5.257e-20 -9.87864e-16 0)
(-5.63095e-20 -9.87866e-16 0)
(-6.00501e-20 -9.87868e-16 0)
(-6.37958e-20 -9.8787e-16 0)
(-6.75505e-20 -9.87872e-16 0)
(-7.13184e-20 -9.87875e-16 0)
(-7.51047e-20 -9.87878e-16 0)
(-7.89152e-20 -9.87882e-16 0)
(-8.27581e-20 -9.87885e-16 0)
(-8.66436e-20 -9.8789e-16 0)
(-9.05862e-20 -9.87894e-16 0)
(-9.46054e-20 -9.87899e-16 0)
(-9.87277e-20 -9.87905e-16 0)
(-1.02988e-19 -9.87911e-16 0)
(-1.07432e-19 -9.87918e-16 0)
(-1.12113e-19 -9.87926e-16 0)
(-1.17094e-19 -9.87935e-16 0)
(-1.22433e-19 -9.87945e-16 0)
(-1.28161e-19 -9.87957e-16 0)
(-1.34233e-19 -9.87971e-16 0)
(-1.40433e-19 -9.87988e-16 0)
(-1.46184e-19 -9.88009e-16 0)
(-1.50206e-19 -9.88037e-16 0)
(-1.49882e-19 -9.88073e-16 0)
(-1.40109e-19 -9.88123e-16 0)
(-1.1125e-19 -9.88192e-16 0)
(-4.55082e-20 -9.92063e-16 0)
(-2.15176e-21 -9.87848e-16 0)
(-6.42233e-21 -9.87848e-16 0)
(-1.06323e-20 -9.87848e-16 0)
(-1.47916e-20 -9.87848e-16 0)
(-1.89097e-20 -9.87849e-16 0)
(-2.29958e-20 -9.87849e-16 0)
(-2.70583e-20 -9.8785e-16 0)
(-3.11057e-20 -9.8785e-16 0)
(-3.51463e-20 -9.87851e-16 0)
(-3.91882e-20 -9.87852e-16 0)
(-4.32395e-20 -9.87853e-16 0)
(-4.73084e-20 -9.87854e-16 0)
(-5.14029e-20 -9.87855e-16 0)
(-5.55312e-20 -9.87857e-16 0)
(-5.97017e-20 -9.87858e-16 0)
(-6.39227e-20 -9.8786e-16 0)
(-6.82031e-20 -9.87862e-16 0)
(-7.2552e-20 -9.87864e-16 0)
(-7.69793e-20 -9.87867e-16 0)
(-8.14963e-20 -9.8787e-16 0)
(-8.6116e-20 -9.87873e-16 0)
(-9.08546e-20 -9.87876e-16 0)
(-9.57331e-20 -9.8788e-16 0)
(-1.0078e-19 -9.87884e-16 0)
(-1.06034e-19 -9.87889e-16 0)
(-1.11554e-19 -9.87894e-16 0)
(-1.1742e-19 -9.87899e-16 0)
(-1.23757e-19 -9.87905e-16 0)
(-1.30743e-19 -9.87911e-16 0)
(-1.38651e-19 -9.87918e-16 0)
(-1.47886e-19 -9.87926e-16 0)
(-1.59068e-19 -9.87934e-16 0)
(-1.73145e-19 -9.87942e-16 0)
(-1.91593e-19 -9.87952e-16 0)
(-2.16734e-19 -9.87963e-16 0)
(-2.5228e-19 -9.87977e-16 0)
(-3.04245e-19 -9.87993e-16 0)
(-3.82502e-19 -9.88014e-16 0)
(-5.05636e-19 -9.88042e-16 0)
(-6.38944e-09 -5.20548e-13 0)
(-2.20713e-21 -9.87842e-16 0)
(-6.58916e-21 -9.87842e-16 0)
(-1.09135e-20 -9.87842e-16 0)
(-1.51932e-20 -9.87842e-16 0)
(-1.94406e-20 -9.87842e-16 0)
(-2.36676e-20 -9.87843e-16 0)
(-2.78857e-20 -9.87843e-16 0)
(-3.2106e-20 -9.87844e-16 0)
(-3.63398e-20 -9.87844e-16 0)
(-4.05983e-20 -9.87845e-16 0)
(-4.48929e-20 -9.87846e-16 0)
(-4.92349e-20 -9.87847e-16 0)
(-5.36362e-20 -9.87848e-16 0)
(-5.81085e-20 -9.87849e-16 0)
(-6.26642e-20 -9.8785e-16 0)
(-6.73154e-20 -9.87852e-16 0)
(-7.2075e-20 -9.87853e-16 0)
(-7.69558e-20 -9.87855e-16 0)
(-8.19709e-20 -9.87857e-16 0)
(-8.71336e-20 -9.8786e-16 0)
(-9.2458e-20 -9.87862e-16 0)
(-9.79588e-20 -9.87865e-16 0)
(-1.03652e-19 -9.87869e-16 0)
(-1.09557e-19 -9.87872e-16 0)
(-1.15695e-19 -9.87876e-16 0)
(-1.22098e-19 -9.8788e-16 0)
(-1.28808e-19 -9.87884e-16 0)
(-1.35883e-19 -9.87889e-16 0)
(-1.43412e-19 -9.87893e-16 0)
(-1.51524e-19 -9.87898e-16 0)
(-1.60403e-19 -9.87902e-16 0)
(-1.70318e-19 -9.87905e-16 0)
(-1.81636e-19 -9.87907e-16 0)
(-1.94843e-19 -9.87906e-16 0)
(-2.10541e-19 -9.87902e-16 0)
(-2.29385e-19 -9.87893e-16 0)
(-2.519e-19 -9.87874e-16 0)
(-2.78054e-19 -9.87843e-16 0)
(-1.72222e-16 -9.87792e-16 0)
(-1.61518e-06 -5.77137e-11 0)
(-2.24827e-21 -9.87835e-16 0)
(-6.71324e-21 -9.87835e-16 0)
(-1.11231e-20 -9.87835e-16 0)
(-1.54936e-20 -9.87836e-16 0)
(-1.98394e-20 -9.87836e-16 0)
(-2.41747e-20 -9.87836e-16 0)
(-2.85133e-20 -9.87836e-16 0)
(-3.2869e-20 -9.87837e-16 0)
(-3.72554e-20 -9.87837e-16 0)
(-4.16863e-20 -9.87837e-16 0)
(-4.61761e-20 -9.87838e-16 0)
(-5.07389e-20 -9.87839e-16 0)
(-5.53898e-20 -9.87839e-16 0)
(-6.01441e-20 -9.8784e-16 0)
(-6.50172e-20 -9.87841e-16 0)
(-7.00254e-20 -9.87842e-16 0)
(-7.51846e-20 -9.87844e-16 0)
(-8.05109e-20 -9.87845e-16 0)
(-8.60199e-20 -9.87847e-16 0)
(-9.1726e-20 -9.87849e-16 0)
(-9.76419e-20 -9.87851e-16 0)
(-1.03777e-19 -9.87853e-16 0)
(-1.10137e-19 -9.87856e-16 0)
(-1.1672e-19 -9.87858e-16 0)
(-1.23515e-19 -9.87861e-16 0)
(-1.30497e-19 -9.87865e-16 0)
(-1.37623e-19 -9.87868e-16 0)
(-1.44827e-19 -9.87872e-16 0)
(-1.52004e-19 -9.87876e-16 0)
(-1.59006e-19 -9.87879e-16 0)
(-1.65621e-19 -9.87883e-16 0)
(-1.71551e-19 -9.87885e-16 0)
(-1.7638e-19 -9.87886e-16 0)
(-1.79529e-19 -9.87885e-16 0)
(-1.80189e-19 -9.87881e-16 0)
(-1.77226e-19 -9.87872e-16 0)
(-1.69044e-19 -9.87856e-16 0)
(-1.53382e-19 -9.87832e-16 0)
(-6.88226e-15 -9.87798e-16 0)
(-6.97557e-07 -1.67908e-10 0)
(-2.27218e-21 -9.87829e-16 0)
(-6.78559e-21 -9.87829e-16 0)
(-1.12461e-20 -9.87829e-16 0)
(-1.56713e-20 -9.87829e-16 0)
(-2.00776e-20 -9.87829e-16 0)
(-2.4481e-20 -9.87829e-16 0)
(-2.88971e-20 -9.87829e-16 0)
(-3.33415e-20 -9.87829e-16 0)
(-3.78297e-20 -9.8783e-16 0)
(-4.23776e-20 -9.8783e-16 0)
(-4.70016e-20 -9.8783e-16 0)
(-5.17185e-20 -9.8783e-16 0)
(-5.65458e-20 -9.87831e-16 0)
(-6.15019e-20 -9.87831e-16 0)
(-6.66055e-20 -9.87832e-16 0)
(-7.18764e-20 -9.87833e-16 0)
(-7.73346e-20 -9.87833e-16 0)
(-8.30006e-20 -9.87834e-16 0)
(-8.88943e-20 -9.87835e-16 0)
(-9.50348e-20 -9.87836e-16 0)
(-1.01439e-19 -9.87838e-16 0)
(-1.08119e-19 -9.87839e-16 0)
(-1.15081e-19 -9.87841e-16 0)
(-1.22321e-19 -9.87843e-16 0)
(-1.29818e-19 -9.87845e-16 0)
(-1.37528e-19 -9.87848e-16 0)
(-1.45371e-19 -9.87851e-16 0)
(-1.53221e-19 -9.87854e-16 0)
(-1.60881e-19 -9.87858e-16 0)
(-1.68058e-19 -9.87863e-16 0)
(-1.74335e-19 -9.87868e-16 0)
(-1.79125e-19 -9.87873e-16 0)
(-1.81636e-19 -9.87879e-16 0)
(-1.80822e-19 -9.87886e-16 0)
(-1.75367e-19 -9.87893e-16 0)
(-1.63692e-19 -9.87899e-16 0)
(-1.4406e-19 -9.87905e-16 0)
(-1.14823e-19 -9.87908e-16 0)
(-6.36573e-15 -9.87909e-16 0)
(-8.52348e-09 -2.18415e-10 0)
(-2.27665e-21 -9.87822e-16 0)
(-6.79953e-21 -9.87822e-16 0)
(-1.12712e-20 -9.87822e-16 0)
(-1.57102e-20 -9.87822e-16 0)
(-2.01341e-20 -9.87822e-16 0)
(-2.456e-20 -9.87822e-16 0)
(-2.90045e-20 -9.87822e-16 0)
(-3.3484e-20 -9.87822e-16 0)
(-3.80155e-20 -9.87822e-16 0)
(-4.26159e-20 -9.87822e-16 0)
(-4.7303e-20 -9.87822e-16 0)
(-5.20954e-20 -9.87822e-16 0)
(-5.70122e-20 -9.87822e-16 0)
(-6.20742e-20 -9.87822e-16 0)
(-6.73029e-20 -9.87822e-16 0)
(-7.27215e-20 -9.87822e-16 0)
(-7.83546e-20 -9.87822e-16 0)
(-8.42279e-20 -9.87823e-16 0)
(-9.03689e-20 -9.87823e-16 0)
(-9.6806e-20 -9.87823e-16 0)
(-1.03568e-19 -9.87824e-16 0)
(-1.10685e-19 -9.87824e-16 0)
(-1.18184e-19 -9.87825e-16 0)
(-1.2609e-19 -9.87826e-16 0)
(-1.34421e-19 -9.87827e-16 0)
(-1.43182e-19 -9.87829e-16 0)
(-1.52361e-19 -9.87831e-16 0)
(-1.61915e-19 -9.87834e-16 0)
(-1.71752e-19 -9.87838e-16 0)
(-1.81705e-19 -9.87842e-16 0)
(-1.91493e-19 -9.87849e-16 0)
(-2.0066e-19 -9.87857e-16 0)
(-2.0849e-19 -9.87869e-16 0)
(-2.13878e-19 -9.87884e-16 0)
(-2.15162e-19 -9.87905e-16 0)
(-2.09881e-19 -9.87932e-16 0)
(-1.94489e-19 -9.87967e-16 0)
(-1.64039e-19 -9.88011e-16 0)
(-9.42797e-15 -9.88066e-16 0)
(-8.2981e-15 -1.15264e-09 0)
(-2.26035e-21 -9.87816e-16 0)
(-6.7511e-21 -9.87816e-16 0)
(-1.11917e-20 -9.87815e-16 0)
(-1.56009e-20 -9.87815e-16 0)
(-1.99966e-20 -9.87815e-16 0)
(-2.4396e-20 -9.87815e-16 0)
(-2.8816e-20 -9.87815e-16 0)
(-3.32732e-20 -9.87815e-16 0)
(-3.77846e-20 -9.87814e-16 0)
(-4.23676e-20 -9.87814e-16 0)
(-4.70402e-20 -9.87814e-16 0)
(-5.18213e-20 -9.87813e-16 0)
(-5.6731e-20 -9.87813e-16 0)
(-6.17906e-20 -9.87813e-16 0)
(-6.70234e-20 -9.87812e-16 0)
(-7.24545e-20 -9.87812e-16 0)
(-7.81115e-20 -9.87811e-16 0)
(-8.40249e-20 -9.87811e-16 0)
(-9.0229e-20 -9.8781e-16 0)
(-9.67621e-20 -9.8781e-16 0)
(-1.03668e-19 -9.87809e-16 0)
(-1.10997e-19 -9.87809e-16 0)
(-1.18808e-19 -9.87808e-16 0)
(-1.27171e-19 -9.87808e-16 0)
(-1.3617e-19 -9.87808e-16 0)
(-1.45907e-19 -9.87808e-16 0)
(-1.56509e-19 -9.87808e-16 0)
(-1.68135e-19 -9.87808e-16 0)
(-1.80986e-19 -9.8781e-16 0)
(-1.95311e-19 -9.87812e-16 0)
(-2.11424e-19 -9.87816e-16 0)
(-2.29695e-19 -9.87822e-16 0)
(-2.50538e-19 -9.87832e-16 0)
(-2.74332e-19 -9.87847e-16 0)
(-3.0125e-19 -9.87869e-16 0)
(-3.30859e-19 -9.87903e-16 0)
(-3.61308e-19 -9.87955e-16 0)
(-3.87705e-19 -9.88035e-16 0)
(-4.91035e-13 -2.80835e-15 0)
(-4.81346e-13 -3.11034e-05 0)
(-2.22295e-21 -9.87809e-16 0)
(-6.63926e-21 -9.87809e-16 0)
(-1.10058e-20 -9.87809e-16 0)
(-1.5341e-20 -9.87809e-16 0)
(-1.96619e-20 -9.87808e-16 0)
(-2.39853e-20 -9.87808e-16 0)
(-2.83271e-20 -9.87808e-16 0)
(-3.27036e-20 -9.87807e-16 0)
(-3.71308e-20 -9.87807e-16 0)
(-4.16252e-20 -9.87806e-16 0)
(-4.62038e-20 -9.87806e-16 0)
(-5.08847e-20 -9.87805e-16 0)
(-5.56867e-20 -9.87804e-16 0)
(-6.06302e-20 -9.87803e-16 0)
(-6.57375e-20 -9.87803e-16 0)
(-7.10329e-20 -9.87802e-16 0)
(-7.65436e-20 -9.878e-16 0)
(-8.23003e-20 -9.87799e-16 0)
(-8.83384e-20 -9.87798e-16 0)
(-9.46989e-20 -9.87797e-16 0)
(-1.01431e-19 -9.87795e-16 0)
(-1.08592e-19 -9.87793e-16 0)
(-1.16257e-19 -9.87791e-16 0)
(-1.24515e-19 -9.87789e-16 0)
(-1.33485e-19 -9.87787e-16 0)
(-1.4332e-19 -9.87785e-16 0)
(-1.54228e-19 -9.87782e-16 0)
(-1.66493e-19 -9.87779e-16 0)
(-1.80514e-19 -9.87776e-16 0)
(-1.96867e-19 -9.87772e-16 0)
(-2.16397e-19 -9.87769e-16 0)
(-2.40379e-19 -9.87764e-16 0)
(-2.70778e-19 -9.8776e-16 0)
(-3.10689e-19 -9.87754e-16 0)
(-3.65081e-19 -9.87748e-16 0)
(-4.42085e-19 -9.8774e-16 0)
(-5.55185e-19 -9.87729e-16 0)
(-2.26174e-18 -9.87714e-16 0)
(-5.70757e-07 -8.9063e-10 0)
(-4.67321e-07 -0.000184208 0)
(-2.16504e-21 -9.87803e-16 0)
(-6.46586e-21 -9.87803e-16 0)
(-1.07169e-20 -9.87803e-16 0)
(-1.49351e-20 -9.87802e-16 0)
(-1.91364e-20 -9.87802e-16 0)
(-2.3336e-20 -9.87801e-16 0)
(-2.75486e-20 -9.87801e-16 0)
(-3.17886e-20 -9.878e-16 0)
(-3.60705e-20 -9.878e-16 0)
(-4.04086e-20 -9.87799e-16 0)
(-4.4818e-20 -9.87798e-16 0)
(-4.93139e-20 -9.87797e-16 0)
(-5.39126e-20 -9.87796e-16 0)
(-5.86312e-20 -9.87795e-16 0)
(-6.3488e-20 -9.87793e-16 0)
(-6.85033e-20 -9.87792e-16 0)
(-7.36991e-20 -9.8779e-16 0)
(-7.91003e-20 -9.87788e-16 0)
(-8.4735e-20 -9.87786e-16 0)
(-9.06356e-20 -9.87784e-16 0)
(-9.68398e-20 -9.87781e-16 0)
(-1.03393e-19 -9.87778e-16 0)
(-1.10347e-19 -9.87775e-16 0)
(-1.17769e-19 -9.87772e-16 0)
(-1.25736e-19 -9.87768e-16 0)
(-1.34345e-19 -9.87763e-16 0)
(-1.43715e-19 -9.87757e-16 0)
(-1.53986e-19 -9.87751e-16 0)
(-1.65326e-19 -9.87744e-16 0)
(-1.77921e-19 -9.87735e-16 0)
(-1.91963e-19 -9.87724e-16 0)
(-2.07601e-19 -9.87711e-16 0)
(-2.24848e-19 -9.87693e-16 0)
(-2.43383e-19 -9.8767e-16 0)
(-2.62164e-19 -9.8764e-16 0)
(-2.78687e-19 -9.87598e-16 0)
(-2.87596e-19 -9.87539e-16 0)
(-2.78629e-13 -9.87482e-16 0)
(-2.82971e-06 -1.26357e-08 0)
(-1.35579e-06 -0.000328107 0)
(-2.08814e-21 -9.87797e-16 0)
(-6.23547e-21 -9.87797e-16 0)
(-1.03326e-20 -9.87796e-16 0)
(-1.43946e-20 -9.87796e-16 0)
(-1.84353e-20 -9.87795e-16 0)
(-2.24679e-20 -9.87795e-16 0)
(-2.65051e-20 -9.87794e-16 0)
(-3.05589e-20 -9.87794e-16 0)
(-3.46412e-20 -9.87793e-16 0)
(-3.87638e-20 -9.87792e-16 0)
(-4.29384e-20 -9.8779e-16 0)
(-4.71765e-20 -9.87789e-16 0)
(-5.14903e-20 -9.87788e-16 0)
(-5.58917e-20 -9.87786e-16 0)
(-6.03934e-20 -9.87784e-16 0)
(-6.50084e-20 -9.87782e-16 0)
(-6.97504e-20 -9.8778e-16 0)
(-7.46336e-20 -9.87778e-16 0)
(-7.96732e-20 -9.87775e-16 0)
(-8.4885e-20 -9.87772e-16 0)
(-9.02859e-20 -9.87769e-16 0)
(-9.5893e-20 -9.87765e-16 0)
(-1.01724e-19 -9.87761e-16 0)
(-1.07794e-19 -9.87757e-16 0)
(-1.14117e-19 -9.87751e-16 0)
(-1.20699e-19 -9.87745e-16 0)
(-1.27537e-19 -9.87738e-16 0)
(-1.34603e-19 -9.8773e-16 0)
(-1.41838e-19 -9.87721e-16 0)
(-1.49123e-19 -9.8771e-16 0)
(-1.56254e-19 -9.87697e-16 0)
(-1.62892e-19 -9.87682e-16 0)
(-1.685e-19 -9.87664e-16 0)
(-1.72272e-19 -9.87642e-16 0)
(-1.73045e-19 -9.87617e-16 0)
(-1.69243e-19 -9.87587e-16 0)
(-1.58929e-19 -9.87553e-16 0)
(-2.03181e-12 -9.87641e-16 0)
(-1.69648e-06 -4.20911e-08 0)
(-4.41342e-07 -0.000361805 0)
(-1.9945e-21 -9.87791e-16 0)
(-5.95487e-21 -9.87791e-16 0)
(-9.86452e-21 -9.8779e-16 0)
(-1.3736e-20 -9.8779e-16 0)
(-1.75807e-20 -9.87789e-16 0)
(-2.14096e-20 -9.87789e-16 0)
(-2.52325e-20 -9.87788e-16 0)
(-2.9059e-20 -9.87787e-16 0)
(-3.2898e-20 -9.87786e-16 0)
(-3.67578e-20 -9.87785e-16 0)
(-4.06465e-20 -9.87783e-16 0)
(-4.45714e-20 -9.87782e-16 0)
(-4.85397e-20 -9.8778e-16 0)
(-5.25578e-20 -9.87778e-16 0)
(-5.66316e-20 -9.87776e-16 0)
(-6.07662e-20 -9.87774e-16 0)
(-6.49656e-20 -9.87772e-16 0)
(-6.92328e-20 -9.87769e-16 0)
(-7.35688e-20 -9.87766e-16 0)
(-7.79727e-20 -9.87762e-16 0)
(-8.244e-20 -9.87759e-16 0)
(-8.69621e-20 -9.87755e-16 0)
(-9.15243e-20 -9.8775e-16 0)
(-9.61033e-20 -9.87745e-16 0)
(-1.00664e-19 -9.87739e-16 0)
(-1.05157e-19 -9.87733e-16 0)
(-1.09508e-19 -9.87725e-16 0)
(-1.13616e-19 -9.87717e-16 0)
(-1.17341e-19 -9.87708e-16 0)
(-1.20492e-19 -9.87698e-16 0)
(-1.22819e-19 -9.87686e-16 0)
(-1.23995e-19 -9.87674e-16 0)
(-1.23616e-19 -9.87659e-16 0)
(-1.21194e-19 -9.87644e-16 0)
(-1.16183e-19 -9.87627e-16 0)
(-1.08016e-19 -9.87609e-16 0)
(-9.62052e-20 -9.87592e-16 0)
(-3.17418e-12 -9.8787e-16 0)
(-1.03166e-06 -8.3756e-08 0)
(3.16805e-08 -0.000381459 0)
(-1.8869e-21 -9.87785e-16 0)
(-5.63253e-21 -9.87785e-16 0)
(-9.32691e-21 -9.87785e-16 0)
(-1.29799e-20 -9.87784e-16 0)
(-1.66003e-20 -9.87784e-16 0)
(-2.01963e-20 -9.87783e-16 0)
(-2.37751e-20 -9.87782e-16 0)
(-2.73435e-20 -9.87781e-16 0)
(-3.09071e-20 -9.8778e-16 0)
(-3.44711e-20 -9.87779e-16 0)
(-3.80396e-20 -9.87777e-16 0)
(-4.16162e-20 -9.87775e-16 0)
(-4.52031e-20 -9.87774e-16 0)
(-4.88014e-20 -9.87771e-16 0)
(-5.24109e-20 -9.87769e-16 0)
(-5.60298e-20 -9.87767e-16 0)
(-5.9654e-20 -9.87764e-16 0)
(-6.32771e-20 -9.87761e-16 0)
(-6.68894e-20 -9.87758e-16 0)
(-7.04773e-20 -9.87754e-16 0)
(-7.40226e-20 -9.8775e-16 0)
(-7.75004e-20 -9.87746e-16 0)
(-8.08787e-20 -9.87742e-16 0)
(-8.41155e-20 -9.87736e-16 0)
(-8.71573e-20 -9.87731e-16 0)
(-8.99363e-20 -9.87725e-16 0)
(-9.23677e-20 -9.87718e-16 0)
(-9.43468e-20 -9.87711e-16 0)
(-9.57466e-20 -9.87703e-16 0)
(-9.64165e-20 -9.87694e-16 0)
(-9.61821e-20 -9.87685e-16 0)
(-9.48491e-20 -9.87675e-16 0)
(-9.22105e-20 -9.87665e-16 0)
(-8.80607e-20 -9.87655e-16 0)
(-8.22164e-20 -9.87644e-16 0)
(-7.45455e-20 -9.87634e-16 0)
(-6.50141e-20 -9.87625e-16 0)
(-3.9429e-12 -9.88136e-16 0)
(-7.5298e-07 -1.32619e-07 0)
(2.05344e-07 -0.000395499 0)
(-1.76848e-21 -9.8778e-16 0)
(-5.27785e-21 -9.8778e-16 0)
(-8.73572e-21 -9.87779e-16 0)
(-1.21491e-20 -9.87779e-16 0)
(-1.55242e-20 -9.87778e-16 0)
(-1.88666e-20 -9.87777e-16 0)
(-2.21808e-20 -9.87776e-16 0)
(-2.54708e-20 -9.87775e-16 0)
(-2.87395e-20 -9.87774e-16 0)
(-3.19889e-20 -9.87773e-16 0)
(-3.52201e-20 -9.87771e-16 0)
(-3.84328e-20 -9.87769e-16 0)
(-4.16257e-20 -9.87767e-16 0)
(-4.47956e-20 -9.87765e-16 0)
(-4.79379e-20 -9.87763e-16 0)
(-5.10457e-20 -9.8776e-16 0)
(-5.41096e-20 -9.87758e-16 0)
(-5.71174e-20 -9.87755e-16 0)
(-6.00535e-20 -9.87751e-16 0)
(-6.28983e-20 -9.87748e-16 0)
(-6.56272e-20 -9.87744e-16 0)
(-6.82105e-20 -9.8774e-16 0)
(-7.06119e-20 -9.87736e-16 0)
(-7.27878e-20 -9.87731e-16 0)
(-7.46869e-20 -9.87726e-16 0)
(-7.62488e-20 -9.8772e-16 0)
(-7.74045e-20 -9.87714e-16 0)
(-7.80759e-20 -9.87708e-16 0)
(-7.8177e-20 -9.87702e-16 0)
(-7.76161e-20 -9.87695e-16 0)
(-7.62992e-20 -9.87688e-16 0)
(-7.4135e-20 -9.87681e-16 0)
(-7.10426e-20 -9.87674e-16 0)
(-6.69602e-20 -9.87667e-16 0)
(-6.18556e-20 -9.87661e-16 0)
(-5.57372e-20 -9.87655e-16 0)
(-4.86779e-20 -9.87649e-16 0)
(-4.71791e-12 -9.88478e-16 0)
(-6.33363e-07 -1.95327e-07 0)
(2.5987e-07 -0.000407059 0)
(-1.64246e-21 -9.87775e-16 0)
(-4.90054e-21 -9.87775e-16 0)
(-8.10727e-21 -9.87774e-16 0)
(-1.1267e-20 -9.87774e-16 0)
(-1.43834e-20 -9.87773e-16 0)
(-1.74595e-20 -9.87772e-16 0)
(-2.04976e-20 -9.87771e-16 0)
(-2.34992e-20 -9.8777e-16 0)
(-2.64647e-20 -9.87769e-16 0)
(-2.93937e-20 -9.87768e-16 0)
(-3.22849e-20 -9.87766e-16 0)
(-3.51353e-20 -9.87764e-16 0)
(-3.79409e-20 -9.87762e-16 0)
(-4.0696e-20 -9.8776e-16 0)
(-4.33932e-20 -9.87758e-16 0)
(-4.60229e-20 -9.87755e-16 0)
(-4.85735e-20 -9.87752e-16 0)
(-5.10305e-20 -9.87749e-16 0)
(-5.33768e-20 -9.87746e-16 0)
(-5.55917e-20 -9.87743e-16 0)
(-5.76515e-20 -9.87739e-16 0)
(-5.9528e-20 -9.87735e-16 0)
(-6.11895e-20 -9.87731e-16 0)
(-6.25999e-20 -9.87727e-16 0)
(-6.37192e-20 -9.87723e-16 0)
(-6.45034e-20 -9.87718e-16 0)
(-6.49059e-20 -9.87713e-16 0)
(-6.48782e-20 -9.87708e-16 0)
(-6.43718e-20 -9.87703e-16 0)
(-6.33402e-20 -9.87698e-16 0)
(-6.17427e-20 -9.87692e-16 0)
(-5.9547e-20 -9.87687e-16 0)
(-5.67344e-20 -9.87682e-16 0)
(-5.3303e-20 -9.87678e-16 0)
(-4.92726e-20 -9.87674e-16 0)
(-4.46881e-20 -9.8767e-16 0)
(-3.96406e-20 -9.87667e-16 0)
(-6.23959e-12 -9.88963e-16 0)
(-5.78089e-07 -2.8124e-07 0)
(2.72305e-07 -0.000417349 0)
(-1.51196e-21 -9.8777e-16 0)
(-4.50999e-21 -9.8777e-16 0)
(-7.45733e-21 -9.8777e-16 0)
(-1.03559e-20 -9.87769e-16 0)
(-1.32071e-20 -9.87769e-16 0)
(-1.60118e-20 -9.87768e-16 0)
(-1.87703e-20 -9.87767e-16 0)
(-2.1482e-20 -9.87766e-16 0)
(-2.41457e-20 -9.87764e-16 0)
(-2.67591e-20 -9.87763e-16 0)
(-2.9319e-20 -9.87761e-16 0)
(-3.18211e-20 -9.87759e-16 0)
(-3.42598e-20 -9.87757e-16 0)
(-3.66281e-20 -9.87755e-16 0)
(-3.89177e-20 -9.87753e-16 0)
(-4.11184e-20 -9.87751e-16 0)
(-4.32185e-20 -9.87748e-16 0)
(-4.52042e-20 -9.87745e-16 0)
(-4.70597e-20 -9.87742e-16 0)
(-4.8767e-20 -9.87739e-16 0)
(-5.03061e-20 -9.87736e-16 0)
(-5.1655e-20 -9.87732e-16 0)
(-5.27894e-20 -9.87729e-16 0)
(-5.36836e-20 -9.87725e-16 0)
(-5.43107e-20 -9.87721e-16 0)
(-5.46432e-20 -9.87717e-16 0)
(-5.46538e-20 -9.87713e-16 0)
(-5.43169e-20 -9.87709e-16 0)
(-5.36095e-20 -9.87705e-16 0)
(-5.25134e-20 -9.87701e-16 0)
(-5.10162e-20 -9.87697e-16 0)
(-4.91141e-20 -9.87693e-16 0)
(-4.68126e-20 -9.8769e-16 0)
(-4.41289e-20 -9.87686e-16 0)
(-4.10923e-20 -9.87684e-16 0)
(-3.77449e-20 -9.87681e-16 0)
(-3.41667e-20 -9.87679e-16 0)
(-8.46877e-12 -9.89642e-16 0)
(-5.4931e-07 -3.9478e-07 0)
(2.6942e-07 -0.000426892 0)
(-1.37985e-21 -9.87766e-16 0)
(-4.11482e-21 -9.87766e-16 0)
(-6.80029e-21 -9.87766e-16 0)
(-9.43606e-21 -9.87765e-16 0)
(-1.20216e-20 -9.87764e-16 0)
(-1.45562e-20 -9.87764e-16 0)
(-1.70382e-20 -9.87763e-16 0)
(-1.94657e-20 -9.87761e-16 0)
(-2.18362e-20 -9.8776e-16 0)
(-2.41462e-20 -9.87759e-16 0)
(-2.63916e-20 -9.87757e-16 0)
(-2.85672e-20 -9.87755e-16 0)
(-3.06671e-20 -9.87754e-16 0)
(-3.26842e-20 -9.87751e-16 0)
(-3.46104e-20 -9.87749e-16 0)
(-3.64364e-20 -9.87747e-16 0)
(-3.8152e-20 -9.87744e-16 0)
(-3.97454e-20 -9.87742e-16 0)
(-4.1204e-20 -9.87739e-16 0)
(-4.25141e-20 -9.87736e-16 0)
(-4.36611e-20 -9.87733e-16 0)
(-4.46294e-20 -9.8773e-16 0)
(-4.54033e-20 -9.87727e-16 0)
(-4.59669e-20 -9.87724e-16 0)
(-4.63045e-20 -9.8772e-16 0)
(-4.64015e-20 -9.87717e-16 0)
(-4.62452e-20 -9.87713e-16 0)
(-4.58248e-20 -9.8771e-16 0)
(-4.51331e-20 -9.87707e-16 0)
(-4.41668e-20 -9.87704e-16 0)
(-4.29276e-20 -9.87701e-16 0)
(-4.14226e-20 -9.87698e-16 0)
(-3.9665e-20 -9.87695e-16 0)
(-3.76743e-20 -9.87693e-16 0)
(-3.54763e-20 -9.87691e-16 0)
(-3.31022e-20 -9.87689e-16 0)
(-3.06227e-20 -9.87688e-16 0)
(-1.16629e-11 -9.9066e-16 0)
(-5.30262e-07 -5.50259e-07 0)
(2.60071e-07 -0.00043591 0)
(-1.24865e-21 -9.87762e-16 0)
(-3.72254e-21 -9.87762e-16 0)
(-6.14866e-21 -9.87762e-16 0)
(-8.52507e-21 -9.87761e-16 0)
(-1.08497e-20 -9.87761e-16 0)
(-1.31202e-20 -9.8776e-16 0)
(-1.53341e-20 -9.87759e-16 0)
(-1.74882e-20 -9.87758e-16 0)
(-1.95792e-20 -9.87757e-16 0)
(-2.16029e-20 -9.87755e-16 0)
(-2.35549e-20 -9.87754e-16 0)
(-2.543e-20 -9.87752e-16 0)
(-2.72224e-20 -9.8775e-16 0)
(-2.89256e-20 -9.87748e-16 0)
(-3.05327e-20 -9.87746e-16 0)
(-3.2036e-20 -9.87744e-16 0)
(-3.34273e-20 -9.87742e-16 0)
(-3.4698e-20 -9.87739e-16 0)
(-3.5839e-20 -9.87737e-16 0)
(-3.68412e-20 -9.87734e-16 0)
(-3.76953e-20 -9.87731e-16 0)
(-3.83921e-20 -9.87729e-16 0)
(-3.89232e-20 -9.87726e-16 0)
(-3.92805e-20 -9.87723e-16 0)
(-3.94576e-20 -9.8772e-16 0)
(-3.94491e-20 -9.87717e-16 0)
(-3.92518e-20 -9.87714e-16 0)
(-3.88647e-20 -9.87711e-16 0)
(-3.82896e-20 -9.87709e-16 0)
(-3.75311e-20 -9.87706e-16 0)
(-3.65969e-20 -9.87704e-16 0)
(-3.54982e-20 -9.87701e-16 0)
(-3.42493e-20 -9.87699e-16 0)
(-3.28673e-20 -9.87698e-16 0)
(-3.13724e-20 -9.87696e-16 0)
(-2.97867e-20 -9.87695e-16 0)
(-2.8184e-20 -9.87694e-16 0)
(-1.66103e-11 -9.92335e-16 0)
(-5.11646e-07 -7.76209e-07 0)
(2.46972e-07 -0.000444472 0)
(-1.12046e-21 -9.87759e-16 0)
(-3.33945e-21 -9.87759e-16 0)
(-5.51287e-21 -9.87758e-16 0)
(-7.63736e-21 -9.87758e-16 0)
(-9.70964e-21 -9.87757e-16 0)
(-1.17264e-20 -9.87757e-16 0)
(-1.3684e-20 -9.87756e-16 0)
(-1.5579e-20 -9.87755e-16 0)
(-1.74072e-20 -9.87753e-16 0)
(-1.91645e-20 -9.87752e-16 0)
(-2.08462e-20 -9.87751e-16 0)
(-2.24476e-20 -9.87749e-16 0)
(-2.39634e-20 -9.87747e-16 0)
(-2.53883e-20 -9.87745e-16 0)
(-2.67165e-20 -9.87743e-16 0)
(-2.79424e-20 -9.87741e-16 0)
(-2.90602e-20 -9.87739e-16 0)
(-3.0064e-20 -9.87737e-16 0)
(-3.09484e-20 -9.87735e-16 0)
(-3.17083e-20 -9.87732e-16 0)
(-3.23391e-20 -9.8773e-16 0)
(-3.2837e-20 -9.87727e-16 0)
(-3.31992e-20 -9.87725e-16 0)
(-3.34242e-20 -9.87722e-16 0)
(-3.35119e-20 -9.8772e-16 0)
(-3.34638e-20 -9.87717e-16 0)
(-3.32832e-20 -9.87715e-16 0)
(-3.29755e-20 -9.87712e-16 0)
(-3.2548e-20 -9.8771e-16 0)
(-3.20099e-20 -9.87708e-16 0)
(-3.13722e-20 -9.87706e-16 0)
(-3.06476e-20 -9.87704e-16 0)
(-2.98498e-20 -9.87702e-16 0)
(-2.89932e-20 -9.87701e-16 0)
(-2.80923e-20 -9.87699e-16 0)
(-2.71606e-20 -9.87698e-16 0)
(-2.62846e-20 -9.87697e-16 0)
(-2.45229e-11 -9.95061e-16 0)
(-4.87497e-07 -1.09965e-06 0)
(2.30615e-07 -0.00045255 0)
(-9.96985e-22 -9.87756e-16 0)
(-2.97059e-21 -9.87756e-16 0)
(-4.90119e-21 -9.87755e-16 0)
(-6.78436e-21 -9.87755e-16 0)
(-8.61591e-21 -9.87754e-16 0)
(-1.03917e-20 -9.87754e-16 0)
(-1.21077e-20 -9.87753e-16 0)
(-1.37598e-20 -9.87752e-16 0)
(-1.53437e-20 -9.87751e-16 0)
(-1.68552e-20 -9.87749e-16 0)
(-1.82901e-20 -9.87748e-16 0)
(-1.96437e-20 -9.87746e-16 0)
(-2.09118e-20 -9.87745e-16 0)
(-2.209e-20 -9.87743e-16 0)
(-2.31739e-20 -9.87741e-16 0)
(-2.41597e-20 -9.87739e-16 0)
(-2.50434e-20 -9.87737e-16 0)
(-2.5822e-20 -9.87735e-16 0)
(-2.64928e-20 -9.87733e-16 0)
(-2.7054e-20 -9.87731e-16 0)
(-2.75048e-20 -9.87729e-16 0)
(-2.78453e-20 -9.87727e-16 0)
(-2.80773e-20 -9.87724e-16 0)
(-2.82037e-20 -9.87722e-16 0)
(-2.82293e-20 -9.8772e-16 0)
(-2.81606e-20 -9.87718e-16 0)
(-2.80056e-20 -9.87715e-16 0)
(-2.77744e-20 -9.87713e-16 0)
(-2.74786e-20 -9.87711e-16 0)
(-2.71313e-20 -9.87709e-16 0)
(-2.67469e-20 -9.87707e-16 0)
(-2.63405e-20 -9.87705e-16 0)
(-2.59275e-20 -9.87704e-16 0)
(-2.55229e-20 -9.87702e-16 0)
(-2.51398e-20 -9.87701e-16 0)
(-2.47887e-20 -9.877e-16 0)
(-2.45863e-20 -9.87699e-16 0)
(-3.63789e-11 -9.99576e-16 0)
(-4.54342e-07 -1.56647e-06 0)
(2.10828e-07 -0.000460053 0)
(-8.79508e-22 -9.87753e-16 0)
(-2.61979e-21 -9.87753e-16 0)
(-4.31991e-21 -9.87753e-16 0)
(-5.97468e-21 -9.87752e-16 0)
(-7.57923e-21 -9.87752e-16 0)
(-9.12893e-21 -9.87751e-16 0)
(-1.06193e-20 -9.8775e-16 0)
(-1.2046e-20 -9.87749e-16 0)
(-1.34048e-20 -9.87748e-16 0)
(-1.46914e-20 -9.87747e-16 0)
(-1.59018e-20 -9.87746e-16 0)
(-1.70321e-20 -9.87744e-16 0)
(-1.80784e-20 -9.87743e-16 0)
(-1.90372e-20 -9.87741e-16 0)
(-1.99055e-20 -9.8774e-16 0)
(-2.06804e-20 -9.87738e-16 0)
(-2.13599e-20 -9.87736e-16 0)
(-2.19425e-20 -9.87734e-16 0)
(-2.24276e-20 -9.87732e-16 0)
(-2.28158e-20 -9.8773e-16 0)
(-2.31086e-20 -9.87728e-16 0)
(-2.33091e-20 -9.87726e-16 0)
(-2.34218e-20 -9.87724e-16 0)
(-2.34529e-20 -9.87722e-16 0)
(-2.34105e-20 -9.8772e-16 0)
(-2.33044e-20 -9.87718e-16 0)
(-2.31464e-20 -9.87716e-16 0)
(-2.29501e-20 -9.87714e-16 0)
(-2.27313e-20 -9.87712e-16 0)
(-2.25071e-20 -9.8771e-16 0)
(-2.22965e-20 -9.87708e-16 0)
(-2.21196e-20 -9.87706e-16 0)
(-2.19978e-20 -9.87704e-16 0)
(-2.19533e-20 -9.87703e-16 0)
(-2.20092e-20 -9.87701e-16 0)
(-2.21889e-20 -9.877e-16 0)
(-2.26862e-20 -9.87699e-16 0)
(-5.51951e-11 -1.00729e-15 0)
(-4.12192e-07 -2.24236e-06 0)
(1.87323e-07 -0.000466864 0)
(-7.68971e-22 -9.87751e-16 0)
(-2.28984e-21 -9.87751e-16 0)
(-3.77357e-21 -9.8775e-16 0)
(-5.21444e-21 -9.8775e-16 0)
(-6.60716e-21 -9.87749e-16 0)
(-7.94675e-21 -9.87749e-16 0)
(-9.2285e-21 -9.87748e-16 0)
(-1.04479e-20 -9.87747e-16 0)
(-1.16007e-20 -9.87746e-16 0)
(-1.26829e-20 -9.87745e-16 0)
(-1.36904e-20 -9.87744e-16 0)
(-1.46197e-20 -9.87743e-16 0)
(-1.54676e-20 -9.87741e-16 0)
(-1.62309e-20 -9.8774e-16 0)
(-1.69073e-20 -9.87738e-16 0)
(-1.74948e-20 -9.87737e-16 0)
(-1.79921e-20 -9.87735e-16 0)
(-1.83988e-20 -9.87733e-16 0)
(-1.87153e-20 -9.87732e-16 0)
(-1.89434e-20 -9.8773e-16 0)
(-1.90857e-20 -9.87728e-16 0)
(-1.91467e-20 -9.87726e-16 0)
(-1.91322e-20 -9.87724e-16 0)
(-1.90499e-20 -9.87722e-16 0)
(-1.89096e-20 -9.8772e-16 0)
(-1.87229e-20 -9.87718e-16 0)
(-1.85037e-20 -9.87716e-16 0)
(-1.82684e-20 -9.87714e-16 0)
(-1.80353e-20 -9.87712e-16 0)
(-1.78253e-20 -9.8771e-16 0)
(-1.76613e-20 -9.87708e-16 0)
(-1.75683e-20 -9.87706e-16 0)
(-1.75732e-20 -9.87704e-16 0)
(-1.77054e-20 -9.87702e-16 0)
(-1.79968e-20 -9.87701e-16 0)
(-1.84833e-20 -9.87699e-16 0)
(-1.94511e-20 -9.87697e-16 0)
(-7.79093e-11 -1.01776e-15 0)
(-3.67133e-07 -3.02313e-06 0)
(1.5843e-07 -0.000472902 0)
(-6.65996e-22 -9.87749e-16 0)
(-1.98256e-21 -9.87749e-16 0)
(-3.26513e-21 -9.87748e-16 0)
(-4.50765e-21 -9.87748e-16 0)
(-5.70459e-21 -9.87747e-16 0)
(-6.85076e-21 -9.87747e-16 0)
(-7.94134e-21 -9.87746e-16 0)
(-8.97178e-21 -9.87745e-16 0)
(-9.93778e-21 -9.87744e-16 0)
(-1.08353e-20 -9.87743e-16 0)
(-1.16606e-20 -9.87742e-16 0)
(-1.24103e-20 -9.87741e-16 0)
(-1.30811e-20 -9.8774e-16 0)
(-1.36703e-20 -9.87739e-16 0)
(-1.41757e-20 -9.87737e-16 0)
(-1.45955e-20 -9.87736e-16 0)
(-1.49286e-20 -9.87734e-16 0)
(-1.51746e-20 -9.87733e-16 0)
(-1.53341e-20 -9.87731e-16 0)
(-1.54085e-20 -9.8773e-16 0)
(-1.54006e-20 -9.87728e-16 0)
(-1.53143e-20 -9.87726e-16 0)
(-1.51551e-20 -9.87724e-16 0)
(-1.49304e-20 -9.87723e-16 0)
(-1.46493e-20 -9.87721e-16 0)
(-1.43235e-20 -9.87719e-16 0)
(-1.39668e-20 -9.87717e-16 0)
(-1.35959e-20 -9.87715e-16 0)
(-1.32304e-20 -9.87713e-16 0)
(-1.28928e-20 -9.87711e-16 0)
(-1.26084e-20 -9.87709e-16 0)
(-1.24049e-20 -9.87707e-16 0)
(-1.23113e-20 -9.87704e-16 0)
(-1.2357e-20 -9.87702e-16 0)
(-1.257e-20 -9.877e-16 0)
(-1.29744e-20 -9.87697e-16 0)
(-1.38416e-20 -9.87695e-16 0)
(-7.78718e-11 -1.02502e-15 0)
(-3.31107e-07 -3.47437e-06 0)
(1.22172e-07 -0.000478183 0)
(-5.70929e-22 -9.87747e-16 0)
(-1.69899e-21 -9.87747e-16 0)
(-2.79623e-21 -9.87747e-16 0)
(-3.85649e-21 -9.87746e-16 0)
(-4.87412e-21 -9.87746e-16 0)
(-5.84389e-21 -9.87745e-16 0)
(-6.76093e-21 -9.87745e-16 0)
(-7.62066e-21 -9.87744e-16 0)
(-8.41882e-21 -9.87743e-16 0)
(-9.15139e-21 -9.87742e-16 0)
(-9.81463e-21 -9.87741e-16 0)
(-1.04051e-20 -9.8774e-16 0)
(-1.09195e-20 -9.87739e-16 0)
(-1.13552e-20 -9.87738e-16 0)
(-1.17096e-20 -9.87737e-16 0)
(-1.19807e-20 -9.87735e-16 0)
(-1.21669e-20 -9.87734e-16 0)
(-1.22671e-20 -9.87733e-16 0)
(-1.2281e-20 -9.87731e-16 0)
(-1.22088e-20 -9.8773e-16 0)
(-1.20518e-20 -9.87728e-16 0)
(-1.18118e-20 -9.87727e-16 0)
(-1.14922e-20 -9.87725e-16 0)
(-1.10977e-20 -9.87723e-16 0)
(-1.06343e-20 -9.87722e-16 0)
(-1.01106e-20 -9.8772e-16 0)
(-9.53739e-21 -9.87718e-16 0)
(-8.92861e-21 -9.87716e-16 0)
(-8.30212e-21 -9.87714e-16 0)
(-7.68025e-21 -9.87712e-16 0)
(-7.09048e-21 -9.8771e-16 0)
(-6.56569e-21 -9.87707e-16 0)
(-6.14355e-21 -9.87705e-16 0)
(-5.86434e-21 -9.87702e-16 0)
(-5.76587e-21 -9.87699e-16 0)
(-5.8743e-21 -9.87696e-16 0)
(-6.31518e-21 -9.87693e-16 0)
(-3.80937e-11 -1.02004e-15 0)
(-3.15062e-07 -3.10861e-06 0)
(8.07793e-08 -0.000482865 0)
(-4.83877e-22 -9.87745e-16 0)
(-1.43942e-21 -9.87745e-16 0)
(-2.36735e-21 -9.87745e-16 0)
(-3.26154e-21 -9.87745e-16 0)
(-4.11641e-21 -9.87744e-16 0)
(-4.92677e-21 -9.87744e-16 0)
(-5.68781e-21 -9.87743e-16 0)
(-6.395e-21 -9.87743e-16 0)
(-7.0441e-21 -9.87742e-16 0)
(-7.63111e-21 -9.87741e-16 0)
(-8.15226e-21 -9.8774e-16 0)
(-8.60399e-21 -9.87739e-16 0)
(-8.98297e-21 -9.87738e-16 0)
(-9.28608e-21 -9.87737e-16 0)
(-9.51043e-21 -9.87736e-16 0)
(-9.65335e-21 -9.87735e-16 0)
(-9.71241e-21 -9.87734e-16 0)
(-9.6854e-21 -9.87733e-16 0)
(-9.57037e-21 -9.87731e-16 0)
(-9.36562e-21 -9.8773e-16 0)
(-9.06971e-21 -9.87729e-16 0)
(-8.6815e-21 -9.87727e-16 0)
(-8.20019e-21 -9.87726e-16 0)
(-7.62547e-21 -9.87724e-16 0)
(-6.95763e-21 -9.87723e-16 0)
(-6.19797e-21 -9.87721e-16 0)
(-5.34926e-21 -9.8772e-16 0)
(-4.41668e-21 -9.87718e-16 0)
(-3.40912e-21 -9.87716e-16 0)
(-2.3413e-21 -9.87714e-16 0)
(-1.2368e-21 -9.87712e-16 0)
(-1.32476e-22 -9.87709e-16 0)
(9.15862e-22 -9.87707e-16 0)
(1.82651e-21 -9.87703e-16 0)
(2.48538e-21 -9.877e-16 0)
(2.74385e-21 -9.87696e-16 0)
(2.43078e-21 -9.87692e-16 0)
(1.40744e-21 -1.00502e-15 0)
(-3.10651e-07 -1.85887e-06 0)
(4.25693e-08 -0.000487157 0)
(-4.04721e-22 -9.87744e-16 0)
(-1.2035e-21 -9.87744e-16 0)
(-1.97786e-21 -9.87744e-16 0)
(-2.72192e-21 -9.87744e-16 0)
(-3.43027e-21 -9.87743e-16 0)
(-4.09789e-21 -9.87743e-16 0)
(-4.72014e-21 -9.87742e-16 0)
(-5.29261e-21 -9.87742e-16 0)
(-5.81116e-21 -9.87741e-16 0)
(-6.27184e-21 -9.8774e-16 0)
(-6.67088e-21 -9.87739e-16 0)
(-7.00463e-21 -9.87739e-16 0)
(-7.2696e-21 -9.87738e-16 0)
(-7.46237e-21 -9.87737e-16 0)
(-7.57958e-21 -9.87736e-16 0)
(-7.61793e-21 -9.87735e-16 0)
(-7.57407e-21 -9.87734e-16 0)
(-7.4446e-21 -9.87733e-16 0)
(-7.22596e-21 -9.87732e-16 0)
(-6.91434e-21 -9.87731e-16 0)
(-6.50555e-21 -9.87729e-16 0)
(-5.99491e-21 -9.87728e-16 0)
(-5.37698e-21 -9.87727e-16 0)
(-4.64539e-21 -9.87726e-16 0)
(-3.79255e-21 -9.87725e-16 0)
(-2.80938e-21 -9.87723e-16 0)
(-1.68499e-21 -9.87722e-16 0)
(-4.06555e-22 -9.87721e-16 0)
(1.04054e-21 -9.87719e-16 0)
(2.67184e-21 -9.87717e-16 0)
(4.50135e-21 -9.87716e-16 0)
(6.53595e-21 -9.87713e-16 0)
(8.7635e-21 -9.87711e-16 0)
(1.11289e-20 -9.87708e-16 0)
(1.34872e-20 -9.87704e-16 0)
(1.55143e-20 -9.87699e-16 0)
(1.65394e-20 -9.87692e-16 0)
(1.5296e-20 -9.92155e-16 0)
(-1.17188e-07 -5.21429e-07 0)
(3.9613e-08 -0.000244614 0)
(-3.33137e-22 -9.87743e-16 0)
(-9.9025e-22 -9.87743e-16 0)
(-1.62616e-21 -9.87743e-16 0)
(-2.23535e-21 -9.87743e-16 0)
(-2.81275e-21 -9.87742e-16 0)
(-3.35366e-21 -9.87742e-16 0)
(-3.85368e-21 -9.87741e-16 0)
(-4.30866e-21 -9.87741e-16 0)
(-4.71464e-21 -9.8774e-16 0)
(-5.06783e-21 -9.8774e-16 0)
(-5.36453e-21 -9.87739e-16 0)
(-5.60114e-21 -9.87738e-16 0)
(-5.77409e-21 -9.87737e-16 0)
(-5.87983e-21 -9.87737e-16 0)
(-5.91473e-21 -9.87736e-16 0)
(-5.87508e-21 -9.87735e-16 0)
(-5.75695e-21 -9.87734e-16 0)
(-5.55617e-21 -9.87733e-16 0)
(-5.26814e-21 -9.87732e-16 0)
(-4.88771e-21 -9.87731e-16 0)
(-4.40894e-21 -9.87731e-16 0)
(-3.82486e-21 -9.8773e-16 0)
(-3.12704e-21 -9.87729e-16 0)
(-2.3051e-21 -9.87728e-16 0)
(-1.34596e-21 -9.87727e-16 0)
(-2.32783e-22 -9.87726e-16 0)
(1.05661e-21 -9.87725e-16 0)
(2.55216e-21 -9.87724e-16 0)
(4.29532e-21 -9.87723e-16 0)
(6.34518e-21 -9.87722e-16 0)
(8.78845e-21 -9.87721e-16 0)
(1.17564e-20 -9.8772e-16 0)
(1.54537e-20 -9.87719e-16 0)
(2.02082e-20 -9.87718e-16 0)
(2.65575e-20 -9.87716e-16 0)
(3.54006e-20 -9.87715e-16 0)
(4.82634e-20 -9.87713e-16 0)
(6.77621e-20 -9.87711e-16 0)
(7.48635e-20 -9.87708e-16 0)
(4.90546e-20 -9.87621e-16 0)
(-2.68602e-22 -9.87742e-16 0)
(-7.98115e-22 -9.87742e-16 0)
(-1.30964e-21 -9.87742e-16 0)
(-1.79819e-21 -9.87742e-16 0)
(-2.25918e-21 -9.87741e-16 0)
(-2.68836e-21 -9.87741e-16 0)
(-3.0817e-21 -9.87741e-16 0)
(-3.43543e-21 -9.8774e-16 0)
(-3.7459e-21 -9.8774e-16 0)
(-4.00959e-21 -9.87739e-16 0)
(-4.22304e-21 -9.87738e-16 0)
(-4.38286e-21 -9.87738e-16 0)
(-4.48562e-21 -9.87737e-16 0)
(-4.52785e-21 -9.87736e-16 0)
(-4.506e-21 -9.87736e-16 0)
(-4.41635e-21 -9.87735e-16 0)
(-4.25496e-21 -9.87734e-16 0)
(-4.01758e-21 -9.87734e-16 0)
(-3.69955e-21 -9.87733e-16 0)
(-3.29567e-21 -9.87732e-16 0)
(-2.80005e-21 -9.87732e-16 0)
(-2.20586e-21 -9.87731e-16 0)
(-1.50516e-21 -9.8773e-16 0)
(-6.88496e-22 -9.8773e-16 0)
(2.55436e-22 -9.87729e-16 0)
(1.34032e-21 -9.87729e-16 0)
(2.58276e-21 -9.87728e-16 0)
(4.00296e-21 -9.87728e-16 0)
(5.6253e-21 -9.87727e-16 0)
(7.47865e-21 -9.87727e-16 0)
(9.59584e-21 -9.87727e-16 0)
(1.20111e-20 -9.87727e-16 0)
(1.47533e-20 -9.87728e-16 0)
(1.78295e-20 -9.87729e-16 0)
(2.11919e-20 -9.87731e-16 0)
(2.46688e-20 -9.87733e-16 0)
(2.78311e-20 -9.87738e-16 0)
(2.97372e-20 -9.87745e-16 0)
(2.84557e-20 -9.87756e-16 0)
(2.30368e-20 -9.87766e-16 0)
(-2.10407e-22 -9.87742e-16 0)
(-6.24968e-22 -9.87741e-16 0)
(-1.02477e-21 -9.87741e-16 0)
(-1.40551e-21 -9.87741e-16 0)
(-1.76322e-21 -9.87741e-16 0)
(-2.0942e-21 -9.8774e-16 0)
(-2.39498e-21 -9.8774e-16 0)
(-2.66224e-21 -9.8774e-16 0)
(-2.8928e-21 -9.87739e-16 0)
(-3.08356e-21 -9.87739e-16 0)
(-3.23146e-21 -9.87738e-16 0)
(-3.33347e-21 -9.87738e-16 0)
(-3.38655e-21 -9.87737e-16 0)
(-3.3876e-21 -9.87737e-16 0)
(-3.33344e-21 -9.87736e-16 0)
(-3.22077e-21 -9.87735e-16 0)
(-3.04614e-21 -9.87735e-16 0)
(-2.80589e-21 -9.87734e-16 0)
(-2.49614e-21 -9.87734e-16 0)
(-2.11272e-21 -9.87733e-16 0)
(-1.65116e-21 -9.87733e-16 0)
(-1.10663e-21 -9.87732e-16 0)
(-4.73978e-22 -9.87732e-16 0)
(2.52271e-22 -9.87732e-16 0)
(1.0778e-21 -9.87731e-16 0)
(2.00829e-21 -9.87731e-16 0)
(3.049e-21 -9.87731e-16 0)
(4.20412e-21 -9.87731e-16 0)
(5.4755e-21 -9.87731e-16 0)
(6.86086e-21 -9.87731e-16 0)
(8.35079e-21 -9.87732e-16 0)
(9.92435e-21 -9.87733e-16 0)
(1.15428e-20 -9.87734e-16 0)
(1.31411e-20 -9.87735e-16 0)
(1.4618e-20 -9.87737e-16 0)
(1.5826e-20 -9.8774e-16 0)
(1.65694e-20 -9.87742e-16 0)
(1.66221e-20 -9.87746e-16 0)
(1.58001e-20 -9.87749e-16 0)
(1.41488e-20 -9.87752e-16 0)
(-1.57668e-22 -9.87741e-16 0)
(-4.68165e-22 -9.87741e-16 0)
(-7.67155e-22 -9.87741e-16 0)
(-1.05114e-21 -9.87741e-16 0)
(-1.3169e-21 -9.8774e-16 0)
(-1.56141e-21 -9.8774e-16 0)
(-1.78185e-21 -9.8774e-16 0)
(-1.9755e-21 -9.87739e-16 0)
(-2.13976e-21 -9.87739e-16 0)
(-2.27207e-21 -9.87738e-16 0)
(-2.36994e-21 -9.87738e-16 0)
(-2.43086e-21 -9.87738e-16 0)
(-2.45234e-21 -9.87737e-16 0)
(-2.43186e-21 -9.87737e-16 0)
(-2.36685e-21 -9.87736e-16 0)
(-2.25471e-21 -9.87736e-16 0)
(-2.09277e-21 -9.87735e-16 0)
(-1.87833e-21 -9.87735e-16 0)
(-1.60866e-21 -9.87734e-16 0)
(-1.28103e-21 -9.87734e-16 0)
(-8.92797e-22 -9.87734e-16 0)
(-4.41479e-22 -9.87733e-16 0)
(7.50821e-23 -9.87733e-16 0)
(6.58516e-22 -9.87733e-16 0)
(1.30962e-21 -9.87733e-16 0)
(2.02792e-21 -9.87733e-16 0)
(2.81116e-21 -9.87733e-16 0)
(3.65445e-21 -9.87733e-16 0)
(4.54938e-21 -9.87734e-16 0)
(5.48281e-21 -9.87734e-16 0)
(6.43543e-21 -9.87735e-16 0)
(7.38038e-21 -9.87736e-16 0)
(8.28193e-21 -9.87737e-16 0)
(9.09494e-21 -9.87738e-16 0)
(9.76581e-21 -9.8774e-16 0)
(1.02361e-20 -9.87741e-16 0)
(1.04502e-20 -9.87743e-16 0)
(1.03684e-20 -9.87745e-16 0)
(9.98449e-21 -9.87747e-16 0)
(9.34224e-21 -9.87748e-16 0)
(-1.09348e-22 -9.87741e-16 0)
(-3.24598e-22 -9.87741e-16 0)
(-5.31613e-22 -9.8774e-16 0)
(-7.27811e-22 -9.8774e-16 0)
(-9.10809e-22 -9.8774e-16 0)
(-1.07839e-21 -9.8774e-16 0)
(-1.22844e-21 -9.87739e-16 0)
(-1.35897e-21 -9.87739e-16 0)
(-1.46803e-21 -9.87739e-16 0)
(-1.55375e-21 -9.87738e-16 0)
(-1.61425e-21 -9.87738e-16 0)
(-1.64771e-21 -9.87737e-16 0)
(-1.6523e-21 -9.87737e-16 0)
(-1.62616e-21 -9.87737e-16 0)
(-1.56749e-21 -9.87736e-16 0)
(-1.47445e-21 -9.87736e-16 0)
(-1.34525e-21 -9.87735e-16 0)
(-1.17816e-21 -9.87735e-16 0)
(-9.71539e-22 -9.87735e-16 0)
(-7.23932e-22 -9.87735e-16 0)
(-4.34148e-22 -9.87734e-16 0)
(-1.01393e-22 -9.87734e-16 0)
(2.74562e-22 -9.87734e-16 0)
(6.9317e-22 -9.87734e-16 0)
(1.15284e-21 -9.87734e-16 0)
(1.65064e-21 -9.87734e-16 0)
(2.18189e-21 -9.87735e-16 0)
(2.73982e-21 -9.87735e-16 0)
(3.31513e-21 -9.87736e-16 0)
(3.89564e-21 -9.87736e-16 0)
(4.46609e-21 -9.87737e-16 0)
(5.00817e-21 -9.87738e-16 0)
(5.50091e-21 -9.87739e-16 0)
(5.92169e-21 -9.8774e-16 0)
(6.24799e-21 -9.87741e-16 0)
(6.45991e-21 -9.87742e-16 0)
(6.54337e-21 -9.87743e-16 0)
(6.49363e-21 -9.87745e-16 0)
(6.31798e-21 -9.87746e-16 0)
(6.03632e-21 -9.87747e-16 0)
(-6.42799e-23 -9.8774e-16 0)
(-1.90778e-22 -9.8774e-16 0)
(-3.12326e-22 -9.8774e-16 0)
(-4.27344e-22 -9.8774e-16 0)
(-5.34369e-22 -9.8774e-16 0)
(-6.32038e-22 -9.8774e-16 0)
(-7.19061e-22 -9.87739e-16 0)
(-7.94208e-22 -9.87739e-16 0)
(-8.56289e-22 -9.87739e-16 0)
(-9.04147e-22 -9.87738e-16 0)
(-9.36643e-22 -9.87738e-16 0)
(-9.52655e-22 -9.87737e-16 0)
(-9.51071e-22 -9.87737e-16 0)
(-9.30791e-22 -9.87737e-16 0)
(-8.90732e-22 -9.87736e-16 0)
(-8.29841e-22 -9.87736e-16 0)
(-7.47113e-22 -9.87736e-16 0)
(-6.41623e-22 -9.87735e-16 0)
(-5.12568e-22 -9.87735e-16 0)
(-3.59325e-22 -9.87735e-16 0)
(-1.81524e-22 -9.87735e-16 0)
(2.08557e-23 -9.87735e-16 0)
(2.47374e-22 -9.87735e-16 0)
(4.96992e-22 -9.87735e-16 0)
(7.67925e-22 -9.87735e-16 0)
(1.05748e-21 -9.87735e-16 0)
(1.3619e-21 -9.87736e-16 0)
(1.67622e-21 -9.87736e-16 0)
(1.99421e-21 -9.87737e-16 0)
(2.30834e-21 -9.87737e-16 0)
(2.6099e-21 -9.87738e-16 0)
(2.88931e-21 -9.87739e-16 0)
(3.13658e-21 -9.8774e-16 0)
(3.342e-21 -9.8774e-16 0)
(3.49702e-21 -9.87741e-16 0)
(3.59526e-21 -9.87742e-16 0)
(3.63343e-21 -9.87743e-16 0)
(3.61214e-21 -9.87744e-16 0)
(3.53606e-21 -9.87745e-16 0)
(3.41357e-21 -9.87746e-16 0)
(-2.12032e-23 -9.8774e-16 0)
(-6.29229e-23 -9.8774e-16 0)
(-1.02992e-22 -9.8774e-16 0)
(-1.40876e-22 -9.8774e-16 0)
(-1.76085e-22 -9.8774e-16 0)
(-2.08157e-22 -9.87739e-16 0)
(-2.36659e-22 -9.87739e-16 0)
(-2.61174e-22 -9.87739e-16 0)
(-2.81303e-22 -9.87739e-16 0)
(-2.96656e-22 -9.87738e-16 0)
(-3.06849e-22 -9.87738e-16 0)
(-3.11505e-22 -9.87737e-16 0)
(-3.10254e-22 -9.87737e-16 0)
(-3.02729e-22 -9.87737e-16 0)
(-2.88573e-22 -9.87736e-16 0)
(-2.67446e-22 -9.87736e-16 0)
(-2.39027e-22 -9.87736e-16 0)
(-2.03031e-22 -9.87736e-16 0)
(-1.59224e-22 -9.87735e-16 0)
(-1.07447e-22 -9.87735e-16 0)
(-4.76384e-23 -9.87735e-16 0)
(2.01281e-23 -9.87735e-16 0)
(9.56066e-23 -9.87735e-16 0)
(1.78334e-22 -9.87735e-16 0)
(2.67586e-22 -9.87735e-16 0)
(3.62327e-22 -9.87736e-16 0)
(4.61178e-22 -9.87736e-16 0)
(5.62384e-22 -9.87737e-16 0)
(6.63816e-22 -9.87737e-16 0)
(7.63e-22 -9.87738e-16 0)
(8.57185e-22 -9.87738e-16 0)
(9.43465e-22 -9.87739e-16 0)
(1.01895e-21 -9.8774e-16 0)
(1.08099e-21 -9.87741e-16 0)
(1.12738e-21 -9.87742e-16 0)
(1.15667e-21 -9.87742e-16 0)
(1.1683e-21 -9.87743e-16 0)
(1.16273e-21 -9.87744e-16 0)
(1.14144e-21 -9.87745e-16 0)
(1.10674e-21 -9.87746e-16 0)
(1.00212e-17 -9.85986e-13 0)
(2.18936e-17 -9.85986e-13 0)
(2.56066e-17 -9.85986e-13 0)
(2.92571e-17 -9.85986e-13 0)
(3.28072e-17 -9.85986e-13 0)
(3.62193e-17 -9.85985e-13 0)
(3.94568e-17 -9.85985e-13 0)
(4.24854e-17 -9.85985e-13 0)
(4.5274e-17 -9.85984e-13 0)
(4.77953e-17 -9.85984e-13 0)
(5.00266e-17 -9.85984e-13 0)
(5.195e-17 -9.85983e-13 0)
(5.35525e-17 -9.85983e-13 0)
(5.48261e-17 -9.85982e-13 0)
(5.57673e-17 -9.85982e-13 0)
(5.6377e-17 -9.85982e-13 0)
(5.66598e-17 -9.85981e-13 0)
(5.66234e-17 -9.85981e-13 0)
(5.62783e-17 -9.85981e-13 0)
(5.5637e-17 -9.8598e-13 0)
(5.47135e-17 -9.8598e-13 0)
(5.35228e-17 -9.8598e-13 0)
(5.20805e-17 -9.8598e-13 0)
(5.04024e-17 -9.85979e-13 0)
(4.85039e-17 -9.85979e-13 0)
(4.64002e-17 -9.85979e-13 0)
(4.41059e-17 -9.85979e-13 0)
(4.16347e-17 -9.85979e-13 0)
(3.89994e-17 -9.85979e-13 0)
(3.6212e-17 -9.85979e-13 0)
(3.32834e-17 -9.85978e-13 0)
(3.02236e-17 -9.85978e-13 0)
(2.70416e-17 -9.85978e-13 0)
(2.37455e-17 -9.85978e-13 0)
(2.03428e-17 -9.85978e-13 0)
(1.68399e-17 -9.85978e-13 0)
(1.32429e-17 -9.85978e-13 0)
(9.55745e-18 -9.85978e-13 0)
(5.78877e-18 -9.85978e-13 0)
(1.94214e-18 -9.85978e-13 0)
(1.03235e-17 -9.85939e-13 0)
(2.26282e-17 -9.85939e-13 0)
(2.65955e-17 -9.85938e-13 0)
(3.04837e-17 -9.85938e-13 0)
(3.4248e-17 -9.85937e-13 0)
(3.78451e-17 -9.85936e-13 0)
(4.12336e-17 -9.85935e-13 0)
(4.43765e-17 -9.85934e-13 0)
(4.72415e-17 -9.85933e-13 0)
(4.98017e-17 -9.85932e-13 0)
(5.20365e-17 -9.8593e-13 0)
(5.39311e-17 -9.85929e-13 0)
(5.54767e-17 -9.85928e-13 0)
(5.66701e-17 -9.85926e-13 0)
(5.75126e-17 -9.85925e-13 0)
(5.80101e-17 -9.85924e-13 0)
(5.81716e-17 -9.85923e-13 0)
(5.80093e-17 -9.85922e-13 0)
(5.7537e-17 -9.85921e-13 0)
(5.67703e-17 -9.8592e-13 0)
(5.57256e-17 -9.85919e-13 0)
(5.44197e-17 -9.85919e-13 0)
(5.28695e-17 -9.85918e-13 0)
(5.10915e-17 -9.85917e-13 0)
(4.91016e-17 -9.85917e-13 0)
(4.69153e-17 -9.85917e-13 0)
(4.45467e-17 -9.85916e-13 0)
(4.20094e-17 -9.85916e-13 0)
(3.93158e-17 -9.85916e-13 0)
(3.64771e-17 -9.85915e-13 0)
(3.35039e-17 -9.85915e-13 0)
(3.04053e-17 -9.85915e-13 0)
(2.71897e-17 -9.85915e-13 0)
(2.38647e-17 -9.85915e-13 0)
(2.0437e-17 -9.85915e-13 0)
(1.69125e-17 -9.85914e-13 0)
(1.32967e-17 -9.85914e-13 0)
(9.59444e-18 -9.85914e-13 0)
(5.81044e-18 -9.85914e-13 0)
(1.94929e-18 -9.85914e-13 0)
(1.09724e-17 -9.85952e-13 0)
(2.42137e-17 -9.85951e-13 0)
(2.87418e-17 -9.8595e-13 0)
(3.31493e-17 -9.85949e-13 0)
(3.73752e-17 -9.85948e-13 0)
(4.13624e-17 -9.85946e-13 0)
(4.50605e-17 -9.85944e-13 0)
(4.84271e-17 -9.85942e-13 0)
(5.14292e-17 -9.8594e-13 0)
(5.40434e-17 -9.85937e-13 0)
(5.62556e-17 -9.85935e-13 0)
(5.80602e-17 -9.85933e-13 0)
(5.9459e-17 -9.85931e-13 0)
(6.046e-17 -9.85929e-13 0)
(6.10761e-17 -9.85926e-13 0)
(6.13236e-17 -9.85924e-13 0)
(6.12215e-17 -9.85923e-13 0)
(6.079e-17 -9.85921e-13 0)
(6.00502e-17 -9.85919e-13 0)
(5.90233e-17 -9.85918e-13 0)
(5.77299e-17 -9.85917e-13 0)
(5.61898e-17 -9.85916e-13 0)
(5.4422e-17 -9.85915e-13 0)
(5.24441e-17 -9.85914e-13 0)
(5.02725e-17 -9.85913e-13 0)
(4.79224e-17 -9.85912e-13 0)
(4.54076e-17 -9.85912e-13 0)
(4.27405e-17 -9.85911e-13 0)
(3.99326e-17 -9.85911e-13 0)
(3.69939e-17 -9.8591e-13 0)
(3.39335e-17 -9.8591e-13 0)
(3.07593e-17 -9.8591e-13 0)
(2.74785e-17 -9.85909e-13 0)
(2.40973e-17 -9.85909e-13 0)
(2.0621e-17 -9.85909e-13 0)
(1.70545e-17 -9.85909e-13 0)
(1.34018e-17 -9.85909e-13 0)
(9.66678e-18 -9.85909e-13 0)
(5.85282e-18 -9.85909e-13 0)
(1.96326e-18 -9.85909e-13 0)
(1.20666e-17 -9.85967e-13 0)
(2.6916e-17 -9.85966e-13 0)
(3.24378e-17 -9.85964e-13 0)
(3.77487e-17 -9.85962e-13 0)
(4.27546e-17 -9.8596e-13 0)
(4.73742e-17 -9.85957e-13 0)
(5.15432e-17 -9.85954e-13 0)
(5.52159e-17 -9.8595e-13 0)
(5.83651e-17 -9.85947e-13 0)
(6.09807e-17 -9.85943e-13 0)
(6.30672e-17 -9.8594e-13 0)
(6.46405e-17 -9.85936e-13 0)
(6.57248e-17 -9.85933e-13 0)
(6.635e-17 -9.8593e-13 0)
(6.65492e-17 -9.85927e-13 0)
(6.63565e-17 -9.85924e-13 0)
(6.58059e-17 -9.85922e-13 0)
(6.49299e-17 -9.85919e-13 0)
(6.37591e-17 -9.85917e-13 0)
(6.23214e-17 -9.85915e-13 0)
(6.06425e-17 -9.85913e-13 0)
(5.87452e-17 -9.85912e-13 0)
(5.665e-17 -9.85911e-13 0)
(5.43749e-17 -9.85909e-13 0)
(5.19359e-17 -9.85908e-13 0)
(4.9347e-17 -9.85907e-13 0)
(4.66204e-17 -9.85907e-13 0)
(4.37668e-17 -9.85906e-13 0)
(4.07955e-17 -9.85905e-13 0)
(3.77145e-17 -9.85905e-13 0)
(3.45308e-17 -9.85904e-13 0)
(3.12502e-17 -9.85904e-13 0)
(2.78779e-17 -9.85904e-13 0)
(2.4418e-17 -9.85904e-13 0)
(2.08742e-17 -9.85903e-13 0)
(1.72493e-17 -9.85903e-13 0)
(1.35458e-17 -9.85903e-13 0)
(9.76573e-18 -9.85903e-13 0)
(5.91073e-18 -9.85903e-13 0)
(1.98235e-18 -9.85903e-13 0)
(1.38102e-17 -9.85986e-13 0)
(3.12932e-17 -9.85984e-13 0)
(3.85143e-17 -9.85981e-13 0)
(4.53176e-17 -9.85978e-13 0)
(5.15443e-17 -9.85974e-13 0)
(5.70763e-17 -9.85969e-13 0)
(6.18401e-17 -9.85964e-13 0)
(6.58042e-17 -9.85959e-13 0)
(6.8973e-17 -9.85954e-13 0)
(7.13787e-17 -9.85949e-13 0)
(7.3072e-17 -9.85944e-13 0)
(7.41153e-17 -9.85939e-13 0)
(7.45755e-17 -9.85934e-13 0)
(7.45197e-17 -9.8593e-13 0)
(7.4012e-17 -9.85926e-13 0)
(7.3111e-17 -9.85923e-13 0)
(7.18693e-17 -9.85919e-13 0)
(7.03329e-17 -9.85916e-13 0)
(6.85411e-17 -9.85914e-13 0)
(6.65277e-17 -9.85911e-13 0)
(6.43208e-17 -9.85909e-13 0)
(6.19441e-17 -9.85908e-13 0)
(5.9417e-17 -9.85906e-13 0)
(5.67559e-17 -9.85905e-13 0)
(5.3974e-17 -9.85903e-13 0)
(5.10823e-17 -9.85902e-13 0)
(4.80899e-17 -9.85901e-13 0)
(4.50041e-17 -9.85901e-13 0)
(4.1831e-17 -9.859e-13 0)
(3.85755e-17 -9.85899e-13 0)
(3.52414e-17 -9.85899e-13 0)
(3.18318e-17 -9.85898e-13 0)
(2.83491e-17 -9.85898e-13 0)
(2.4795e-17 -9.85898e-13 0)
(2.11706e-17 -9.85898e-13 0)
(1.74767e-17 -9.85897e-13 0)
(1.37134e-17 -9.85897e-13 0)
(9.88055e-18 -9.85897e-13 0)
(5.9778e-18 -9.85897e-13 0)
(2.00444e-18 -9.85897e-13 0)
(1.66367e-17 -9.86012e-13 0)
(3.85634e-17 -9.8601e-13 0)
(4.87952e-17 -9.86005e-13 0)
(5.80699e-17 -9.85999e-13 0)
(6.61129e-17 -9.85992e-13 0)
(7.27819e-17 -9.85984e-13 0)
(7.80508e-17 -9.85976e-13 0)
(8.19803e-17 -9.85968e-13 0)
(8.46871e-17 -9.8596e-13 0)
(8.6317e-17 -9.85953e-13 0)
(8.70247e-17 -9.85946e-13 0)
(8.696e-17 -9.85939e-13 0)
(8.62595e-17 -9.85933e-13 0)
(8.50422e-17 -9.85928e-13 0)
(8.34089e-17 -9.85923e-13 0)
(8.14428e-17 -9.85919e-13 0)
(7.92109e-17 -9.85915e-13 0)
(7.67665e-17 -9.85912e-13 0)
(7.41512e-17 -9.85909e-13 0)
(7.13973e-17 -9.85906e-13 0)
(6.85293e-17 -9.85904e-13 0)
(6.55657e-17 -9.85902e-13 0)
(6.25206e-17 -9.859e-13 0)
(5.9404e-17 -9.85899e-13 0)
(5.62234e-17 -9.85898e-13 0)
(5.29842e-17 -9.85896e-13 0)
(4.96899e-17 -9.85896e-13 0)
(4.6343e-17 -9.85895e-13 0)
(4.29448e-17 -9.85894e-13 0)
(3.94961e-17 -9.85893e-13 0)
(3.59968e-17 -9.85893e-13 0)
(3.24464e-17 -9.85893e-13 0)
(2.88442e-17 -9.85892e-13 0)
(2.51887e-17 -9.85892e-13 0)
(2.14785e-17 -9.85892e-13 0)
(1.77115e-17 -9.85892e-13 0)
(1.38855e-17 -9.85892e-13 0)
(9.99807e-18 -9.85891e-13 0)
(6.04624e-18 -9.85891e-13 0)
(2.02694e-18 -9.85891e-13 0)
(2.16274e-17 -9.86055e-13 0)
(5.1824e-17 -9.86049e-13 0)
(6.78383e-17 -9.86039e-13 0)
(8.1202e-17 -9.86027e-13 0)
(9.15685e-17 -9.86014e-13 0)
(9.90116e-17 -9.86e-13 0)
(1.03849e-16 -9.85987e-13 0)
(1.06504e-16 -9.85974e-13 0)
(1.07414e-16 -9.85963e-13 0)
(1.06978e-16 -9.85953e-13 0)
(1.05536e-16 -9.85944e-13 0)
(1.03362e-16 -9.85936e-13 0)
(1.00671e-16 -9.85929e-13 0)
(9.76223e-17 -9.85923e-13 0)
(9.43357e-17 -9.85917e-13 0)
(9.08959e-17 -9.85913e-13 0)
(8.73624e-17 -9.85909e-13 0)
(8.37758e-17 -9.85905e-13 0)
(8.01628e-17 -9.85902e-13 0)
(7.65401e-17 -9.859e-13 0)
(7.29174e-17 -9.85897e-13 0)
(6.92996e-17 -9.85896e-13 0)
(6.5688e-17 -9.85894e-13 0)
(6.20818e-17 -9.85892e-13 0)
(5.84789e-17 -9.85891e-13 0)
(5.48758e-17 -9.8589e-13 0)
(5.12689e-17 -9.85889e-13 0)
(4.76541e-17 -9.85888e-13 0)
(4.40271e-17 -9.85888e-13 0)
(4.03834e-17 -9.85887e-13 0)
(3.67188e-17 -9.85887e-13 0)
(3.30288e-17 -9.85887e-13 0)
(2.9309e-17 -9.85886e-13 0)
(2.5555e-17 -9.85886e-13 0)
(2.17621e-17 -9.85886e-13 0)
(1.79259e-17 -9.85886e-13 0)
(1.40414e-17 -9.85886e-13 0)
(1.01037e-17 -9.85886e-13 0)
(6.10741e-18 -9.85886e-13 0)
(2.04698e-18 -9.85885e-13 0)
(3.24747e-17 -2.94283e-12 0)
(8.13552e-17 -9.8612e-13 0)
(1.09469e-16 -9.86093e-13 0)
(1.28392e-16 -9.86063e-13 0)
(1.39348e-16 -9.86036e-13 0)
(1.44231e-16 -9.86011e-13 0)
(1.44837e-16 -9.8599e-13 0)
(1.42616e-16 -9.85972e-13 0)
(1.38639e-16 -9.85957e-13 0)
(1.33651e-16 -9.85945e-13 0)
(1.2815e-16 -9.85935e-13 0)
(1.22453e-16 -9.85926e-13 0)
(1.16754e-16 -9.85919e-13 0)
(1.11164e-16 -9.85913e-13 0)
(1.0574e-16 -9.85908e-13 0)
(1.00506e-16 -9.85903e-13 0)
(9.54672e-17 -9.859e-13 0)
(9.06146e-17 -9.85896e-13 0)
(8.59344e-17 -9.85894e-13 0)
(8.14096e-17 -9.85891e-13 0)
(7.70222e-17 -9.85889e-13 0)
(7.27546e-17 -9.85888e-13 0)
(6.85897e-17 -9.85886e-13 0)
(6.4512e-17 -9.85885e-13 0)
(6.05067e-17 -9.85884e-13 0)
(5.65607e-17 -9.85883e-13 0)
(5.26616e-17 -9.85882e-13 0)
(4.87985e-17 -9.85882e-13 0)
(4.49611e-17 -9.85881e-13 0)
(4.11398e-17 -9.85881e-13 0)
(3.73259e-17 -9.85881e-13 0)
(3.35111e-17 -9.8588e-13 0)
(2.96877e-17 -9.8588e-13 0)
(2.58481e-17 -9.8588e-13 0)
(2.19849e-17 -9.8588e-13 0)
(1.80911e-17 -9.8588e-13 0)
(1.41593e-17 -9.8588e-13 0)
(1.01823e-17 -9.8588e-13 0)
(6.15244e-18 -9.8588e-13 0)
(2.06165e-18 -9.8588e-13 0)
(3.583e-16 -3.98967e-06 0)
(4.65417e-16 -9.8998e-13 0)
(2.25831e-16 -9.86158e-13 0)
(2.3745e-16 -9.86083e-13 0)
(2.32241e-16 -9.86032e-13 0)
(2.19768e-16 -9.85995e-13 0)
(2.04864e-16 -9.85969e-13 0)
(1.89851e-16 -9.85949e-13 0)
(1.75742e-16 -9.85935e-13 0)
(1.62891e-16 -9.85923e-13 0)
(1.5134e-16 -9.85915e-13 0)
(1.40993e-16 -9.85908e-13 0)
(1.31703e-16 -9.85902e-13 0)
(1.23318e-16 -9.85897e-13 0)
(1.15698e-16 -9.85893e-13 0)
(1.08718e-16 -9.8589e-13 0)
(1.02275e-16 -9.85887e-13 0)
(9.62802e-17 -9.85885e-13 0)
(9.06615e-17 -9.85883e-13 0)
(8.53583e-17 -9.85881e-13 0)
(8.03205e-17 -9.8588e-13 0)
(7.55059e-17 -9.85879e-13 0)
(7.0879e-17 -9.85878e-13 0)
(6.64098e-17 -9.85877e-13 0)
(6.20724e-17 -9.85876e-13 0)
(5.78445e-17 -9.85876e-13 0)
(5.37068e-17 -9.85875e-13 0)
(4.9642e-17 -9.85875e-13 0)
(4.5635e-17 -9.85874e-13 0)
(4.1672e-17 -9.85874e-13 0)
(3.77405e-17 -9.85874e-13 0)
(3.38292e-17 -9.85874e-13 0)
(2.99274e-17 -9.85874e-13 0)
(2.6025e-17 -9.85874e-13 0)
(2.21123e-17 -9.85874e-13 0)
(1.81802e-17 -9.85874e-13 0)
(1.42191e-17 -9.85874e-13 0)
(1.02199e-17 -9.85874e-13 0)
(6.17297e-18 -9.85874e-13 0)
(2.06816e-18 -9.85874e-13 0)
(1.43068e-09 -0.000167406 0)
(7.82011e-09 -1.09284e-10 0)
(6.23592e-16 -9.85942e-13 0)
(4.74005e-16 -9.85925e-13 0)
(3.77002e-16 -9.85912e-13 0)
(3.10778e-16 -9.85904e-13 0)
(2.63927e-16 -9.85898e-13 0)
(2.29558e-16 -9.85893e-13 0)
(2.03443e-16 -9.85889e-13 0)
(1.82937e-16 -9.85886e-13 0)
(1.66348e-16 -9.85883e-13 0)
(1.52569e-16 -9.85881e-13 0)
(1.40858e-16 -9.85879e-13 0)
(1.30702e-16 -9.85877e-13 0)
(1.21741e-16 -9.85876e-13 0)
(1.13716e-16 -9.85874e-13 0)
(1.06437e-16 -9.85873e-13 0)
(9.97579e-17 -9.85872e-13 0)
(9.35704e-17 -9.85871e-13 0)
(8.77883e-17 -9.8587e-13 0)
(8.23437e-17 -9.8587e-13 0)
(7.71816e-17 -9.85869e-13 0)
(7.22571e-17 -9.85869e-13 0)
(6.75328e-17 -9.85868e-13 0)
(6.29773e-17 -9.85868e-13 0)
(5.85636e-17 -9.85868e-13 0)
(5.42685e-17 -9.85868e-13 0)
(5.00714e-17 -9.85867e-13 0)
(4.59543e-17 -9.85867e-13 0)
(4.1901e-17 -9.85867e-13 0)
(3.78969e-17 -9.85867e-13 0)
(3.39283e-17 -9.85867e-13 0)
(2.99828e-17 -9.85867e-13 0)
(2.60487e-17 -9.85867e-13 0)
(2.21146e-17 -9.85867e-13 0)
(1.81697e-17 -9.85867e-13 0)
(1.42032e-17 -9.85868e-13 0)
(1.02042e-17 -9.85868e-13 0)
(6.16175e-18 -9.85868e-13 0)
(2.06411e-18 -9.85868e-13 0)
(1.40182e-07 -0.000389044 0)
(1.75536e-06 -4.62146e-09 0)
(4.06699e-14 -9.8566e-13 0)
(3.18342e-16 -9.85723e-13 0)
(2.87528e-16 -9.85767e-13 0)
(2.58901e-16 -9.85796e-13 0)
(2.33653e-16 -9.85816e-13 0)
(2.11873e-16 -9.8583e-13 0)
(1.93206e-16 -9.85839e-13 0)
(1.77171e-16 -9.85845e-13 0)
(1.63296e-16 -9.8585e-13 0)
(1.51171e-16 -9.85853e-13 0)
(1.4046e-16 -9.85855e-13 0)
(1.30893e-16 -9.85856e-13 0)
(1.22261e-16 -9.85857e-13 0)
(1.14395e-16 -9.85858e-13 0)
(1.07166e-16 -9.85858e-13 0)
(1.00471e-16 -9.85858e-13 0)
(9.4224e-17 -9.85859e-13 0)
(8.83593e-17 -9.85859e-13 0)
(8.28205e-17 -9.85859e-13 0)
(7.75613e-17 -9.85859e-13 0)
(7.25421e-17 -9.85859e-13 0)
(6.77294e-17 -9.85859e-13 0)
(6.30938e-17 -9.85859e-13 0)
(5.86099e-17 -9.8586e-13 0)
(5.42548e-17 -9.8586e-13 0)
(5.00084e-17 -9.8586e-13 0)
(4.58525e-17 -9.8586e-13 0)
(4.17705e-17 -9.8586e-13 0)
(3.7747e-17 -9.85861e-13 0)
(3.37681e-17 -9.85861e-13 0)
(2.98204e-17 -9.85861e-13 0)
(2.58915e-17 -9.85861e-13 0)
(2.19692e-17 -9.85861e-13 0)
(1.8042e-17 -9.85861e-13 0)
(1.40981e-17 -9.85861e-13 0)
(1.01258e-17 -9.85862e-13 0)
(6.1132e-18 -9.85862e-13 0)
(2.04764e-18 -9.85862e-13 0)
(3.16419e-07 -0.00046161 0)
(1.01398e-06 -1.5604e-08 0)
(6.64553e-13 -9.85675e-13 0)
(1.69753e-16 -9.85698e-13 0)
(1.78531e-16 -9.85732e-13 0)
(1.80097e-16 -9.85759e-13 0)
(1.77165e-16 -9.8578e-13 0)
(1.71562e-16 -9.85796e-13 0)
(1.64481e-16 -9.85808e-13 0)
(1.56683e-16 -9.85817e-13 0)
(1.48639e-16 -9.85824e-13 0)
(1.40634e-16 -9.8583e-13 0)
(1.32832e-16 -9.85834e-13 0)
(1.25319e-16 -9.85837e-13 0)
(1.18136e-16 -9.8584e-13 0)
(1.11295e-16 -9.85842e-13 0)
(1.0479e-16 -9.85844e-13 0)
(9.8606e-17 -9.85845e-13 0)
(9.27215e-17 -9.85846e-13 0)
(8.71133e-17 -9.85847e-13 0)
(8.1757e-17 -9.85848e-13 0)
(7.66286e-17 -9.85849e-13 0)
(7.17047e-17 -9.8585e-13 0)
(6.6963e-17 -9.8585e-13 0)
(6.23825e-17 -9.85851e-13 0)
(5.79435e-17 -9.85852e-13 0)
(5.36275e-17 -9.85852e-13 0)
(4.94173e-17 -9.85853e-13 0)
(4.52968e-17 -9.85853e-13 0)
(4.12507e-17 -9.85853e-13 0)
(3.72648e-17 -9.85854e-13 0)
(3.33256e-17 -9.85854e-13 0)
(2.94203e-17 -9.85855e-13 0)
(2.55366e-17 -9.85855e-13 0)
(2.16623e-17 -9.85855e-13 0)
(1.77858e-17 -9.85855e-13 0)
(1.38952e-17 -9.85856e-13 0)
(9.9786e-18 -9.85856e-13 0)
(6.02371e-18 -9.85856e-13 0)
(2.01756e-18 -9.85856e-13 0)
(4.59818e-07 -0.000474588 0)
(4.68342e-07 -3.03307e-08 0)
(8.6184e-13 -9.85777e-13 0)
(1.06643e-16 -9.85742e-13 0)
(1.22614e-16 -9.85755e-13 0)
(1.32769e-16 -9.85767e-13 0)
(1.38267e-16 -9.85778e-13 0)
(1.40188e-16 -9.85788e-13 0)
(1.39462e-16 -9.85796e-13 0)
(1.36846e-16 -9.85803e-13 0)
(1.32932e-16 -9.85809e-13 0)
(1.28169e-16 -9.85814e-13 0)
(1.22886e-16 -9.85819e-13 0)
(1.17323e-16 -9.85822e-13 0)
(1.11645e-16 -9.85825e-13 0)
(1.05968e-16 -9.85828e-13 0)
(1.00366e-16 -9.85831e-13 0)
(9.48849e-17 -9.85833e-13 0)
(8.95529e-17 -9.85835e-13 0)
(8.43825e-17 -9.85836e-13 0)
(7.93769e-17 -9.85838e-13 0)
(7.45329e-17 -9.85839e-13 0)
(6.98429e-17 -9.8584e-13 0)
(6.52967e-17 -9.85842e-13 0)
(6.08825e-17 -9.85843e-13 0)
(5.65875e-17 -9.85844e-13 0)
(5.23986e-17 -9.85844e-13 0)
(4.83028e-17 -9.85845e-13 0)
(4.42871e-17 -9.85846e-13 0)
(4.03388e-17 -9.85847e-13 0)
(3.64457e-17 -9.85847e-13 0)
(3.25957e-17 -9.85848e-13 0)
(2.87772e-17 -9.85848e-13 0)
(2.49788e-17 -9.85849e-13 0)
(2.11892e-17 -9.85849e-13 0)
(1.73972e-17 -9.85849e-13 0)
(1.35914e-17 -9.8585e-13 0)
(9.7603e-18 -9.8585e-13 0)
(5.89186e-18 -9.8585e-13 0)
(1.97338e-18 -9.8585e-13 0)
(6.28717e-07 -0.000480226 0)
(6.28719e-07 -5.78804e-08 0)
(1.53025e-12 -9.85899e-13 0)
(9.79539e-17 -9.85789e-13 0)
(1.10573e-16 -9.85786e-13 0)
(1.19026e-16 -9.85786e-13 0)
(1.23986e-16 -9.85787e-13 0)
(1.26152e-16 -9.8579e-13 0)
(1.26162e-16 -9.85793e-13 0)
(1.24553e-16 -9.85796e-13 0)
(1.21764e-16 -9.858e-13 0)
(1.18142e-16 -9.85803e-13 0)
(1.13956e-16 -9.85807e-13 0)
(1.09407e-16 -9.8581e-13 0)
(1.04647e-16 -9.85814e-13 0)
(9.9786e-17 -9.85817e-13 0)
(9.49015e-17 -9.85819e-13 0)
(9.00483e-17 -9.85822e-13 0)
(8.52627e-17 -9.85824e-13 0)
(8.05675e-17 -9.85826e-13 0)
(7.59755e-17 -9.85828e-13 0)
(7.14923e-17 -9.8583e-13 0)
(6.71184e-17 -9.85832e-13 0)
(6.28506e-17 -9.85833e-13 0)
(5.8683e-17 -9.85835e-13 0)
(5.46081e-17 -9.85836e-13 0)
(5.06174e-17 -9.85837e-13 0)
(4.67015e-17 -9.85838e-13 0)
(4.28507e-17 -9.85839e-13 0)
(3.90551e-17 -9.8584e-13 0)
(3.53046e-17 -9.85841e-13 0)
(3.15893e-17 -9.85841e-13 0)
(2.78991e-17 -9.85842e-13 0)
(2.4224e-17 -9.85843e-13 0)
(2.05541e-17 -9.85843e-13 0)
(1.68791e-17 -9.85844e-13 0)
(1.31887e-17 -9.85844e-13 0)
(9.47216e-18 -9.85844e-13 0)
(5.71834e-18 -9.85844e-13 0)
(1.91534e-18 -9.85844e-13 0)
(9.706e-07 -0.000487171 0)
(9.70604e-07 -2.0315e-07 0)
(4.77405e-12 -9.86241e-13 0)
(1.25968e-16 -9.85818e-13 0)
(1.30109e-16 -9.85803e-13 0)
(1.30562e-16 -9.85793e-13 0)
(1.29004e-16 -9.85789e-13 0)
(1.26316e-16 -9.85787e-13 0)
(1.22962e-16 -9.85787e-13 0)
(1.19192e-16 -9.85788e-13 0)
(1.15149e-16 -9.85791e-13 0)
(1.10925e-16 -9.85794e-13 0)
(1.06584e-16 -9.85797e-13 0)
(1.02174e-16 -9.858e-13 0)
(9.77344e-17 -9.85803e-13 0)
(9.32955e-17 -9.85806e-13 0)
(8.88824e-17 -9.85809e-13 0)
(8.45142e-17 -9.85812e-13 0)
(8.02049e-17 -9.85815e-13 0)
(7.5964e-17 -9.85817e-13 0)
(7.17976e-17 -9.8582e-13 0)
(6.77081e-17 -9.85822e-13 0)
(6.36958e-17 -9.85824e-13 0)
(5.97586e-17 -9.85825e-13 0)
(5.5893e-17 -9.85827e-13 0)
(5.20939e-17 -9.85829e-13 0)
(4.83556e-17 -9.8583e-13 0)
(4.46714e-17 -9.85831e-13 0)
(4.10345e-17 -9.85833e-13 0)
(3.74372e-17 -9.85834e-13 0)
(3.38718e-17 -9.85835e-13 0)
(3.03305e-17 -9.85835e-13 0)
(2.68051e-17 -9.85836e-13 0)
(2.32873e-17 -9.85837e-13 0)
(1.97686e-17 -9.85837e-13 0)
(1.62404e-17 -9.85838e-13 0)
(1.26935e-17 -9.85838e-13 0)
(9.11867e-18 -9.85839e-13 0)
(5.50579e-18 -9.85839e-13 0)
(1.84429e-18 -9.85839e-13 0)
(4.8413e-06 -0.000503712 0)
(4.73792e-06 -1.35656e-06 0)
(5.78629e-11 -9.90207e-13 0)
(2.07174e-16 -9.85778e-13 0)
(1.7686e-16 -9.85772e-13 0)
(1.56147e-16 -9.8577e-13 0)
(1.41417e-16 -9.8577e-13 0)
(1.30485e-16 -9.85771e-13 0)
(1.21989e-16 -9.85773e-13 0)
(1.15066e-16 -9.85776e-13 0)
(1.09169e-16 -9.85779e-13 0)
(1.03944e-16 -9.85783e-13 0)
(9.91657e-17 -9.85786e-13 0)
(9.46877e-17 -9.8579e-13 0)
(9.04171e-17 -9.85793e-13 0)
(8.62946e-17 -9.85797e-13 0)
(8.22834e-17 -9.858e-13 0)
(7.83604e-17 -9.85803e-13 0)
(7.45114e-17 -9.85806e-13 0)
(7.07276e-17 -9.85809e-13 0)
(6.70032e-17 -9.85812e-13 0)
(6.33341e-17 -9.85814e-13 0)
(5.97167e-17 -9.85816e-13 0)
(5.61477e-17 -9.85818e-13 0)
(5.26238e-17 -9.8582e-13 0)
(4.91411e-17 -9.85822e-13 0)
(4.56956e-17 -9.85824e-13 0)
(4.22826e-17 -9.85825e-13 0)
(3.88973e-17 -9.85826e-13 0)
(3.55344e-17 -9.85828e-13 0)
(3.21884e-17 -9.85829e-13 0)
(2.88533e-17 -9.8583e-13 0)
(2.5523e-17 -9.85831e-13 0)
(2.21911e-17 -9.85831e-13 0)
(1.88508e-17 -9.85832e-13 0)
(1.54951e-17 -9.85833e-13 0)
(1.21164e-17 -9.85833e-13 0)
(8.70703e-18 -9.85833e-13 0)
(5.25844e-18 -9.85834e-13 0)
(1.76163e-18 -9.85834e-13 0)
(4.56034e-06 -0.000524415 0)
(3.08678e-06 -3.44675e-06 0)
(3.67446e-10 -1.00148e-12 0)
(1.68282e-16 -9.85703e-13 0)
(1.5108e-16 -9.85719e-13 0)
(1.37568e-16 -9.85731e-13 0)
(1.26584e-16 -9.85741e-13 0)
(1.17627e-16 -9.85748e-13 0)
(1.10234e-16 -9.85755e-13 0)
(1.04015e-16 -9.85761e-13 0)
(9.86608e-17 -9.85766e-13 0)
(9.3934e-17 -9.85771e-13 0)
(8.96569e-17 -9.85776e-13 0)
(8.56993e-17 -9.85781e-13 0)
(8.19672e-17 -9.85785e-13 0)
(7.83941e-17 -9.85789e-13 0)
(7.49336e-17 -9.85792e-13 0)
(7.15535e-17 -9.85796e-13 0)
(6.82323e-17 -9.85799e-13 0)
(6.49554e-17 -9.85802e-13 0)
(6.17131e-17 -9.85805e-13 0)
(5.8499e-17 -9.85807e-13 0)
(5.53086e-17 -9.8581e-13 0)
(5.21386e-17 -9.85812e-13 0)
(4.89865e-17 -9.85814e-13 0)
(4.58496e-17 -9.85816e-13 0)
(4.27257e-17 -9.85818e-13 0)
(3.96121e-17 -9.85819e-13 0)
(3.65059e-17 -9.85821e-13 0)
(3.3404e-17 -9.85822e-13 0)
(3.03028e-17 -9.85823e-13 0)
(2.71985e-17 -9.85824e-13 0)
(2.40869e-17 -9.85825e-13 0)
(2.09634e-17 -9.85826e-13 0)
(1.78231e-17 -9.85827e-13 0)
(1.46608e-17 -9.85828e-13 0)
(1.14706e-17 -9.85828e-13 0)
(8.24649e-18 -9.85828e-13 0)
(4.98176e-18 -9.85829e-13 0)
(1.66919e-18 -9.85829e-13 0)
(2.62886e-06 -0.000533586 0)
(1.37411e-06 -4.93059e-06 0)
(3.88299e-10 -1.01382e-12 0)
(1.03833e-16 -9.85679e-13 0)
(1.01953e-16 -9.85697e-13 0)
(9.97817e-17 -9.85712e-13 0)
(9.68564e-17 -9.85724e-13 0)
(9.36226e-17 -9.85734e-13 0)
(9.03252e-17 -9.85743e-13 0)
(8.70849e-17 -9.8575e-13 0)
(8.39494e-17 -9.85757e-13 0)
(8.09266e-17 -9.85763e-13 0)
(7.80042e-17 -9.85768e-13 0)
(7.5162e-17 -9.85773e-13 0)
(7.23788e-17 -9.85777e-13 0)
(6.96351e-17 -9.85782e-13 0)
(6.6915e-17 -9.85786e-13 0)
(6.42062e-17 -9.85789e-13 0)
(6.14998e-17 -9.85793e-13 0)
(5.87898e-17 -9.85796e-13 0)
(5.60723e-17 -9.85799e-13 0)
(5.33449e-17 -9.85801e-13 0)
(5.06067e-17 -9.85804e-13 0)
(4.7857e-17 -9.85806e-13 0)
(4.50958e-17 -9.85808e-13 0)
(4.23229e-17 -9.8581e-13 0)
(3.95381e-17 -9.85812e-13 0)
(3.67411e-17 -9.85814e-13 0)
(3.39311e-17 -9.85816e-13 0)
(3.11071e-17 -9.85817e-13 0)
(2.82676e-17 -9.85818e-13 0)
(2.54107e-17 -9.85819e-13 0)
(2.25341e-17 -9.8582e-13 0)
(1.96352e-17 -9.85821e-13 0)
(1.67108e-17 -9.85822e-13 0)
(1.37574e-17 -9.85823e-13 0)
(1.07712e-17 -9.85823e-13 0)
(7.74764e-18 -9.85824e-13 0)
(4.68203e-18 -9.85824e-13 0)
(1.56904e-18 -9.85824e-13 0)
(1.65704e-06 -0.00053332 0)
(5.93916e-07 -5.40827e-06 0)
(2.21282e-10 -1.02011e-12 0)
(5.92326e-17 -9.85688e-13 0)
(6.36335e-17 -9.857e-13 0)
(6.6981e-17 -9.85711e-13 0)
(6.88591e-17 -9.85721e-13 0)
(6.96647e-17 -9.8573e-13 0)
(6.96976e-17 -9.85738e-13 0)
(6.9177e-17 -9.85745e-13 0)
(6.82593e-17 -9.85752e-13 0)
(6.70534e-17 -9.85758e-13 0)
(6.56339e-17 -9.85763e-13 0)
(6.40514e-17 -9.85768e-13 0)
(6.23399e-17 -9.85772e-13 0)
(6.05223e-17 -9.85777e-13 0)
(5.86147e-17 -9.8578e-13 0)
(5.66282e-17 -9.85784e-13 0)
(5.45715e-17 -9.85787e-13 0)
(5.24512e-17 -9.85791e-13 0)
(5.02731e-17 -9.85794e-13 0)
(4.8042e-17 -9.85796e-13 0)
(4.57622e-17 -9.85799e-13 0)
(4.34377e-17 -9.85801e-13 0)
(4.10717e-17 -9.85804e-13 0)
(3.86673e-17 -9.85806e-13 0)
(3.62268e-17 -9.85807e-13 0)
(3.37523e-17 -9.85809e-13 0)
(3.12453e-17 -9.85811e-13 0)
(2.87066e-17 -9.85812e-13 0)
(2.61369e-17 -9.85814e-13 0)
(2.35361e-17 -9.85815e-13 0)
(2.09038e-17 -9.85816e-13 0)
(1.8239e-17 -9.85817e-13 0)
(1.55404e-17 -9.85818e-13 0)
(1.28062e-17 -9.85818e-13 0)
(1.00342e-17 -9.85819e-13 0)
(7.22177e-18 -9.85819e-13 0)
(4.36598e-18 -9.8582e-13 0)
(1.46342e-18 -9.8582e-13 0)
(1.26461e-06 -0.000529912 0)
(3.06406e-07 -5.36295e-06 0)
(1.13965e-10 -1.02142e-12 0)
(3.48746e-17 -9.85706e-13 0)
(4.01979e-17 -9.85713e-13 0)
(4.47978e-17 -9.8572e-13 0)
(4.82745e-17 -9.85727e-13 0)
(5.07982e-17 -9.85733e-13 0)
(5.25283e-17 -9.85739e-13 0)
(5.36055e-17 -9.85745e-13 0)
(5.4149e-17 -9.85751e-13 0)
(5.4257e-17 -9.85756e-13 0)
(5.40085e-17 -9.85761e-13 0)
(5.34666e-17 -9.85765e-13 0)
(5.26806e-17 -9.85769e-13 0)
(5.16894e-17 -9.85773e-13 0)
(5.05235e-17 -9.85777e-13 0)
(4.92071e-17 -9.8578e-13 0)
(4.77595e-17 -9.85784e-13 0)
(4.61964e-17 -9.85787e-13 0)
(4.45306e-17 -9.8579e-13 0)
(4.27731e-17 -9.85792e-13 0)
(4.09327e-17 -9.85795e-13 0)
(3.90174e-17 -9.85797e-13 0)
(3.70338e-17 -9.85799e-13 0)
(3.49876e-17 -9.85801e-13 0)
(3.28837e-17 -9.85803e-13 0)
(3.07262e-17 -9.85805e-13 0)
(2.85185e-17 -9.85807e-13 0)
(2.62636e-17 -9.85808e-13 0)
(2.39636e-17 -9.85809e-13 0)
(2.16201e-17 -9.85811e-13 0)
(1.92344e-17 -9.85812e-13 0)
(1.68071e-17 -9.85813e-13 0)
(1.43384e-17 -9.85814e-13 0)
(1.18282e-17 -9.85814e-13 0)
(9.27574e-18 -9.85815e-13 0)
(6.68022e-18 -9.85815e-13 0)
(4.04034e-18 -9.85816e-13 0)
(1.35457e-18 -9.85816e-13 0)
(1.09337e-06 -0.000525658 0)
(2.00204e-07 -5.09364e-06 0)
(6.35564e-11 -1.02018e-12 0)
(2.22465e-17 -9.85722e-13 0)
(2.67831e-17 -9.85726e-13 0)
(3.09742e-17 -9.8573e-13 0)
(3.44842e-17 -9.85735e-13 0)
(3.73501e-17 -9.85739e-13 0)
(3.96232e-17 -9.85744e-13 0)
(4.13614e-17 -9.85748e-13 0)
(4.26243e-17 -9.85752e-13 0)
(4.34686e-17 -9.85757e-13 0)
(4.39465e-17 -9.85761e-13 0)
(4.41047e-17 -9.85764e-13 0)
(4.39838e-17 -9.85768e-13 0)
(4.3619e-17 -9.85772e-13 0)
(4.30403e-17 -9.85775e-13 0)
(4.2273e-17 -9.85778e-13 0)
(4.13388e-17 -9.85781e-13 0)
(4.0256e-17 -9.85784e-13 0)
(3.90404e-17 -9.85787e-13 0)
(3.77053e-17 -9.85789e-13 0)
(3.62623e-17 -9.85792e-13 0)
(3.47215e-17 -9.85794e-13 0)
(3.30914e-17 -9.85796e-13 0)
(3.13796e-17 -9.85798e-13 0)
(2.95927e-17 -9.858e-13 0)
(2.77364e-17 -9.85801e-13 0)
(2.58155e-17 -9.85803e-13 0)
(2.38343e-17 -9.85804e-13 0)
(2.17964e-17 -9.85806e-13 0)
(1.97048e-17 -9.85807e-13 0)
(1.75619e-17 -9.85808e-13 0)
(1.53697e-17 -9.85809e-13 0)
(1.31298e-17 -9.8581e-13 0)
(1.08433e-17 -9.85811e-13 0)
(8.51117e-18 -9.85811e-13 0)
(6.13382e-18 -9.85812e-13 0)
(3.7116e-18 -9.85812e-13 0)
(1.24465e-18 -9.85812e-13 0)
(1.00684e-06 -0.000521302 0)
(1.56491e-07 -4.71835e-06 0)
(3.94275e-11 -1.0177e-12 0)
(1.54186e-17 -9.85735e-13 0)
(1.89682e-17 -9.85737e-13 0)
(2.23875e-17 -9.8574e-13 0)
(2.54221e-17 -9.85743e-13 0)
(2.80601e-17 -9.85746e-13 0)
(3.03031e-17 -9.85749e-13 0)
(3.21634e-17 -9.85752e-13 0)
(3.36601e-17 -9.85755e-13 0)
(3.48169e-17 -9.85758e-13 0)
(3.56592e-17 -9.85762e-13 0)
(3.62132e-17 -9.85765e-13 0)
(3.65043e-17 -9.85768e-13 0)
(3.65565e-17 -9.85771e-13 0)
(3.63923e-17 -9.85774e-13 0)
(3.60319e-17 -9.85777e-13 0)
(3.54935e-17 -9.85779e-13 0)
(3.47938e-17 -9.85782e-13 0)
(3.39473e-17 -9.85784e-13 0)
(3.29671e-17 -9.85787e-13 0)
(3.18648e-17 -9.85789e-13 0)
(3.06507e-17 -9.85791e-13 0)
(2.93341e-17 -9.85793e-13 0)
(2.7923e-17 -9.85795e-13 0)
(2.64247e-17 -9.85797e-13 0)
(2.48457e-17 -9.85798e-13 0)
(2.31917e-17 -9.858e-13 0)
(2.14678e-17 -9.85801e-13 0)
(1.96783e-17 -9.85802e-13 0)
(1.78273e-17 -9.85804e-13 0)
(1.59181e-17 -9.85805e-13 0)
(1.39538e-17 -9.85806e-13 0)
(1.19369e-17 -9.85806e-13 0)
(9.86979e-18 -9.85807e-13 0)
(7.75435e-18 -9.85808e-13 0)
(5.59241e-18 -9.85808e-13 0)
(3.38564e-18 -9.85808e-13 0)
(1.13562e-18 -9.85809e-13 0)
(9.53639e-07 -0.000517048 0)
(1.34945e-07 -4.28048e-06 0)
(2.64126e-11 -1.01452e-12 0)
(1.14445e-17 -9.85745e-13 0)
(1.41826e-17 -9.85746e-13 0)
(1.6887e-17 -9.85747e-13 0)
(1.93744e-17 -9.85749e-13 0)
(2.16221e-17 -9.85751e-13 0)
(2.36163e-17 -9.85754e-13 0)
(2.53503e-17 -9.85756e-13 0)
(2.68238e-17 -9.85758e-13 0)
(2.80414e-17 -9.85761e-13 0)
(2.90113e-17 -9.85763e-13 0)
(2.97443e-17 -9.85766e-13 0)
(3.02528e-17 -9.85769e-13 0)
(3.05503e-17 -9.85771e-13 0)
(3.06503e-17 -9.85774e-13 0)
(3.05662e-17 -9.85776e-13 0)
(3.0311e-17 -9.85778e-13 0)
(2.98971e-17 -9.85781e-13 0)
(2.93362e-17 -9.85783e-13 0)
(2.86391e-17 -9.85785e-13 0)
(2.78157e-17 -9.85787e-13 0)
(2.68754e-17 -9.85789e-13 0)
(2.58265e-17 -9.85791e-13 0)
(2.46769e-17 -9.85792e-13 0)
(2.34336e-17 -9.85794e-13 0)
(2.21031e-17 -9.85796e-13 0)
(2.06912e-17 -9.85797e-13 0)
(1.92033e-17 -9.85798e-13 0)
(1.76443e-17 -9.858e-13 0)
(1.60185e-17 -9.85801e-13 0)
(1.433e-17 -9.85802e-13 0)
(1.25824e-17 -9.85803e-13 0)
(1.0779e-17 -9.85803e-13 0)
(8.92302e-18 -9.85804e-13 0)
(7.01727e-18 -9.85805e-13 0)
(5.06454e-18 -9.85805e-13 0)
(3.06759e-18 -9.85805e-13 0)
(1.0292e-18 -9.85805e-13 0)
(9.12556e-07 -0.000512953 0)
(1.22254e-07 -3.81345e-06 0)
(1.87305e-11 -1.01097e-12 0)
(8.97805e-18 -9.85752e-13 0)
(1.1098e-17 -9.85753e-13 0)
(1.32238e-17 -9.85754e-13 0)
(1.52244e-17 -9.85755e-13 0)
(1.7079e-17 -9.85756e-13 0)
(1.87711e-17 -9.85758e-13 0)
(2.02889e-17 -9.8576e-13 0)
(2.16246e-17 -9.85762e-13 0)
(2.27742e-17 -9.85763e-13 0)
(2.37366e-17 -9.85765e-13 0)
(2.45138e-17 -9.85768e-13 0)
(2.51094e-17 -9.8577e-13 0)
(2.5529e-17 -9.85772e-13 0)
(2.57792e-17 -9.85774e-13 0)
(2.58673e-17 -9.85776e-13 0)
(2.58011e-17 -9.85778e-13 0)
(2.55887e-17 -9.8578e-13 0)
(2.52381e-17 -9.85782e-13 0)
(2.47573e-17 -9.85784e-13 0)
(2.41538e-17 -9.85785e-13 0)
(2.3435e-17 -9.85787e-13 0)
(2.26081e-17 -9.85789e-13 0)
(2.16796e-17 -9.8579e-13 0)
(2.06559e-17 -9.85792e-13 0)
(1.95428e-17 -9.85793e-13 0)
(1.83459e-17 -9.85795e-13 0)
(1.70703e-17 -9.85796e-13 0)
(1.57209e-17 -9.85797e-13 0)
(1.43021e-17 -9.85798e-13 0)
(1.28183e-17 -9.85799e-13 0)
(1.12735e-17 -9.858e-13 0)
(9.67136e-18 -9.85801e-13 0)
(8.01558e-18 -9.85801e-13 0)
(6.30969e-18 -9.85802e-13 0)
(4.5572e-18 -9.85802e-13 0)
(2.76166e-18 -9.85802e-13 0)
(9.26788e-19 -9.85803e-13 0)
(8.72493e-07 -0.000509053 0)
(1.13907e-07 -3.34038e-06 0)
(1.38373e-11 -1.00741e-12 0)
(7.36436e-18 -9.85757e-13 0)
(9.01757e-18 -9.85758e-13 0)
(1.06906e-17 -9.85759e-13 0)
(1.22891e-17 -9.85759e-13 0)
(1.37966e-17 -9.8576e-13 0)
(1.5199e-17 -9.85762e-13 0)
(1.64844e-17 -9.85763e-13 0)
(1.76434e-17 -9.85764e-13 0)
(1.86689e-17 -9.85766e-13 0)
(1.95559e-17 -9.85767e-13 0)
(2.03017e-17 -9.85769e-13 0)
(2.09052e-17 -9.85771e-13 0)
(2.13668e-17 -9.85772e-13 0)
(2.16885e-17 -9.85774e-13 0)
(2.18731e-17 -9.85776e-13 0)
(2.19243e-17 -9.85778e-13 0)
(2.18464e-17 -9.85779e-13 0)
(2.16441e-17 -9.85781e-13 0)
(2.13226e-17 -9.85783e-13 0)
(2.08871e-17 -9.85784e-13 0)
(2.0343e-17 -9.85786e-13 0)
(1.96955e-17 -9.85787e-13 0)
(1.89499e-17 -9.85789e-13 0)
(1.81114e-17 -9.8579e-13 0)
(1.7185e-17 -9.85791e-13 0)
(1.61755e-17 -9.85793e-13 0)
(1.50877e-17 -9.85794e-13 0)
(1.39259e-17 -9.85795e-13 0)
(1.26947e-17 -9.85796e-13 0)
(1.13982e-17 -9.85797e-13 0)
(1.00404e-17 -9.85798e-13 0)
(8.62533e-18 -9.85798e-13 0)
(7.15691e-18 -9.85799e-13 0)
(5.63905e-18 -9.85799e-13 0)
(4.07574e-18 -9.858e-13 0)
(2.47109e-18 -9.858e-13 0)
(8.29481e-19 -9.858e-13 0)
(8.26298e-07 -0.000505404 0)
(1.08221e-07 -2.87043e-06 0)
(1.04638e-11 -1.00396e-12 0)
(6.26486e-18 -9.85761e-13 0)
(7.5622e-18 -9.85762e-13 0)
(8.88043e-18 -9.85762e-13 0)
(1.01521e-17 -9.85763e-13 0)
(1.13658e-17 -9.85764e-13 0)
(1.25109e-17 -9.85765e-13 0)
(1.35773e-17 -9.85766e-13 0)
(1.45564e-17 -9.85767e-13 0)
(1.54406e-17 -9.85768e-13 0)
(1.62236e-17 -9.85769e-13 0)
(1.69007e-17 -9.85771e-13 0)
(1.74684e-17 -9.85772e-13 0)
(1.79242e-17 -9.85773e-13 0)
(1.82672e-17 -9.85775e-13 0)
(1.84971e-17 -9.85776e-13 0)
(1.86147e-17 -9.85778e-13 0)
(1.86216e-17 -9.85779e-13 0)
(1.852e-17 -9.85781e-13 0)
(1.83125e-17 -9.85782e-13 0)
(1.80023e-17 -9.85783e-13 0)
(1.75928e-17 -9.85785e-13 0)
(1.70877e-17 -9.85786e-13 0)
(1.64909e-17 -9.85787e-13 0)
(1.58062e-17 -9.85789e-13 0)
(1.50378e-17 -9.8579e-13 0)
(1.41895e-17 -9.85791e-13 0)
(1.32655e-17 -9.85792e-13 0)
(1.22698e-17 -9.85793e-13 0)
(1.12062e-17 -9.85794e-13 0)
(1.00789e-17 -9.85795e-13 0)
(8.89166e-18 -9.85795e-13 0)
(7.6485e-18 -9.85796e-13 0)
(6.3534e-18 -9.85797e-13 0)
(5.01045e-18 -9.85797e-13 0)
(3.62389e-18 -9.85797e-13 0)
(2.19816e-18 -9.85798e-13 0)
(7.38041e-19 -9.85798e-13 0)
(7.69535e-07 -0.000502079 0)
(1.04409e-07 -2.41699e-06 0)
(8.16285e-12 -1.00052e-12 0)
(5.53037e-18 -9.85765e-13 0)
(6.53128e-18 -9.85765e-13 0)
(7.55557e-18 -9.85765e-13 0)
(8.55387e-18 -9.85766e-13 0)
(9.51788e-18 -9.85767e-13 0)
(1.04392e-17 -9.85767e-13 0)
(1.13094e-17 -9.85768e-13 0)
(1.21209e-17 -9.85769e-13 0)
(1.28662e-17 -9.8577e-13 0)
(1.35389e-17 -9.85771e-13 0)
(1.41333e-17 -9.85772e-13 0)
(1.46447e-17 -9.85773e-13 0)
(1.50693e-17 -9.85774e-13 0)
(1.54041e-17 -9.85775e-13 0)
(1.56472e-17 -9.85777e-13 0)
(1.57974e-17 -9.85778e-13 0)
(1.58544e-17 -9.85779e-13 0)
(1.58185e-17 -9.8578e-13 0)
(1.56906e-17 -9.85782e-13 0)
(1.54722e-17 -9.85783e-13 0)
(1.5165e-17 -9.85784e-13 0)
(1.47716e-17 -9.85785e-13 0)
(1.42943e-17 -9.85786e-13 0)
(1.3736e-17 -9.85787e-13 0)
(1.30998e-17 -9.85789e-13 0)
(1.23888e-17 -9.8579e-13 0)
(1.16063e-17 -9.8579e-13 0)
(1.07559e-17 -9.85791e-13 0)
(9.84085e-18 -9.85792e-13 0)
(8.8649e-18 -9.85793e-13 0)
(7.83168e-18 -9.85794e-13 0)
(6.74497e-18 -9.85794e-13 0)
(5.60869e-18 -9.85795e-13 0)
(4.4269e-18 -9.85795e-13 0)
(3.20389e-18 -9.85795e-13 0)
(1.94426e-18 -9.85796e-13 0)
(6.52937e-19 -9.85796e-13 0)
(7.0142e-07 -0.00049916 0)
(1.01967e-07 -1.9982e-06 0)
(6.5126e-12 -9.97479e-13 0)
(5.02205e-18 -9.85767e-13 0)
(5.76404e-18 -9.85767e-13 0)
(6.53728e-18 -9.85768e-13 0)
(7.30391e-18 -9.85768e-13 0)
(8.05643e-18 -9.85769e-13 0)
(8.78714e-18 -9.85769e-13 0)
(9.48836e-18 -9.8577e-13 0)
(1.01526e-17 -9.85771e-13 0)
(1.07726e-17 -9.85771e-13 0)
(1.13417e-17 -9.85772e-13 0)
(1.18539e-17 -9.85773e-13 0)
(1.23037e-17 -9.85774e-13 0)
(1.26865e-17 -9.85775e-13 0)
(1.29985e-17 -9.85776e-13 0)
(1.32366e-17 -9.85777e-13 0)
(1.33986e-17 -9.85778e-13 0)
(1.34827e-17 -9.85779e-13 0)
(1.34883e-17 -9.8578e-13 0)
(1.34149e-17 -9.85781e-13 0)
(1.32627e-17 -9.85782e-13 0)
(1.30327e-17 -9.85783e-13 0)
(1.2726e-17 -9.85784e-13 0)
(1.2344e-17 -9.85786e-13 0)
(1.18888e-17 -9.85786e-13 0)
(1.13625e-17 -9.85787e-13 0)
(1.07676e-17 -9.85788e-13 0)
(1.01066e-17 -9.85789e-13 0)
(9.38235e-18 -9.8579e-13 0)
(8.59793e-18 -9.85791e-13 0)
(7.75646e-18 -9.85791e-13 0)
(6.86127e-18 -9.85792e-13 0)
(5.91588e-18 -9.85793e-13 0)
(4.92397e-18 -9.85793e-13 0)
(3.88949e-18 -9.85793e-13 0)
(2.81664e-18 -9.85794e-13 0)
(1.70995e-18 -9.85794e-13 0)
(5.7437e-19 -9.85794e-13 0)
(6.25857e-07 -0.000496709 0)
(1.00377e-07 -1.60837e-06 0)
(5.03947e-12 -9.94844e-13 0)
(4.55939e-18 -9.85769e-13 0)
(5.09053e-18 -9.85769e-13 0)
(5.66018e-18 -9.8577e-13 0)
(6.23974e-18 -9.8577e-13 0)
(6.82215e-18 -9.8577e-13 0)
(7.39975e-18 -9.85771e-13 0)
(7.96468e-18 -9.85771e-13 0)
(8.50911e-18 -9.85772e-13 0)
(9.02554e-18 -9.85773e-13 0)
(9.50696e-18 -9.85773e-13 0)
(9.94696e-18 -9.85774e-13 0)
(1.03398e-17 -9.85775e-13 0)
(1.06806e-17 -9.85776e-13 0)
(1.0965e-17 -9.85777e-13 0)
(1.11896e-17 -9.85778e-13 0)
(1.13515e-17 -9.85778e-13 0)
(1.14485e-17 -9.85779e-13 0)
(1.14791e-17 -9.8578e-13 0)
(1.14424e-17 -9.85781e-13 0)
(1.13379e-17 -9.85782e-13 0)
(1.11656e-17 -9.85783e-13 0)
(1.09259e-17 -9.85784e-13 0)
(1.06198e-17 -9.85785e-13 0)
(1.02483e-17 -9.85786e-13 0)
(9.81301e-18 -9.85786e-13 0)
(9.31569e-18 -9.85787e-13 0)
(8.75839e-18 -9.85788e-13 0)
(8.14339e-18 -9.85789e-13 0)
(7.4732e-18 -9.85789e-13 0)
(6.75055e-18 -9.8579e-13 0)
(5.97838e-18 -9.85791e-13 0)
(5.15987e-18 -9.85791e-13 0)
(4.29844e-18 -9.85792e-13 0)
(3.39778e-18 -9.85792e-13 0)
(2.4619e-18 -9.85792e-13 0)
(1.49515e-18 -9.85792e-13 0)
(5.02311e-19 -9.85792e-13 0)
(5.52177e-07 -0.00049474 0)
(9.89802e-08 -1.23296e-06 0)
(3.60782e-12 -9.92405e-13 0)
(4.01287e-18 -9.8577e-13 0)
(4.37281e-18 -9.85771e-13 0)
(4.78476e-18 -9.85771e-13 0)
(5.22555e-18 -9.85771e-13 0)
(5.68571e-18 -9.85772e-13 0)
(6.15529e-18 -9.85772e-13 0)
(6.62451e-18 -9.85773e-13 0)
(7.08415e-18 -9.85773e-13 0)
(7.52584e-18 -9.85774e-13 0)
(7.9421e-18 -9.85774e-13 0)
(8.32643e-18 -9.85775e-13 0)
(8.67321e-18 -9.85776e-13 0)
(8.97763e-18 -9.85776e-13 0)
(9.23567e-18 -9.85777e-13 0)
(9.44397e-18 -9.85778e-13 0)
(9.5998e-18 -9.85779e-13 0)
(9.701e-18 -9.85779e-13 0)
(9.7459e-18 -9.8578e-13 0)
(9.73331e-18 -9.85781e-13 0)
(9.6625e-18 -9.85782e-13 0)
(9.53311e-18 -9.85783e-13 0)
(9.34516e-18 -9.85783e-13 0)
(9.09903e-18 -9.85784e-13 0)
(8.79541e-18 -9.85785e-13 0)
(8.43531e-18 -9.85786e-13 0)
(8.02e-18 -9.85786e-13 0)
(7.55104e-18 -9.85787e-13 0)
(7.03025e-18 -9.85788e-13 0)
(6.45969e-18 -9.85788e-13 0)
(5.84166e-18 -9.85789e-13 0)
(5.17872e-18 -9.85789e-13 0)
(4.4737e-18 -9.8579e-13 0)
(3.72968e-18 -9.8579e-13 0)
(2.95005e-18 -9.85791e-13 0)
(2.13852e-18 -9.85791e-13 0)
(1.29918e-18 -9.85791e-13 0)
(4.36549e-19 -9.85791e-13 0)
(4.92707e-07 -0.000493187 0)
(9.69053e-08 -8.56481e-07 0)
(2.16534e-12 -9.90086e-13 0)
(3.1938e-18 -9.85771e-13 0)
(3.43791e-18 -9.85771e-13 0)
(3.76028e-18 -9.85772e-13 0)
(4.13408e-18 -9.85772e-13 0)
(4.5411e-18 -9.85773e-13 0)
(4.96498e-18 -9.85773e-13 0)
(5.39191e-18 -9.85774e-13 0)
(5.81066e-18 -9.85774e-13 0)
(6.21226e-18 -9.85775e-13 0)
(6.58966e-18 -9.85775e-13 0)
(6.93725e-18 -9.85776e-13 0)
(7.25059e-18 -9.85776e-13 0)
(7.52608e-18 -9.85777e-13 0)
(7.76078e-18 -9.85778e-13 0)
(7.95228e-18 -9.85778e-13 0)
(8.09858e-18 -9.85779e-13 0)
(8.19806e-18 -9.8578e-13 0)
(8.2494e-18 -9.8578e-13 0)
(8.2516e-18 -9.85781e-13 0)
(8.20394e-18 -9.85782e-13 0)
(8.10599e-18 -9.85782e-13 0)
(7.95758e-18 -9.85783e-13 0)
(7.75882e-18 -9.85784e-13 0)
(7.5101e-18 -9.85784e-13 0)
(7.21206e-18 -9.85785e-13 0)
(6.8656e-18 -9.85786e-13 0)
(6.47187e-18 -9.85786e-13 0)
(6.0323e-18 -9.85787e-13 0)
(5.54854e-18 -9.85787e-13 0)
(5.02253e-18 -9.85788e-13 0)
(4.45643e-18 -9.85788e-13 0)
(3.8527e-18 -9.85789e-13 0)
(3.21408e-18 -9.85789e-13 0)
(2.54361e-18 -9.85789e-13 0)
(1.84466e-18 -9.8579e-13 0)
(1.12098e-18 -9.8579e-13 0)
(3.76725e-19 -9.8579e-13 0)
(4.43561e-07 -0.000491929 0)
(9.03412e-08 -4.66285e-07 0)
(7.5189e-13 -9.87906e-13 0)
(1.76892e-18 -9.85772e-13 0)
(2.03452e-18 -9.85772e-13 0)
(2.41856e-18 -9.85773e-13 0)
(2.86436e-18 -9.85774e-13 0)
(3.33393e-18 -9.85774e-13 0)
(3.8023e-18 -9.85774e-13 0)
(4.25394e-18 -9.85775e-13 0)
(4.67963e-18 -9.85775e-13 0)
(5.0741e-18 -9.85776e-13 0)
(5.4344e-18 -9.85776e-13 0)
(5.75885e-18 -9.85777e-13 0)
(6.04641e-18 -9.85777e-13 0)
(6.29631e-18 -9.85778e-13 0)
(6.50784e-18 -9.85778e-13 0)
(6.68031e-18 -9.85779e-13 0)
(6.81301e-18 -9.85779e-13 0)
(6.90522e-18 -9.8578e-13 0)
(6.95626e-18 -9.8578e-13 0)
(6.96551e-18 -9.85781e-13 0)
(6.93245e-18 -9.85782e-13 0)
(6.8567e-18 -9.85782e-13 0)
(6.73805e-18 -9.85783e-13 0)
(6.57645e-18 -9.85783e-13 0)
(6.37207e-18 -9.85784e-13 0)
(6.12529e-18 -9.85785e-13 0)
(5.83672e-18 -9.85785e-13 0)
(5.50718e-18 -9.85786e-13 0)
(5.13776e-18 -9.85786e-13 0)
(4.72975e-18 -9.85787e-13 0)
(4.28473e-18 -9.85787e-13 0)
(3.80452e-18 -9.85788e-13 0)
(3.29122e-18 -9.85788e-13 0)
(2.74719e-18 -9.85788e-13 0)
(2.17511e-18 -9.85788e-13 0)
(1.57798e-18 -9.85789e-13 0)
(9.59153e-19 -9.85789e-13 0)
(3.2238e-19 -9.85789e-13 0)
(2.03237e-07 -0.000245679 0)
(4.64358e-08 -1.33894e-07 0)
(-1.67118e-18 -9.86339e-13 0)
(-1.02235e-18 -9.85773e-13 0)
(-1.69012e-19 -9.85774e-13 0)
(6.93983e-19 -9.85775e-13 0)
(1.48743e-18 -9.85775e-13 0)
(2.18766e-18 -9.85775e-13 0)
(2.79532e-18 -9.85776e-13 0)
(3.32009e-18 -9.85776e-13 0)
(3.77363e-18 -9.85776e-13 0)
(4.16655e-18 -9.85777e-13 0)
(4.50748e-18 -9.85777e-13 0)
(4.80293e-18 -9.85777e-13 0)
(5.05753e-18 -9.85778e-13 0)
(5.27441e-18 -9.85778e-13 0)
(5.45556e-18 -9.85778e-13 0)
(5.60205e-18 -9.85779e-13 0)
(5.71439e-18 -9.85779e-13 0)
(5.79264e-18 -9.8578e-13 0)
(5.83659e-18 -9.8578e-13 0)
(5.84592e-18 -9.85781e-13 0)
(5.82022e-18 -9.85781e-13 0)
(5.75913e-18 -9.85782e-13 0)
(5.66236e-18 -9.85783e-13 0)
(5.52972e-18 -9.85783e-13 0)
(5.3612e-18 -9.85784e-13 0)
(5.15694e-18 -9.85784e-13 0)
(4.91728e-18 -9.85785e-13 0)
(4.64279e-18 -9.85785e-13 0)
(4.33423e-18 -9.85786e-13 0)
(3.9926e-18 -9.85786e-13 0)
(3.61915e-18 -9.85786e-13 0)
(3.21535e-18 -9.85787e-13 0)
(2.78295e-18 -9.85787e-13 0)
(2.32396e-18 -9.85787e-13 0)
(1.8407e-18 -9.85788e-13 0)
(1.33576e-18 -9.85788e-13 0)
(8.12082e-19 -9.85788e-13 0)
(2.72976e-19 -9.85788e-13 0)
(-6.28822e-18 -9.85751e-13 0)
(-1.27243e-17 -9.85782e-13 0)
(-9.95277e-18 -9.8578e-13 0)
(-5.27108e-18 -9.85779e-13 0)
(-2.33959e-18 -9.85778e-13 0)
(-4.44477e-19 -9.85778e-13 0)
(8.28146e-19 -9.85777e-13 0)
(1.71979e-18 -9.85777e-13 0)
(2.37264e-18 -9.85777e-13 0)
(2.87128e-18 -9.85777e-13 0)
(3.26662e-18 -9.85777e-13 0)
(3.58966e-18 -9.85777e-13 0)
(3.85942e-18 -9.85778e-13 0)
(4.08759e-18 -9.85778e-13 0)
(4.28134e-18 -9.85778e-13 0)
(4.44493e-18 -9.85778e-13 0)
(4.58076e-18 -9.85779e-13 0)
(4.69006e-18 -9.85779e-13 0)
(4.77326e-18 -9.8578e-13 0)
(4.83029e-18 -9.8578e-13 0)
(4.86081e-18 -9.8578e-13 0)
(4.86429e-18 -9.85781e-13 0)
(4.84016e-18 -9.85781e-13 0)
(4.78788e-18 -9.85782e-13 0)
(4.70694e-18 -9.85782e-13 0)
(4.59696e-18 -9.85783e-13 0)
(4.45771e-18 -9.85783e-13 0)
(4.2891e-18 -9.85784e-13 0)
(4.09123e-18 -9.85784e-13 0)
(3.86441e-18 -9.85785e-13 0)
(3.60914e-18 -9.85785e-13 0)
(3.32612e-18 -9.85785e-13 0)
(3.01631e-18 -9.85786e-13 0)
(2.68088e-18 -9.85786e-13 0)
(2.32123e-18 -9.85786e-13 0)
(1.93905e-18 -9.85787e-13 0)
(1.53627e-18 -9.85787e-13 0)
(1.11509e-18 -9.85787e-13 0)
(6.78031e-19 -9.85787e-13 0)
(2.27933e-19 -9.85787e-13 0)
(5.8776e-18 -9.85793e-13 0)
(9.4283e-18 -9.85789e-13 0)
(5.93837e-18 -9.85785e-13 0)
(4.17639e-18 -9.85782e-13 0)
(3.33627e-18 -9.85781e-13 0)
(2.98145e-18 -9.85779e-13 0)
(2.87783e-18 -9.85779e-13 0)
(2.90117e-18 -9.85778e-13 0)
(2.98613e-18 -9.85778e-13 0)
(3.09866e-18 -9.85778e-13 0)
(3.22105e-18 -9.85778e-13 0)
(3.34398e-18 -9.85778e-13 0)
(3.46237e-18 -9.85778e-13 0)
(3.5732e-18 -9.85778e-13 0)
(3.67442e-18 -9.85778e-13 0)
(3.76441e-18 -9.85779e-13 0)
(3.8417e-18 -9.85779e-13 0)
(3.90493e-18 -9.85779e-13 0)
(3.95275e-18 -9.8578e-13 0)
(3.98387e-18 -9.8578e-13 0)
(3.99704e-18 -9.8578e-13 0)
(3.99111e-18 -9.85781e-13 0)
(3.96502e-18 -9.85781e-13 0)
(3.91782e-18 -9.85782e-13 0)
(3.84872e-18 -9.85782e-13 0)
(3.75707e-18 -9.85783e-13 0)
(3.64238e-18 -9.85783e-13 0)
(3.50436e-18 -9.85783e-13 0)
(3.34288e-18 -9.85784e-13 0)
(3.158e-18 -9.85784e-13 0)
(2.95001e-18 -9.85785e-13 0)
(2.71935e-18 -9.85785e-13 0)
(2.46672e-18 -9.85785e-13 0)
(2.193e-18 -9.85786e-13 0)
(1.89931e-18 -9.85786e-13 0)
(1.58697e-18 -9.85786e-13 0)
(1.25758e-18 -9.85786e-13 0)
(9.12956e-19 -9.85787e-13 0)
(5.55188e-19 -9.85787e-13 0)
(1.86649e-19 -9.85787e-13 0)
(5.43334e-18 -9.85779e-13 0)
(9.82561e-18 -9.85779e-13 0)
(7.96436e-18 -9.85779e-13 0)
(6.49773e-18 -9.85779e-13 0)
(5.40256e-18 -9.85779e-13 0)
(4.61384e-18 -9.85778e-13 0)
(4.06166e-18 -9.85778e-13 0)
(3.68519e-18 -9.85778e-13 0)
(3.43621e-18 -9.85778e-13 0)
(3.27832e-18 -9.85778e-13 0)
(3.18471e-18 -9.85778e-13 0)
(3.13584e-18 -9.85778e-13 0)
(3.11748e-18 -9.85778e-13 0)
(3.11917e-18 -9.85778e-13 0)
(3.13308e-18 -9.85779e-13 0)
(3.15323e-18 -9.85779e-13 0)
(3.17495e-18 -9.85779e-13 0)
(3.19449e-18 -9.85779e-13 0)
(3.20879e-18 -9.8578e-13 0)
(3.21528e-18 -9.8578e-13 0)
(3.21181e-18 -9.8578e-13 0)
(3.19654e-18 -9.85781e-13 0)
(3.16792e-18 -9.85781e-13 0)
(3.12463e-18 -9.85782e-13 0)
(3.06559e-18 -9.85782e-13 0)
(2.98991e-18 -9.85782e-13 0)
(2.89691e-18 -9.85783e-13 0)
(2.7861e-18 -9.85783e-13 0)
(2.65718e-18 -9.85784e-13 0)
(2.51005e-18 -9.85784e-13 0)
(2.34478e-18 -9.85784e-13 0)
(2.16164e-18 -9.85785e-13 0)
(1.96107e-18 -9.85785e-13 0)
(1.74372e-18 -9.85785e-13 0)
(1.51044e-18 -9.85786e-13 0)
(1.26225e-18 -9.85786e-13 0)
(1.00039e-18 -9.85786e-13 0)
(7.26329e-19 -9.85786e-13 0)
(4.41732e-19 -9.85786e-13 0)
(1.48512e-19 -9.85786e-13 0)
(4.03292e-18 -9.85774e-13 0)
(7.59582e-18 -9.85775e-13 0)
(6.69413e-18 -9.85776e-13 0)
(5.85827e-18 -9.85776e-13 0)
(5.12455e-18 -9.85777e-13 0)
(4.50633e-18 -9.85777e-13 0)
(4.00187e-18 -9.85777e-13 0)
(3.60103e-18 -9.85777e-13 0)
(3.2899e-18 -9.85777e-13 0)
(3.05371e-18 -9.85777e-13 0)
(2.87841e-18 -9.85778e-13 0)
(2.75149e-18 -9.85778e-13 0)
(2.66216e-18 -9.85778e-13 0)
(2.60131e-18 -9.85778e-13 0)
(2.56135e-18 -9.85779e-13 0)
(2.53601e-18 -9.85779e-13 0)
(2.52008e-18 -9.85779e-13 0)
(2.50924e-18 -9.85779e-13 0)
(2.49989e-18 -9.8578e-13 0)
(2.48905e-18 -9.8578e-13 0)
(2.47419e-18 -9.8578e-13 0)
(2.45321e-18 -9.85781e-13 0)
(2.42434e-18 -9.85781e-13 0)
(2.38612e-18 -9.85782e-13 0)
(2.33734e-18 -9.85782e-13 0)
(2.27702e-18 -9.85782e-13 0)
(2.2044e-18 -9.85783e-13 0)
(2.11889e-18 -9.85783e-13 0)
(2.0201e-18 -9.85783e-13 0)
(1.90783e-18 -9.85784e-13 0)
(1.78202e-18 -9.85784e-13 0)
(1.64278e-18 -9.85784e-13 0)
(1.49039e-18 -9.85785e-13 0)
(1.32529e-18 -9.85785e-13 0)
(1.14808e-18 -9.85785e-13 0)
(9.59513e-19 -9.85785e-13 0)
(7.60523e-19 -9.85786e-13 0)
(5.52212e-19 -9.85786e-13 0)
(3.35856e-19 -9.85786e-13 0)
(1.12919e-19 -9.85786e-13 0)
(2.73281e-18 -9.85772e-13 0)
(5.24072e-18 -9.85773e-13 0)
(4.79574e-18 -9.85774e-13 0)
(4.34951e-18 -9.85775e-13 0)
(3.92383e-18 -9.85775e-13 0)
(3.53386e-18 -9.85776e-13 0)
(3.18844e-18 -9.85776e-13 0)
(2.89116e-18 -9.85776e-13 0)
(2.6417e-18 -9.85777e-13 0)
(2.43711e-18 -9.85777e-13 0)
(2.27286e-18 -9.85777e-13 0)
(2.14367e-18 -9.85778e-13 0)
(2.04401e-18 -9.85778e-13 0)
(1.96855e-18 -9.85778e-13 0)
(1.91229e-18 -9.85778e-13 0)
(1.87073e-18 -9.85779e-13 0)
(1.83986e-18 -9.85779e-13 0)
(1.8162e-18 -9.85779e-13 0)
(1.79671e-18 -9.8578e-13 0)
(1.77881e-18 -9.8578e-13 0)
(1.76028e-18 -9.8578e-13 0)
(1.73925e-18 -9.85781e-13 0)
(1.71414e-18 -9.85781e-13 0)
(1.68364e-18 -9.85781e-13 0)
(1.64665e-18 -9.85782e-13 0)
(1.6023e-18 -9.85782e-13 0)
(1.54988e-18 -9.85783e-13 0)
(1.48886e-18 -9.85783e-13 0)
(1.41885e-18 -9.85783e-13 0)
(1.33962e-18 -9.85784e-13 0)
(1.25107e-18 -9.85784e-13 0)
(1.15321e-18 -9.85784e-13 0)
(1.0462e-18 -9.85784e-13 0)
(9.30305e-19 -9.85785e-13 0)
(8.05929e-19 -9.85785e-13 0)
(6.73585e-19 -9.85785e-13 0)
(5.33916e-19 -9.85785e-13 0)
(3.87689e-19 -9.85785e-13 0)
(2.358e-19 -9.85786e-13 0)
(7.92802e-20 -9.85786e-13 0)
(1.57976e-18 -9.85771e-13 0)
(3.05563e-18 -9.85772e-13 0)
(2.84731e-18 -9.85773e-13 0)
(2.62975e-18 -9.85774e-13 0)
(2.41285e-18 -9.85774e-13 0)
(2.20487e-18 -9.85775e-13 0)
(2.01203e-18 -9.85775e-13 0)
(1.83841e-18 -9.85776e-13 0)
(1.68619e-18 -9.85776e-13 0)
(1.55589e-18 -9.85777e-13 0)
(1.4468e-18 -9.85777e-13 0)
(1.35733e-18 -9.85777e-13 0)
(1.28536e-18 -9.85778e-13 0)
(1.22844e-18 -9.85778e-13 0)
(1.18406e-18 -9.85778e-13 0)
(1.14976e-18 -9.85779e-13 0)
(1.1232e-18 -9.85779e-13 0)
(1.10225e-18 -9.85779e-13 0)
(1.08501e-18 -9.8578e-13 0)
(1.06979e-18 -9.8578e-13 0)
(1.05512e-18 -9.8578e-13 0)
(1.03976e-18 -9.85781e-13 0)
(1.02261e-18 -9.85781e-13 0)
(1.0028e-18 -9.85781e-13 0)
(9.79558e-19 -9.85782e-13 0)
(9.52288e-19 -9.85782e-13 0)
(9.20498e-19 -9.85782e-13 0)
(8.83811e-19 -9.85783e-13 0)
(8.41953e-19 -9.85783e-13 0)
(7.94742e-19 -9.85783e-13 0)
(7.42085e-19 -9.85784e-13 0)
(6.83971e-19 -9.85784e-13 0)
(6.20468e-19 -9.85784e-13 0)
(5.51725e-19 -9.85785e-13 0)
(4.77962e-19 -9.85785e-13 0)
(3.9948e-19 -9.85785e-13 0)
(3.16653e-19 -9.85785e-13 0)
(2.29933e-19 -9.85785e-13 0)
(1.39852e-19 -9.85785e-13 0)
(4.70211e-20 -9.85785e-13 0)
(5.16824e-19 -9.85771e-13 0)
(1.00323e-18 -9.85772e-13 0)
(9.41915e-19 -9.85773e-13 0)
(8.76726e-19 -9.85773e-13 0)
(8.10449e-19 -9.85774e-13 0)
(7.45583e-19 -9.85774e-13 0)
(6.84175e-19 -9.85775e-13 0)
(6.27736e-19 -9.85775e-13 0)
(5.77238e-19 -9.85776e-13 0)
(5.33151e-19 -9.85776e-13 0)
(4.95526e-19 -9.85777e-13 0)
(4.64085e-19 -9.85777e-13 0)
(4.38318e-19 -9.85778e-13 0)
(4.17563e-19 -9.85778e-13 0)
(4.01084e-19 -9.85778e-13 0)
(3.88118e-19 -9.85779e-13 0)
(3.77921e-19 -9.85779e-13 0)
(3.69791e-19 -9.85779e-13 0)
(3.63086e-19 -9.8578e-13 0)
(3.57229e-19 -9.8578e-13 0)
(3.51714e-19 -9.8578e-13 0)
(3.461e-19 -9.85781e-13 0)
(3.40012e-19 -9.85781e-13 0)
(3.3313e-19 -9.85781e-13 0)
(3.2519e-19 -9.85782e-13 0)
(3.15974e-19 -9.85782e-13 0)
(3.05308e-19 -9.85782e-13 0)
(2.93057e-19 -9.85783e-13 0)
(2.7912e-19 -9.85783e-13 0)
(2.63431e-19 -9.85783e-13 0)
(2.45953e-19 -9.85784e-13 0)
(2.26678e-19 -9.85784e-13 0)
(2.05625e-19 -9.85784e-13 0)
(1.8284e-19 -9.85784e-13 0)
(1.58394e-19 -9.85785e-13 0)
(1.32386e-19 -9.85785e-13 0)
(1.04938e-19 -9.85785e-13 0)
(7.61997e-20 -9.85785e-13 0)
(4.63471e-20 -9.85785e-13 0)
(1.55829e-20 -9.85785e-13 0)
)
;

boundaryField
{
    top
    {
        type            zeroGradient;
    }
    inlet
    {
        type            fixedValue;
        value           uniform (0 0 0);
    }
    axis
    {
        type            fixedValue;
        value           uniform (0 0 0);
    }
    frontAndBack
    {
        type            empty;
    }
}


// ************************************************************************* //
