/*--------------------------------*- C++ -*----------------------------------*\
  =========                 |
  \\      /  F ield         | OpenFOAM: The Open Source CFD Toolbox
   \\    /   O peration     | Website:  https://openfoam.org
    \\  /    A nd           | Version:  7
     \\/     M anipulation  |
\*---------------------------------------------------------------------------*/
FoamFile
{
    version     2.0;
    format      ascii;
    class       surfaceScalarField;
    location    "10000";
    object      phia;
}
// * * * * * * * * * * * * * * * * * * * * * * * * * * * * * * * * * * * * * //

dimensions      [0 3 -1 0 0 0 0];

internalField   nonuniform List<scalar> 
6280
(
-1.22972e-07
1.22972e-07
-2.44535e-07
1.21563e-07
-3.65426e-07
1.20891e-07
-4.86342e-07
1.20916e-07
-6.07961e-07
1.21619e-07
-7.30959e-07
1.22998e-07
-8.56024e-07
1.25065e-07
-9.83875e-07
1.27851e-07
-1.11528e-06
1.31402e-07
-1.25106e-06
1.35787e-07
-1.39216e-06
1.41096e-07
-1.53961e-06
1.47446e-07
-1.69459e-06
1.54988e-07
-1.85851e-06
1.63917e-07
-2.03299e-06
1.74483e-07
-2.22e-06
1.87008e-07
-2.42192e-06
2.01915e-07
-2.64167e-06
2.19758e-07
-2.88295e-06
2.41278e-07
-3.15043e-06
2.6748e-07
-3.45018e-06
2.9975e-07
-3.79022e-06
3.40034e-07
-4.18133e-06
3.91117e-07
-4.63841e-06
4.57071e-07
-5.18237e-06
5.43969e-07
-5.84342e-06
6.6105e-07
-6.66608e-06
8.22655e-07
-7.71753e-06
1.05145e-06
-9.10134e-06
1.38382e-06
-1.09804e-05
1.87908e-06
-1.36154e-05
2.635e-06
-1.74298e-05
3.81436e-06
-2.31198e-05
5.69019e-06
-5.58356e-06
6.65086e-06
-1.13502e-06
8.24877e-07
-5.90955e-07
3.41178e-07
-3.57538e-07
2.64485e-07
-2.16377e-07
2.10373e-07
-1.07606e-07
1.56958e-07
9.13989e-08
-5.53705e-09
-1.21349e-07
2.44321e-07
-2.41275e-07
2.41488e-07
-3.6047e-07
2.40086e-07
-4.7959e-07
2.40036e-07
-5.99268e-07
2.41297e-07
-7.20127e-07
2.43857e-07
-8.42799e-07
2.47737e-07
-9.67931e-07
2.52983e-07
-1.09621e-06
2.59677e-07
-1.22835e-06
2.67933e-07
-1.36516e-06
2.77903e-07
-1.5075e-06
2.89784e-07
-1.65634e-06
3.03827e-07
-1.81277e-06
3.20349e-07
-1.97803e-06
3.39749e-07
-2.15356e-06
3.62531e-07
-2.34097e-06
3.89327e-07
-2.54215e-06
4.20943e-07
-2.75928e-06
4.584e-07
-2.9948e-06
5.03008e-07
-3.2515e-06
5.56446e-07
-3.53234e-06
6.20873e-07
-3.84029e-06
6.99065e-07
-4.17778e-06
7.94565e-07
-4.54566e-06
9.11845e-07
-4.94101e-06
1.0564e-06
-5.35304e-06
1.23468e-06
-5.75514e-06
1.45355e-06
-6.09014e-06
1.71881e-06
-6.24271e-06
2.03165e-06
-5.98881e-06
2.3811e-06
-4.9032e-06
2.72875e-06
-2.19187e-06
2.97887e-06
1.53742e-06
2.92157e-06
-6.40312e-08
2.42632e-06
-1.93469e-06
2.21183e-06
-3.93728e-06
2.26708e-06
-6.30926e-06
2.5941e-06
-6.70259e-07
1.18973e-06
7.8156e-08
1.85075e-08
-1.18198e-07
3.6252e-07
-2.34946e-07
3.58236e-07
-3.50858e-07
3.55998e-07
-4.6651e-07
3.55688e-07
-5.8245e-07
3.57237e-07
-6.99212e-07
3.60619e-07
-8.1732e-07
3.65845e-07
-9.373e-07
3.72964e-07
-1.05969e-06
3.82064e-07
-1.18503e-06
3.93274e-07
-1.31389e-06
4.06765e-07
-1.44686e-06
4.22756e-07
-1.58456e-06
4.41524e-07
-1.72762e-06
4.63408e-07
-1.87669e-06
4.8882e-07
-2.03242e-06
5.18264e-07
-2.19544e-06
5.52343e-07
-2.36628e-06
5.9178e-07
-2.54531e-06
6.37437e-07
-2.73263e-06
6.90328e-07
-2.92782e-06
7.5163e-07
-3.12962e-06
8.22682e-07
-3.33551e-06
9.04954e-07
-3.54092e-06
9.99974e-07
-3.73825e-06
1.10918e-06
-3.91547e-06
1.23362e-06
-4.05435e-06
1.37356e-06
-4.12848e-06
1.52769e-06
-4.10184e-06
1.69217e-06
-3.92953e-06
1.85934e-06
-3.56481e-06
2.01638e-06
-2.98078e-06
2.14471e-06
-2.22406e-06
2.22215e-06
-1.53444e-06
2.23195e-06
-1.29589e-06
2.18777e-06
-1.23452e-06
2.15047e-06
-1.10661e-06
2.13917e-06
-6.55556e-07
2.14305e-06
-1.85187e-07
1.32855e-06
1.58538e-08
1.01515e-07
-1.13695e-07
4.76215e-07
-2.25908e-07
4.70449e-07
-3.37148e-07
4.67238e-07
-4.47887e-07
4.66426e-07
-5.58562e-07
4.67913e-07
-6.69589e-07
4.71646e-07
-7.81361e-07
4.77617e-07
-8.94253e-07
4.85855e-07
-1.00862e-06
4.96432e-07
-1.1248e-06
5.09457e-07
-1.24312e-06
5.25078e-07
-1.36385e-06
5.43485e-07
-1.48723e-06
5.64911e-07
-1.61346e-06
5.89634e-07
-1.74262e-06
6.17982e-07
-1.87469e-06
6.50332e-07
-2.00946e-06
6.87109e-07
-2.14646e-06
7.28787e-07
-2.2849e-06
7.75875e-07
-2.42348e-06
8.28906e-07
-2.56025e-06
8.88404e-07
-2.69241e-06
9.54837e-07
-2.816e-06
1.02855e-06
-2.92569e-06
1.10966e-06
-3.01445e-06
1.19794e-06
-3.07341e-06
1.29258e-06
-3.09191e-06
1.39206e-06
-3.0581e-06
1.49388e-06
-2.96036e-06
1.59443e-06
-2.78995e-06
1.68893e-06
-2.54534e-06
1.77177e-06
-2.23794e-06
1.8373e-06
-1.89708e-06
1.88129e-06
-1.56809e-06
1.90297e-06
-1.28703e-06
1.90671e-06
-1.03699e-06
1.90043e-06
-7.86491e-07
1.88867e-06
-5.15022e-07
1.87158e-06
-8.45093e-08
1.20096e-06
5.79357e-09
6.51232e-08
-1.08075e-07
5.8429e-07
-2.14642e-07
5.77015e-07
-3.20087e-07
5.72684e-07
-4.24764e-07
5.71103e-07
-5.28992e-07
5.72141e-07
-6.33057e-07
5.75712e-07
-7.37215e-07
5.81774e-07
-8.41687e-07
5.90327e-07
-9.46656e-07
6.01402e-07
-1.05226e-06
6.15064e-07
-1.1586e-06
6.31412e-07
-1.26568e-06
6.50568e-07
-1.37345e-06
6.72685e-07
-1.48176e-06
6.97938e-07
-1.5903e-06
7.26522e-07
-1.69861e-06
7.58644e-07
-1.80602e-06
7.94517e-07
-1.91158e-06
8.34347e-07
-2.01401e-06
8.78311e-07
-2.11165e-06
9.2654e-07
-2.20232e-06
9.79079e-07
-2.28334e-06
1.03585e-06
-2.35141e-06
1.09662e-06
-2.40264e-06
1.16089e-06
-2.43262e-06
1.22792e-06
-2.43663e-06
1.29659e-06
-2.40999e-06
1.36541e-06
-2.34864e-06
1.43254e-06
-2.24999e-06
1.49578e-06
-2.11386e-06
1.55279e-06
-1.94342e-06
1.60133e-06
-1.74569e-06
1.63958e-06
-1.5309e-06
1.6665e-06
-1.31012e-06
1.68219e-06
-1.09116e-06
1.68775e-06
-8.75589e-07
1.68486e-06
-6.61853e-07
1.67493e-06
-4.49151e-07
1.65888e-06
-6.10016e-08
1.0534e-06
3.80743e-09
5.29286e-08
-1.01611e-07
6.85901e-07
-2.01696e-07
6.771e-07
-3.00521e-07
6.71508e-07
-3.98318e-07
6.68901e-07
-4.95289e-07
6.69112e-07
-5.91598e-07
6.72021e-07
-6.87373e-07
6.77549e-07
-7.82698e-07
6.85652e-07
-8.77611e-07
6.96314e-07
-9.72093e-07
7.09546e-07
-1.06606e-06
7.25379e-07
-1.15935e-06
7.43858e-07
-1.25171e-06
7.65044e-07
-1.34277e-06
7.89001e-07
-1.43204e-06
8.15792e-07
-1.51887e-06
8.45469e-07
-1.60242e-06
8.78066e-07
-1.68165e-06
9.13582e-07
-1.7553e-06
9.51964e-07
-1.82186e-06
9.93094e-07
-1.87954e-06
1.03676e-06
-1.92634e-06
1.08265e-06
-1.96003e-06
1.13031e-06
-1.97827e-06
1.17913e-06
-1.97871e-06
1.22835e-06
-1.95917e-06
1.27705e-06
-1.9179e-06
1.32415e-06
-1.85384e-06
1.36847e-06
-1.76689e-06
1.40882e-06
-1.65814e-06
1.44405e-06
-1.52998e-06
1.47317e-06
-1.38588e-06
1.49548e-06
-1.23001e-06
1.51063e-06
-1.06649e-06
1.51866e-06
-8.98664e-07
1.51993e-06
-7.28774e-07
1.51497e-06
-5.58224e-07
1.50438e-06
-3.88068e-07
1.48873e-06
-5.01617e-08
9.29968e-07
2.9483e-09
4.58764e-08
-9.45801e-08
7.80481e-07
-1.87635e-07
7.70155e-07
-2.79313e-07
7.63187e-07
-3.69738e-07
7.59326e-07
-4.59003e-07
7.58376e-07
-5.47166e-07
7.60184e-07
-6.34249e-07
7.64632e-07
-7.20229e-07
7.71632e-07
-8.05033e-07
7.81118e-07
-8.88532e-07
7.93045e-07
-9.70532e-07
8.07379e-07
-1.05076e-06
8.24091e-07
-1.12888e-06
8.43158e-07
-1.20443e-06
8.64549e-07
-1.27686e-06
8.88221e-07
-1.3455e-06
9.14113e-07
-1.40957e-06
9.42132e-07
-1.46813e-06
9.72149e-07
-1.52015e-06
1.00399e-06
-1.56446e-06
1.0374e-06
-1.5998e-06
1.0721e-06
-1.62483e-06
1.10769e-06
-1.63823e-06
1.14371e-06
-1.63871e-06
1.17961e-06
-1.62515e-06
1.2148e-06
-1.59667e-06
1.24857e-06
-1.55276e-06
1.28024e-06
-1.49336e-06
1.30907e-06
-1.41895e-06
1.33441e-06
-1.33055e-06
1.35565e-06
-1.2297e-06
1.37232e-06
-1.11834e-06
1.38411e-06
-9.98586e-07
1.39088e-06
-8.72562e-07
1.39264e-06
-7.42189e-07
1.38956e-06
-6.0911e-07
1.38189e-06
-4.74689e-07
1.36996e-06
-3.40084e-07
1.35412e-06
-4.33505e-08
8.32322e-07
2.41612e-09
4.10815e-08
-8.7248e-08
8.67729e-07
-1.7299e-07
8.55898e-07
-2.57274e-07
8.4747e-07
-3.40127e-07
8.42179e-07
-4.21552e-07
8.39802e-07
-5.01524e-07
8.40156e-07
-5.79983e-07
8.43091e-07
-6.56829e-07
8.48477e-07
-7.31917e-07
8.56207e-07
-8.05054e-07
8.66182e-07
-8.7599e-07
8.78314e-07
-9.44414e-07
8.92516e-07
-1.00995e-06
9.08696e-07
-1.07216e-06
9.26755e-07
-1.13051e-06
9.46578e-07
-1.18443e-06
9.68029e-07
-1.23324e-06
9.90945e-07
-1.27623e-06
1.01513e-06
-1.3126e-06
1.04036e-06
-1.34156e-06
1.06636e-06
-1.36226e-06
1.0928e-06
-1.37392e-06
1.11934e-06
-1.37578e-06
1.14557e-06
-1.36723e-06
1.17106e-06
-1.34778e-06
1.19535e-06
-1.31718e-06
1.21797e-06
-1.2754e-06
1.23846e-06
-1.22271e-06
1.25638e-06
-1.15965e-06
1.27135e-06
-1.08704e-06
1.28304e-06
-1.00593e-06
1.29121e-06
-9.17531e-07
1.29572e-06
-8.23151e-07
1.2965e-06
-7.24094e-07
1.29358e-06
-6.21608e-07
1.28707e-06
-5.16836e-07
1.27712e-06
-4.10792e-07
1.26392e-06
-3.0435e-07
1.24768e-06
-3.85117e-08
7.56342e-07
2.04464e-09
3.75996e-08
-7.98487e-08
9.47578e-07
-1.58232e-07
9.3428e-07
-2.35111e-07
9.2435e-07
-3.10438e-07
9.17506e-07
-3.84148e-07
9.13511e-07
-4.56151e-07
9.12159e-07
-5.2633e-07
9.1327e-07
-5.94538e-07
9.16686e-07
-6.60592e-07
9.2226e-07
-7.24268e-07
9.29858e-07
-7.85303e-07
9.39349e-07
-8.43388e-07
9.50601e-07
-8.9817e-07
9.63479e-07
-9.49253e-07
9.77838e-07
-9.96196e-07
9.93521e-07
-1.03852e-06
1.01035e-06
-1.07572e-06
1.02814e-06
-1.10726e-06
1.04667e-06
-1.1326e-06
1.0657e-06
-1.15121e-06
1.08497e-06
-1.16259e-06
1.10419e-06
-1.1663e-06
1.12305e-06
-1.16196e-06
1.14124e-06
-1.14932e-06
1.15842e-06
-1.12823e-06
1.17426e-06
-1.09871e-06
1.18845e-06
-1.06092e-06
1.20068e-06
-1.01523e-06
1.21068e-06
-9.62119e-07
1.21824e-06
-9.02244e-07
1.22316e-06
-8.36369e-07
1.22534e-06
-7.65343e-07
1.22469e-06
-6.90064e-07
1.22122e-06
-6.11442e-07
1.21496e-06
-5.30376e-07
1.206e-06
-4.4773e-07
1.19447e-06
-3.64331e-07
1.18052e-06
-2.80964e-07
1.16432e-06
-3.48145e-08
6.93868e-07
1.77205e-09
3.49357e-08
-7.25764e-08
1.02015e-06
-1.43745e-07
1.00545e-06
-2.13403e-07
9.94007e-07
-2.81444e-07
9.85547e-07
-3.47752e-07
9.79819e-07
-4.12196e-07
9.76603e-07
-4.74625e-07
9.757e-07
-5.34866e-07
9.76927e-07
-5.92721e-07
9.80115e-07
-6.47964e-07
9.85102e-07
-7.00344e-07
9.91728e-07
-7.49578e-07
9.99836e-07
-7.95362e-07
1.00926e-06
-8.37363e-07
1.01984e-06
-8.75234e-07
1.03139e-06
-9.08609e-07
1.04373e-06
-9.37119e-07
1.05665e-06
-9.604e-07
1.06995e-06
-9.78102e-07
1.0834e-06
-9.89902e-07
1.09677e-06
-9.95521e-07
1.10981e-06
-9.9474e-07
1.12227e-06
-9.87407e-07
1.1339e-06
-9.7346e-07
1.14447e-06
-9.52929e-07
1.15373e-06
-9.2595e-07
1.16147e-06
-8.92761e-07
1.16749e-06
-8.53704e-07
1.17163e-06
-8.09215e-07
1.17375e-06
-7.59813e-07
1.17376e-06
-7.0608e-07
1.1716e-06
-6.48644e-07
1.16726e-06
-5.88162e-07
1.16074e-06
-5.25298e-07
1.1521e-06
-4.60712e-07
1.14142e-06
-3.95046e-07
1.12881e-06
-3.28922e-07
1.11439e-06
-2.62931e-07
1.09833e-06
-3.18548e-08
6.41809e-07
1.56419e-09
3.27823e-08
-6.55817e-08
1.08574e-06
-1.29828e-07
1.0697e-06
-1.9259e-07
1.05677e-06
-2.53722e-07
1.04668e-06
-3.13075e-07
1.03917e-06
-3.70492e-07
1.03402e-06
-4.25805e-07
1.03101e-06
-4.78834e-07
1.02996e-06
-5.29382e-07
1.03066e-06
-5.77238e-07
1.03296e-06
-6.22175e-07
1.03667e-06
-6.63952e-07
1.04161e-06
-7.02316e-07
1.04763e-06
-7.37006e-07
1.05453e-06
-7.67757e-07
1.06214e-06
-7.94307e-07
1.07028e-06
-8.16403e-07
1.07875e-06
-8.33807e-07
1.08736e-06
-8.46308e-07
1.0959e-06
-8.53728e-07
1.10419e-06
-8.55932e-07
1.11201e-06
-8.52839e-07
1.11917e-06
-8.44424e-07
1.12549e-06
-8.30729e-07
1.13077e-06
-8.11866e-07
1.13486e-06
-7.88013e-07
1.13761e-06
-7.59421e-07
1.1389e-06
-7.26403e-07
1.13861e-06
-6.89328e-07
1.13668e-06
-6.48615e-07
1.13305e-06
-6.04716e-07
1.12771e-06
-5.5811e-07
1.12065e-06
-5.09288e-07
1.11192e-06
-4.58741e-07
1.10155e-06
-4.06949e-07
1.08963e-06
-3.54372e-07
1.07623e-06
-3.01435e-07
1.06146e-06
-2.48516e-07
1.04541e-06
-2.93948e-08
5.99224e-07
1.40068e-09
3.09525e-08
-5.89725e-08
1.14471e-06
-1.16694e-07
1.12742e-06
-1.72984e-07
1.11306e-06
-2.27674e-07
1.10137e-06
-2.80596e-07
1.09209e-06
-3.31581e-07
1.085e-06
-3.80458e-07
1.07989e-06
-4.2705e-07
1.07655e-06
-4.71172e-07
1.07479e-06
-5.12636e-07
1.07442e-06
-5.51246e-07
1.07527e-06
-5.86803e-07
1.07717e-06
-6.19107e-07
1.07993e-06
-6.47961e-07
1.08338e-06
-6.73172e-07
1.08735e-06
-6.9456e-07
1.09167e-06
-7.11961e-07
1.09615e-06
-7.25231e-07
1.10063e-06
-7.34255e-07
1.10493e-06
-7.38951e-07
1.10888e-06
-7.39276e-07
1.11234e-06
-7.35228e-07
1.11513e-06
-7.26854e-07
1.11711e-06
-7.14247e-07
1.11817e-06
-6.97549e-07
1.11817e-06
-6.76952e-07
1.11702e-06
-6.5269e-07
1.11463e-06
-6.25041e-07
1.11096e-06
-5.94314e-07
1.10595e-06
-5.60848e-07
1.09958e-06
-5.25005e-07
1.09186e-06
-4.87157e-07
1.0828e-06
-4.47684e-07
1.07244e-06
-4.06962e-07
1.06083e-06
-3.65365e-07
1.04803e-06
-3.23254e-07
1.03412e-06
-2.80977e-07
1.01918e-06
-2.3887e-07
1.00331e-06
-2.72785e-08
5.62203e-07
1.27029e-09
2.9331e-08
-5.28186e-08
1.19753e-06
-1.04477e-07
1.17907e-06
-1.5478e-07
1.16336e-06
-2.03544e-07
1.15013e-06
-2.50597e-07
1.13915e-06
-2.95767e-07
1.13018e-06
-3.38887e-07
1.12301e-06
-3.79793e-07
1.11745e-06
-4.18317e-07
1.11331e-06
-4.54296e-07
1.1104e-06
-4.87567e-07
1.10855e-06
-5.17971e-07
1.10757e-06
-5.45354e-07
1.10731e-06
-5.69572e-07
1.1076e-06
-5.90492e-07
1.10827e-06
-6.07995e-07
1.10917e-06
-6.21983e-07
1.11014e-06
-6.32379e-07
1.11102e-06
-6.39132e-07
1.11168e-06
-6.42222e-07
1.11197e-06
-6.4166e-07
1.11177e-06
-6.3749e-07
1.11096e-06
-6.29793e-07
1.10942e-06
-6.18685e-07
1.10706e-06
-6.04315e-07
1.1038e-06
-5.86867e-07
1.09957e-06
-5.66553e-07
1.09432e-06
-5.43611e-07
1.08802e-06
-5.18302e-07
1.08064e-06
-4.90901e-07
1.07218e-06
-4.61697e-07
1.06266e-06
-4.30984e-07
1.05209e-06
-3.99058e-07
1.04052e-06
-3.6621e-07
1.02798e-06
-3.32726e-07
1.01454e-06
-2.98879e-07
1.00027e-06
-2.64926e-07
9.85226e-07
-2.31101e-07
9.69487e-07
-2.54124e-08
5.30405e-07
1.16417e-09
2.78342e-08
-4.71573e-08
1.24468e-06
-9.32486e-08
1.22517e-06
-1.38074e-07
1.20819e-06
-1.81448e-07
1.19351e-06
-2.23198e-07
1.1809e-06
-2.6316e-07
1.17014e-06
-3.01176e-07
1.16103e-06
-3.37097e-07
1.15337e-06
-3.70776e-07
1.14699e-06
-4.02074e-07
1.1417e-06
-4.30859e-07
1.13733e-06
-4.57007e-07
1.13372e-06
-4.80404e-07
1.13071e-06
-5.00948e-07
1.12814e-06
-5.1855e-07
1.12588e-06
-5.33138e-07
1.12376e-06
-5.44661e-07
1.12166e-06
-5.53086e-07
1.11945e-06
-5.58406e-07
1.117e-06
-5.60635e-07
1.1142e-06
-5.59817e-07
1.11095e-06
-5.5602e-07
1.10716e-06
-5.49338e-07
1.10274e-06
-5.39893e-07
1.09761e-06
-5.27828e-07
1.09173e-06
-5.13311e-07
1.08505e-06
-4.96529e-07
1.07754e-06
-4.77684e-07
1.06917e-06
-4.56992e-07
1.05995e-06
-4.3468e-07
1.04987e-06
-4.10979e-07
1.03896e-06
-3.86122e-07
1.02723e-06
-3.60343e-07
1.01474e-06
-3.3387e-07
1.00151e-06
-3.06925e-07
9.87599e-07
-2.79722e-07
9.73066e-07
-2.52466e-07
9.57971e-07
-2.25356e-07
9.42379e-07
-2.37258e-08
5.01613e-07
1.07702e-09
2.64086e-08
-4.19997e-08
1.28668e-06
-8.30283e-08
1.26619e-06
-1.22889e-07
1.24805e-06
-1.61401e-07
1.23202e-06
-1.98399e-07
1.21789e-06
-2.33729e-07
1.20547e-06
-2.67247e-07
1.19455e-06
-2.9882e-07
1.18495e-06
-3.28322e-07
1.17649e-06
-3.55637e-07
1.16901e-06
-3.80661e-07
1.16235e-06
-4.03298e-07
1.15636e-06
-4.23465e-07
1.15088e-06
-4.41095e-07
1.14577e-06
-4.56131e-07
1.14091e-06
-4.68536e-07
1.13616e-06
-4.78288e-07
1.13141e-06
-4.85386e-07
1.12655e-06
-4.89847e-07
1.12146e-06
-4.91708e-07
1.11607e-06
-4.91028e-07
1.11027e-06
-4.87884e-07
1.10402e-06
-4.82374e-07
1.09723e-06
-4.74614e-07
1.08985e-06
-4.64736e-07
1.08186e-06
-4.52889e-07
1.07321e-06
-4.39233e-07
1.06388e-06
-4.23939e-07
1.05388e-06
-4.07187e-07
1.0432e-06
-3.8916e-07
1.03184e-06
-3.70046e-07
1.01984e-06
-3.5003e-07
1.00722e-06
-3.29298e-07
9.94003e-07
-3.08025e-07
9.80235e-07
-2.86379e-07
9.65954e-07
-2.64515e-07
9.51202e-07
-2.42564e-07
9.3602e-07
-2.20624e-07
9.20443e-07
-2.21718e-08
4.76418e-07
1.00417e-09
2.50158e-08
-3.73376e-08
1.32402e-06
-7.37967e-08
1.30265e-06
-1.09189e-07
1.28344e-06
-1.43345e-07
1.26618e-06
-1.7611e-07
1.25066e-06
-2.07341e-07
1.2367e-06
-2.36912e-07
1.22412e-06
-2.64703e-07
1.21274e-06
-2.90611e-07
1.2024e-06
-3.1454e-07
1.19294e-06
-3.36408e-07
1.18422e-06
-3.56144e-07
1.17609e-06
-3.7369e-07
1.16842e-06
-3.89002e-07
1.16109e-06
-4.02049e-07
1.15396e-06
-4.12817e-07
1.14693e-06
-4.21306e-07
1.1399e-06
-4.27531e-07
1.13277e-06
-4.31526e-07
1.12546e-06
-4.33339e-07
1.11788e-06
-4.33034e-07
1.10997e-06
-4.3069e-07
1.10167e-06
-4.264e-07
1.09294e-06
-4.2027e-07
1.08372e-06
-4.1242e-07
1.07401e-06
-4.02976e-07
1.06376e-06
-3.92074e-07
1.05298e-06
-3.79859e-07
1.04166e-06
-3.66476e-07
1.02981e-06
-3.52077e-07
1.01744e-06
-3.36814e-07
1.00458e-06
-3.20838e-07
9.91242e-07
-3.043e-07
9.77466e-07
-2.87351e-07
9.63286e-07
-2.70139e-07
9.48742e-07
-2.52813e-07
9.33876e-07
-2.35525e-07
9.18732e-07
-2.18433e-07
9.03355e-07
-2.07102e-08
4.52861e-07
9.43477e-10
2.36343e-08
-3.31482e-08
1.35717e-06
-6.55067e-08
1.33501e-06
-9.69002e-08
1.31483e-06
-1.27172e-07
1.29645e-06
-1.56179e-07
1.27967e-06
-1.83796e-07
1.26432e-06
-2.09909e-07
1.25023e-06
-2.34418e-07
1.23725e-06
-2.57234e-07
1.22521e-06
-2.7828e-07
1.21399e-06
-2.97495e-07
1.20344e-06
-3.14825e-07
1.19342e-06
-3.30232e-07
1.18383e-06
-3.43691e-07
1.17454e-06
-3.55189e-07
1.16546e-06
-3.64727e-07
1.15647e-06
-3.72318e-07
1.14749e-06
-3.7799e-07
1.13844e-06
-3.81783e-07
1.12925e-06
-3.83749e-07
1.11984e-06
-3.83954e-07
1.11017e-06
-3.82473e-07
1.10019e-06
-3.7939e-07
1.08985e-06
-3.74802e-07
1.07913e-06
-3.68808e-07
1.06801e-06
-3.61519e-07
1.05647e-06
-3.53047e-07
1.04451e-06
-3.43508e-07
1.03212e-06
-3.33022e-07
1.01933e-06
-3.21708e-07
1.00613e-06
-3.09687e-07
9.92558e-07
-2.97078e-07
9.78633e-07
-2.83999e-07
9.64387e-07
-2.70565e-07
9.49853e-07
-2.56893e-07
9.35069e-07
-2.43094e-07
9.20077e-07
-2.29284e-07
9.04922e-07
-2.15575e-07
8.89651e-07
-1.93214e-08
4.29859e-07
8.91742e-10
2.22462e-08
-2.93996e-08
1.38657e-06
-5.8093e-08
1.36371e-06
-8.59202e-08
1.34266e-06
-1.12738e-07
1.32327e-06
-1.38421e-07
1.30535e-06
-1.62854e-07
1.28875e-06
-1.85942e-07
1.27332e-06
-2.07597e-07
1.2589e-06
-2.27747e-07
1.24536e-06
-2.46332e-07
1.23258e-06
-2.63304e-07
1.22041e-06
-2.78627e-07
1.20875e-06
-2.92277e-07
1.19748e-06
-3.04242e-07
1.18651e-06
-3.14522e-07
1.17574e-06
-3.23129e-07
1.16508e-06
-3.30084e-07
1.15445e-06
-3.35422e-07
1.14378e-06
-3.39185e-07
1.13301e-06
-3.41428e-07
1.12209e-06
-3.42212e-07
1.11096e-06
-3.41606e-07
1.09958e-06
-3.39688e-07
1.08793e-06
-3.36538e-07
1.07598e-06
-3.32243e-07
1.06372e-06
-3.26893e-07
1.05112e-06
-3.2058e-07
1.03819e-06
-3.13395e-07
1.02494e-06
-3.05432e-07
1.01136e-06
-2.96783e-07
9.97482e-07
-2.87537e-07
9.83312e-07
-2.77782e-07
9.68878e-07
-2.67602e-07
9.54206e-07
-2.57075e-07
9.39326e-07
-2.46275e-07
9.24269e-07
-2.35266e-07
9.09068e-07
-2.24098e-07
8.93754e-07
-2.12792e-07
8.78352e-07
-1.79892e-08
4.09093e-07
8.46016e-10
2.0847e-08
-2.60544e-08
1.41262e-06
-5.14801e-08
1.38913e-06
-7.61332e-08
1.36732e-06
-9.98863e-08
1.34702e-06
-1.22627e-07
1.32809e-06
-1.44257e-07
1.31038e-06
-1.64692e-07
1.29375e-06
-1.83861e-07
1.27807e-06
-2.01704e-07
1.26321e-06
-2.18175e-07
1.24905e-06
-2.33239e-07
1.23547e-06
-2.46872e-07
1.22238e-06
-2.59061e-07
1.20967e-06
-2.69806e-07
1.19725e-06
-2.79114e-07
1.18505e-06
-2.87005e-07
1.17297e-06
-2.93506e-07
1.16095e-06
-2.98654e-07
1.14893e-06
-3.02495e-07
1.13685e-06
-3.0508e-07
1.12467e-06
-3.06468e-07
1.11235e-06
-3.06721e-07
1.09984e-06
-3.05908e-07
1.08712e-06
-3.04098e-07
1.07417e-06
-3.01364e-07
1.06098e-06
-2.97778e-07
1.04754e-06
-2.93414e-07
1.03383e-06
-2.88343e-07
1.01987e-06
-2.82634e-07
1.00566e-06
-2.76355e-07
9.91202e-07
-2.69568e-07
9.76526e-07
-2.62336e-07
9.61646e-07
-2.54715e-07
9.46585e-07
-2.46759e-07
9.31371e-07
-2.38524e-07
9.16034e-07
-2.30062e-07
9.00606e-07
-2.21432e-07
8.85124e-07
-2.1269e-07
8.69618e-07
-1.67018e-08
3.88881e-07
8.04838e-10
1.94464e-08
-2.30725e-08
1.4357e-06
-4.55876e-08
1.41165e-06
-6.74175e-08
1.38915e-06
-8.84498e-08
1.36805e-06
-1.08586e-07
1.34823e-06
-1.27742e-07
1.32954e-06
-1.45846e-07
1.31185e-06
-1.62839e-07
1.29506e-06
-1.78673e-07
1.27904e-06
-1.93314e-07
1.26369e-06
-2.06737e-07
1.2489e-06
-2.18927e-07
1.23457e-06
-2.29883e-07
1.22063e-06
-2.39609e-07
1.20698e-06
-2.48122e-07
1.19356e-06
-2.55445e-07
1.18029e-06
-2.6161e-07
1.16711e-06
-2.66657e-07
1.15398e-06
-2.7063e-07
1.14083e-06
-2.73581e-07
1.12762e-06
-2.75564e-07
1.11433e-06
-2.76637e-07
1.10091e-06
-2.76861e-07
1.08735e-06
-2.76296e-07
1.07361e-06
-2.75005e-07
1.05969e-06
-2.73047e-07
1.04558e-06
-2.70479e-07
1.03126e-06
-2.67356e-07
1.01674e-06
-2.63726e-07
1.00203e-06
-2.59634e-07
9.87111e-07
-2.5512e-07
9.72012e-07
-2.50218e-07
9.56743e-07
-2.44954e-07
9.41322e-07
-2.39354e-07
9.25771e-07
-2.33436e-07
9.10116e-07
-2.2722e-07
8.9439e-07
-2.20721e-07
8.78625e-07
-2.13944e-07
8.62852e-07
-1.54661e-08
3.68129e-07
7.65675e-10
1.80583e-08
-2.0414e-08
1.45611e-06
-4.03353e-08
1.43157e-06
-5.96519e-08
1.40846e-06
-7.82653e-08
1.38666e-06
-9.60906e-08
1.36605e-06
-1.13055e-07
1.3465e-06
-1.291e-07
1.3279e-06
-1.44176e-07
1.31014e-06
-1.58246e-07
1.29311e-06
-1.71285e-07
1.27673e-06
-1.83276e-07
1.26089e-06
-1.94215e-07
1.24551e-06
-2.04104e-07
1.23052e-06
-2.12956e-07
1.21583e-06
-2.20793e-07
1.20139e-06
-2.27641e-07
1.18714e-06
-2.33535e-07
1.17301e-06
-2.38518e-07
1.15896e-06
-2.42635e-07
1.14494e-06
-2.45935e-07
1.13092e-06
-2.48473e-07
1.11687e-06
-2.50304e-07
1.10274e-06
-2.51484e-07
1.08853e-06
-2.52069e-07
1.0742e-06
-2.52115e-07
1.05974e-06
-2.51672e-07
1.04514e-06
-2.50788e-07
1.03038e-06
-2.49507e-07
1.01546e-06
-2.47863e-07
1.00038e-06
-2.45883e-07
9.85131e-07
-2.43587e-07
9.69716e-07
-2.40981e-07
9.54138e-07
-2.38065e-07
9.38405e-07
-2.34825e-07
9.22531e-07
-2.31242e-07
9.06533e-07
-2.27288e-07
8.90436e-07
-2.22938e-07
8.74275e-07
-2.18161e-07
8.58089e-07
-1.42966e-08
3.47302e-07
7.26416e-10
1.67101e-08
-1.80404e-08
1.47415e-06
-3.56466e-08
1.44917e-06
-5.27207e-08
1.42554e-06
-6.91776e-08
1.40312e-06
-8.49441e-08
1.38182e-06
-9.99589e-08
1.36152e-06
-1.14172e-07
1.34211e-06
-1.27545e-07
1.32351e-06
-1.40049e-07
1.30562e-06
-1.51666e-07
1.28834e-06
-1.62388e-07
1.27161e-06
-1.72215e-07
1.25534e-06
-1.81156e-07
1.23946e-06
-1.89229e-07
1.22391e-06
-1.96458e-07
1.20862e-06
-2.02875e-07
1.19355e-06
-2.08518e-07
1.17865e-06
-2.1343e-07
1.16387e-06
-2.17658e-07
1.14917e-06
-2.21254e-07
1.13452e-06
-2.24271e-07
1.11988e-06
-2.26766e-07
1.10524e-06
-2.28794e-07
1.09055e-06
-2.30412e-07
1.07581e-06
-2.31674e-07
1.061e-06
-2.32631e-07
1.04609e-06
-2.33331e-07
1.03108e-06
-2.33813e-07
1.01595e-06
-2.3411e-07
1.00068e-06
-2.34245e-07
9.85266e-07
-2.34226e-07
9.69697e-07
-2.34046e-07
9.53958e-07
-2.33679e-07
9.38038e-07
-2.33074e-07
9.21927e-07
-2.32155e-07
9.05614e-07
-2.30814e-07
8.89094e-07
-2.28908e-07
8.72369e-07
-2.26237e-07
8.55438e-07
-1.32195e-08
3.24935e-07
6.85028e-10
1.54396e-08
-1.5916e-08
1.49007e-06
-3.14501e-08
1.46471e-06
-4.65175e-08
1.4406e-06
-6.10443e-08
1.41765e-06
-7.49679e-08
1.39574e-06
-8.82365e-08
1.37478e-06
-1.00809e-07
1.35468e-06
-1.12654e-07
1.33536e-06
-1.2375e-07
1.31671e-06
-1.34086e-07
1.29868e-06
-1.43657e-07
1.28118e-06
-1.52471e-07
1.26415e-06
-1.6054e-07
1.24753e-06
-1.67886e-07
1.23125e-06
-1.74535e-07
1.21527e-06
-1.80524e-07
1.19954e-06
-1.85891e-07
1.18402e-06
-1.90683e-07
1.16866e-06
-1.94948e-07
1.15344e-06
-1.98741e-07
1.13831e-06
-2.02117e-07
1.12326e-06
-2.05136e-07
1.10826e-06
-2.07858e-07
1.09328e-06
-2.10344e-07
1.0783e-06
-2.12653e-07
1.06331e-06
-2.14846e-07
1.04829e-06
-2.16979e-07
1.03321e-06
-2.19105e-07
1.01807e-06
-2.21271e-07
1.00284e-06
-2.23516e-07
9.87511e-07
-2.25868e-07
9.72048e-07
-2.28339e-07
9.56429e-07
-2.3092e-07
9.40619e-07
-2.33572e-07
9.24579e-07
-2.36216e-07
9.08257e-07
-2.38713e-07
8.91591e-07
-2.40846e-07
8.74503e-07
-2.42254e-07
8.56875e-07
-1.22676e-08
3.02323e-07
6.41137e-10
1.42932e-08
-1.40088e-08
1.50408e-06
-2.76824e-08
1.47838e-06
-4.09469e-08
1.45387e-06
-5.37385e-08
1.43044e-06
-6.60033e-08
1.40801e-06
-7.76975e-08
1.38648e-06
-8.87868e-08
1.36577e-06
-9.92462e-08
1.34582e-06
-1.0906e-07
1.32653e-06
-1.1822e-07
1.30784e-06
-1.26729e-07
1.28969e-06
-1.34594e-07
1.27202e-06
-1.41832e-07
1.25477e-06
-1.48468e-07
1.23789e-06
-1.5453e-07
1.22134e-06
-1.60055e-07
1.20507e-06
-1.65085e-07
1.18905e-06
-1.69667e-07
1.17324e-06
-1.73853e-07
1.15762e-06
-1.77698e-07
1.14216e-06
-1.81263e-07
1.12682e-06
-1.8461e-07
1.1116e-06
-1.87805e-07
1.09647e-06
-1.90916e-07
1.08141e-06
-1.94014e-07
1.06641e-06
-1.97171e-07
1.05144e-06
-2.00462e-07
1.0365e-06
-2.03963e-07
1.02157e-06
-2.07752e-07
1.00663e-06
-2.11907e-07
9.91666e-07
-2.1651e-07
9.76651e-07
-2.21641e-07
9.6156e-07
-2.27382e-07
9.4636e-07
-2.3381e-07
9.31007e-07
-2.40994e-07
9.15441e-07
-2.48987e-07
8.99585e-07
-2.57815e-07
8.8333e-07
-2.67395e-07
8.665e-07
-1.14832e-08
2.8158e-07
5.9795e-10
1.33122e-08
-1.22911e-08
1.51637e-06
-2.42881e-08
1.49038e-06
-3.59266e-08
1.46551e-06
-4.71508e-08
1.44166e-06
-5.79142e-08
1.41877e-06
-6.81792e-08
1.39674e-06
-7.79167e-08
1.37551e-06
-8.71065e-08
1.355e-06
-9.57363e-08
1.33516e-06
-1.03802e-07
1.3159e-06
-1.11307e-07
1.29719e-06
-1.18262e-07
1.27897e-06
-1.24685e-07
1.26119e-06
-1.30601e-07
1.2438e-06
-1.36039e-07
1.22677e-06
-1.41038e-07
1.21007e-06
-1.45638e-07
1.19365e-06
-1.49888e-07
1.17749e-06
-1.5384e-07
1.16157e-06
-1.57552e-07
1.14587e-06
-1.61084e-07
1.13036e-06
-1.64503e-07
1.11502e-06
-1.67879e-07
1.09985e-06
-1.71286e-07
1.08482e-06
-1.74802e-07
1.06992e-06
-1.7851e-07
1.05515e-06
-1.82501e-07
1.04049e-06
-1.86869e-07
1.02594e-06
-1.9172e-07
1.01148e-06
-1.97172e-07
9.97118e-07
-2.03358e-07
9.82837e-07
-2.10432e-07
9.68635e-07
-2.1858e-07
9.54508e-07
-2.28028e-07
9.40454e-07
-2.39055e-07
9.26469e-07
-2.52018e-07
9.12548e-07
-2.67376e-07
8.98688e-07
-2.85637e-07
8.84833e-07
-1.0935e-08
2.64602e-07
5.58604e-10
1.25043e-08
-1.07392e-08
1.52711e-06
-2.12208e-08
1.50086e-06
-3.13874e-08
1.47567e-06
-4.11901e-08
1.45147e-06
-5.05877e-08
1.42817e-06
-5.95474e-08
1.4057e-06
-6.80441e-08
1.38401e-06
-7.60602e-08
1.36302e-06
-8.35859e-08
1.34268e-06
-9.06185e-08
1.32294e-06
-9.71622e-08
1.30374e-06
-1.03228e-07
1.28504e-06
-1.08833e-07
1.26679e-06
-1.14002e-07
1.24897e-06
-1.18763e-07
1.23153e-06
-1.23152e-07
1.21446e-06
-1.2721e-07
1.19771e-06
-1.30983e-07
1.18127e-06
-1.34522e-07
1.16511e-06
-1.37884e-07
1.14923e-06
-1.41128e-07
1.1336e-06
-1.4432e-07
1.11821e-06
-1.47531e-07
1.10306e-06
-1.50834e-07
1.08812e-06
-1.5431e-07
1.0734e-06
-1.58042e-07
1.05888e-06
-1.6212e-07
1.04457e-06
-1.66643e-07
1.03046e-06
-1.71715e-07
1.01656e-06
-1.77455e-07
1.00286e-06
-1.83997e-07
9.89378e-07
-1.91496e-07
9.76134e-07
-2.0014e-07
9.63152e-07
-2.10157e-07
9.50471e-07
-2.21839e-07
9.38151e-07
-2.3556e-07
9.2627e-07
-2.51815e-07
9.14942e-07
-2.71141e-07
9.04258e-07
-1.07018e-08
2.50446e-07
5.20387e-10
1.18434e-08
-9.33417e-09
1.53644e-06
-1.84424e-08
1.50997e-06
-2.72734e-08
1.4845e-06
-3.57828e-08
1.45998e-06
-4.39339e-08
1.43632e-06
-5.16967e-08
1.41347e-06
-5.90484e-08
1.39136e-06
-6.59733e-08
1.36995e-06
-7.24619e-08
1.34917e-06
-7.85115e-08
1.32899e-06
-8.41255e-08
1.30935e-06
-8.93133e-08
1.29022e-06
-9.40902e-08
1.27157e-06
-9.84772e-08
1.25336e-06
-1.02501e-07
1.23556e-06
-1.06193e-07
1.21815e-06
-1.0959e-07
1.20111e-06
-1.12734e-07
1.18441e-06
-1.15674e-07
1.16805e-06
-1.18459e-07
1.15202e-06
-1.21148e-07
1.13629e-06
-1.23801e-07
1.12087e-06
-1.26484e-07
1.10574e-06
-1.29266e-07
1.0909e-06
-1.32221e-07
1.07635e-06
-1.35425e-07
1.06209e-06
-1.38956e-07
1.0481e-06
-1.42895e-07
1.0344e-06
-1.47322e-07
1.02098e-06
-1.52318e-07
1.00785e-06
-1.57963e-07
9.95023e-07
-1.64334e-07
9.82504e-07
-1.71504e-07
9.70322e-07
-1.79543e-07
9.58511e-07
-1.88516e-07
9.47123e-07
-1.98477e-07
9.36231e-07
-2.0947e-07
9.25935e-07
-2.21384e-07
9.16277e-07
-1.08003e-08
2.3846e-07
4.783e-10
1.13187e-08
-8.06078e-09
1.5445e-06
-1.59235e-08
1.51783e-06
-2.35409e-08
1.49212e-06
-3.08726e-08
1.46731e-06
-3.78841e-08
1.44333e-06
-4.45476e-08
1.42013e-06
-5.08413e-08
1.39765e-06
-5.67495e-08
1.37585e-06
-6.22622e-08
1.35468e-06
-6.7375e-08
1.3341e-06
-7.20889e-08
1.31407e-06
-7.64103e-08
1.29455e-06
-8.03506e-08
1.27551e-06
-8.3926e-08
1.25693e-06
-8.71577e-08
1.23879e-06
-9.00717e-08
1.22106e-06
-9.26987e-08
1.20373e-06
-9.50741e-08
1.18679e-06
-9.72382e-08
1.17022e-06
-9.9236e-08
1.15401e-06
-1.01117e-07
1.13817e-06
-1.02935e-07
1.12269e-06
-1.0475e-07
1.10755e-06
-1.06623e-07
1.09278e-06
-1.0862e-07
1.07835e-06
-1.10809e-07
1.06428e-06
-1.13256e-07
1.05055e-06
-1.16027e-07
1.03717e-06
-1.19178e-07
1.02414e-06
-1.22758e-07
1.01143e-06
-1.26795e-07
9.9906e-07
-1.31292e-07
9.87002e-07
-1.36217e-07
9.75247e-07
-1.4149e-07
9.63783e-07
-1.46968e-07
9.52601e-07
-1.52428e-07
9.41692e-07
-1.57547e-07
9.31053e-07
-1.61769e-07
9.20585e-07
-1.11496e-08
2.31784e-07
4.34161e-10
1.09607e-08
-6.90752e-09
1.55141e-06
-1.36413e-08
1.52456e-06
-2.01573e-08
1.49864e-06
-2.64173e-08
1.47357e-06
-3.23886e-08
1.4493e-06
-3.80442e-08
1.42578e-06
-4.33623e-08
1.40297e-06
-4.83263e-08
1.38082e-06
-5.29242e-08
1.35928e-06
-5.71491e-08
1.33832e-06
-6.09983e-08
1.31791e-06
-6.44734e-08
1.29802e-06
-6.75804e-08
1.27862e-06
-7.03291e-08
1.25968e-06
-7.27333e-08
1.24119e-06
-7.4811e-08
1.22314e-06
-7.65839e-08
1.2055e-06
-7.80781e-08
1.18828e-06
-7.93238e-08
1.17146e-06
-8.03559e-08
1.15505e-06
-8.1214e-08
1.13903e-06
-8.19428e-08
1.12341e-06
-8.25923e-08
1.1082e-06
-8.32178e-08
1.0934e-06
-8.38802e-08
1.07901e-06
-8.46445e-08
1.06504e-06
-8.55791e-08
1.05149e-06
-8.67533e-08
1.03835e-06
-8.8233e-08
1.02562e-06
-9.00756e-08
1.01328e-06
-9.23212e-08
1.00131e-06
-9.49819e-08
9.89662e-07
-9.80284e-08
9.78293e-07
-1.01373e-07
9.67128e-07
-1.04852e-07
9.5608e-07
-1.08207e-07
9.45047e-07
-1.11072e-07
9.33918e-07
-1.12909e-07
9.22479e-07
-1.16387e-08
2.33907e-07
3.94025e-10
1.07981e-08
-5.86577e-09
1.55727e-06
-1.15792e-08
1.53028e-06
-1.70985e-08
1.50416e-06
-2.2387e-08
1.47886e-06
-2.7413e-08
1.45433e-06
-3.21495e-08
1.43052e-06
-3.6574e-08
1.4074e-06
-4.06682e-08
1.38491e-06
-4.44177e-08
1.36303e-06
-4.78118e-08
1.34172e-06
-5.08435e-08
1.32095e-06
-5.35086e-08
1.30069e-06
-5.58063e-08
1.28092e-06
-5.77386e-08
1.26161e-06
-5.93103e-08
1.24277e-06
-6.05291e-08
1.22436e-06
-6.14054e-08
1.20638e-06
-6.19528e-08
1.18883e-06
-6.2188e-08
1.1717e-06
-6.21317e-08
1.15499e-06
-6.18091e-08
1.13871e-06
-6.12505e-08
1.12286e-06
-6.04928e-08
1.10745e-06
-5.95809e-08
1.09249e-06
-5.8569e-08
1.078e-06
-5.75227e-08
1.06399e-06
-5.65205e-08
1.05048e-06
-5.56551e-08
1.03748e-06
-5.50341e-08
1.02499e-06
-5.47784e-08
1.01302e-06
-5.50178e-08
1.00155e-06
-5.58828e-08
9.90527e-07
-5.74896e-08
9.799e-07
-5.99183e-08
9.69557e-07
-6.31821e-08
9.59344e-07
-6.71915e-08
9.49057e-07
-7.17162e-08
9.38443e-07
-7.63472e-08
9.27143e-07
-1.21849e-08
2.4706e-07
3.66916e-10
1.08266e-08
-4.92897e-09
1.5622e-06
-9.7246e-09
1.53507e-06
-1.43468e-08
1.50878e-06
-1.87602e-08
1.48327e-06
-2.29335e-08
1.4585e-06
-2.68395e-08
1.43443e-06
-3.04547e-08
1.41101e-06
-3.37588e-08
1.38822e-06
-3.67346e-08
1.36601e-06
-3.93675e-08
1.34435e-06
-4.16455e-08
1.32322e-06
-4.35585e-08
1.3026e-06
-4.50983e-08
1.28246e-06
-4.62583e-08
1.26277e-06
-4.70332e-08
1.24354e-06
-4.7419e-08
1.22474e-06
-4.74128e-08
1.20638e-06
-4.7013e-08
1.18843e-06
-4.62191e-08
1.1709e-06
-4.50328e-08
1.1538e-06
-4.34579e-08
1.13713e-06
-4.1502e-08
1.1209e-06
-3.91781e-08
1.10512e-06
-3.65069e-08
1.08982e-06
-3.35205e-08
1.07501e-06
-3.02674e-08
1.06074e-06
-2.68184e-08
1.04703e-06
-2.32755e-08
1.03394e-06
-1.97822e-08
1.0215e-06
-1.65349e-08
1.00977e-06
-1.37958e-08
9.98806e-07
-1.19027e-08
9.88634e-07
-1.1272e-08
9.79269e-07
-1.23862e-08
9.70671e-07
-1.57533e-08
9.62711e-07
-2.18202e-08
9.55124e-07
-3.08223e-08
9.47445e-07
-4.25706e-08
9.38904e-07
-1.26878e-08
2.75249e-07
4.29672e-10
1.0975e-08
-4.09181e-09
1.56629e-06
-8.06737e-09
1.53905e-06
-1.18883e-08
1.5126e-06
-1.55202e-08
1.4869e-06
-1.89324e-08
1.46191e-06
-2.20976e-08
1.43759e-06
-2.49913e-08
1.41391e-06
-2.75914e-08
1.39082e-06
-2.98781e-08
1.36829e-06
-3.18333e-08
1.34631e-06
-3.34404e-08
1.32483e-06
-3.46836e-08
1.30384e-06
-3.55476e-08
1.28332e-06
-3.60178e-08
1.26324e-06
-3.60788e-08
1.2436e-06
-3.5715e-08
1.22438e-06
-3.49098e-08
1.20557e-06
-3.36451e-08
1.18716e-06
-3.19013e-08
1.16916e-06
-2.9657e-08
1.15156e-06
-2.68889e-08
1.13436e-06
-2.35721e-08
1.11758e-06
-1.96808e-08
1.10123e-06
-1.51899e-08
1.08533e-06
-1.00778e-08
1.0699e-06
-4.33064e-09
1.05499e-06
2.04931e-09
1.04065e-06
9.03178e-09
1.02696e-06
1.6539e-08
1.01399e-06
2.44165e-08
1.0019e-06
3.23895e-08
9.90833e-07
4.0001e-08
9.81023e-07
4.6528e-08
9.72742e-07
5.08756e-08
9.66323e-07
5.14657e-08
9.62121e-07
4.61601e-08
9.60429e-07
3.23283e-08
9.61277e-07
7.2653e-09
9.63967e-07
-1.24663e-08
3.30928e-07
1.49889e-09
1.06395e-08
-3.34928e-09
1.56964e-06
-6.59795e-09
1.5423e-06
-9.70953e-09
1.51571e-06
-1.26511e-08
1.48984e-06
-1.53929e-08
1.46465e-06
-1.79078e-08
1.44011e-06
-2.01709e-08
1.41617e-06
-2.2159e-08
1.3928e-06
-2.38504e-08
1.36998e-06
-2.52245e-08
1.34768e-06
-2.62609e-08
1.32587e-06
-2.69396e-08
1.30452e-06
-2.72398e-08
1.28362e-06
-2.714e-08
1.26314e-06
-2.66172e-08
1.24308e-06
-2.5646e-08
1.22341e-06
-2.41984e-08
1.20412e-06
-2.22422e-08
1.18521e-06
-1.97409e-08
1.16666e-06
-1.66519e-08
1.14847e-06
-1.29252e-08
1.13064e-06
-8.50178e-09
1.11316e-06
-3.31163e-09
1.09604e-06
2.72901e-09
1.07929e-06
9.7204e-09
1.06291e-06
1.77826e-08
1.04693e-06
2.70586e-08
1.03138e-06
3.77165e-08
1.0163e-06
4.99484e-08
1.00176e-06
6.39611e-08
9.87884e-07
7.99496e-08
9.74845e-07
9.8033e-08
9.62939e-07
1.18118e-07
9.52657e-07
1.39617e-07
9.44824e-07
1.60896e-07
9.40842e-07
1.78202e-07
9.43124e-07
1.83641e-07
9.55838e-07
1.61406e-07
9.86201e-07
-3.76321e-09
4.98644e-07
9.74187e-10
3.07194e-09
-2.69588e-09
1.57234e-06
-5.30576e-09
1.54491e-06
-7.79565e-09
1.5182e-06
-1.01347e-08
1.49218e-06
-1.22945e-08
1.46681e-06
-1.4249e-08
1.44206e-06
-1.59737e-08
1.41789e-06
-1.74453e-08
1.39428e-06
-1.86414e-08
1.37118e-06
-1.95401e-08
1.34858e-06
-2.01192e-08
1.32645e-06
-2.0356e-08
1.30476e-06
-2.0227e-08
1.28349e-06
-1.97067e-08
1.26262e-06
-1.87676e-08
1.24214e-06
-1.73791e-08
1.22202e-06
-1.55067e-08
1.20225e-06
-1.31111e-08
1.18281e-06
-1.01465e-08
1.16369e-06
-6.5593e-09
1.14488e-06
-2.28556e-09
1.12636e-06
2.75189e-09
1.10812e-06
8.6476e-09
1.09014e-06
1.55194e-08
1.07242e-06
2.35168e-08
1.05491e-06
3.28337e-08
1.03761e-06
4.37274e-08
1.02048e-06
5.65487e-08
1.00348e-06
7.17892e-08
9.86521e-07
9.01603e-08
9.69513e-07
1.12723e-07
9.52282e-07
1.41108e-07
9.34554e-07
1.77894e-07
9.15871e-07
2.27264e-07
8.95454e-07
2.96139e-07
8.71967e-07
3.96169e-07
8.43094e-07
5.472e-07
8.04806e-07
7.83328e-07
7.50074e-07
6.15334e-07
6.66638e-07
5.9946e-07
1.6848e-08
-2.12497e-09
1.57446e-06
-4.17785e-09
1.54696e-06
-6.12789e-09
1.52015e-06
-7.94696e-09
1.494e-06
-9.60911e-09
1.46848e-06
-1.10901e-08
1.44354e-06
-1.23668e-08
1.41917e-06
-1.3417e-08
1.39533e-06
-1.42192e-08
1.37198e-06
-1.47516e-08
1.34911e-06
-1.49921e-08
1.32669e-06
-1.49181e-08
1.30468e-06
-1.45054e-08
1.28308e-06
-1.37285e-08
1.26185e-06
-1.25595e-08
1.24097e-06
-1.09678e-08
1.22043e-06
-8.91916e-09
1.2002e-06
-6.37539e-09
1.18027e-06
-3.29291e-09
1.16061e-06
3.7818e-10
1.14121e-06
4.69559e-09
1.12205e-06
9.72667e-09
1.10309e-06
1.55507e-08
1.08432e-06
2.22617e-08
1.0657e-06
2.99722e-08
1.0472e-06
3.88168e-08
1.02877e-06
4.89576e-08
1.01034e-06
6.05876e-08
9.91846e-07
7.39332e-08
9.73176e-07
8.9249e-08
9.54197e-07
1.06797e-07
9.34734e-07
1.26793e-07
9.14558e-07
1.49282e-07
8.93382e-07
1.73876e-07
8.7086e-07
1.99226e-07
8.46617e-07
2.21994e-07
8.20326e-07
2.34888e-07
7.91913e-07
2.22986e-07
7.61975e-07
1.5698e-07
7.32644e-07
7.09246e-07
4.71949e-08
-1.62827e-09
1.57609e-06
-3.19793e-09
1.54853e-06
-4.68229e-09
1.52164e-06
-6.05686e-09
1.49538e-06
-7.29888e-09
1.46972e-06
-8.38691e-09
1.44463e-06
-9.30046e-09
1.42008e-06
-1.00196e-08
1.39605e-06
-1.05247e-08
1.37249e-06
-1.07961e-08
1.34938e-06
-1.08135e-08
1.3267e-06
-1.05564e-08
1.30443e-06
-1.00029e-08
1.28252e-06
-9.13004e-09
1.26097e-06
-7.91335e-09
1.23975e-06
-6.3265e-09
1.21884e-06
-4.34118e-09
1.19822e-06
-1.9268e-09
1.17785e-06
9.49628e-10
1.15774e-06
4.3236e-09
1.13784e-06
8.23307e-09
1.11814e-06
1.27182e-08
1.09861e-06
1.78206e-08
1.07922e-06
2.35823e-08
1.05994e-06
3.00432e-08
1.04074e-06
3.72372e-08
1.02158e-06
4.51855e-08
1.0024e-06
5.38865e-08
9.83145e-07
6.32982e-08
9.63764e-07
7.33127e-08
9.44183e-07
8.37171e-08
9.24329e-07
9.41377e-08
9.04137e-07
1.03964e-07
8.83556e-07
1.12253e-07
8.62571e-07
1.17629e-07
8.4124e-07
1.18226e-07
8.19729e-07
1.1177e-07
7.98369e-07
9.60465e-08
7.77699e-07
7.02269e-08
7.58464e-07
7.41473e-07
3.79992e-08
-1.19568e-09
1.57729e-06
-2.34596e-09
1.54968e-06
-3.42904e-09
1.52272e-06
-4.4249e-09
1.49637e-06
-5.31483e-09
1.47061e-06
-6.08115e-09
1.4454e-06
-6.70685e-09
1.42071e-06
-7.17537e-09
1.39651e-06
-7.4703e-09
1.37278e-06
-7.57519e-09
1.34949e-06
-7.47332e-09
1.3266e-06
-7.14756e-09
1.3041e-06
-6.58022e-09
1.28196e-06
-5.75295e-09
1.26015e-06
-4.64674e-09
1.23865e-06
-3.24194e-09
1.21744e-06
-1.51844e-09
1.19649e-06
5.44092e-10
1.17579e-06
2.96567e-09
1.15531e-06
5.76535e-09
1.13504e-06
8.96011e-09
1.11494e-06
1.25634e-08
1.095e-06
1.65832e-08
1.0752e-06
2.10187e-08
1.05551e-06
2.58571e-08
1.0359e-06
3.10678e-08
1.01636e-06
3.65959e-08
9.96867e-07
4.23537e-08
9.77388e-07
4.82095e-08
9.57908e-07
5.39756e-08
9.38416e-07
5.93954e-08
9.1891e-07
6.41313e-08
8.99402e-07
6.77594e-08
8.79928e-07
6.97766e-08
8.60554e-07
6.96328e-08
8.41384e-07
6.68005e-08
8.22561e-07
6.08991e-08
8.0427e-07
5.18762e-08
7.86722e-07
4.02182e-08
7.70122e-07
7.54622e-07
2.70692e-08
-8.15241e-10
1.5781e-06
-1.59812e-09
1.55046e-06
-2.33251e-09
1.52345e-06
-3.00354e-09
1.49704e-06
-3.5973e-09
1.4712e-06
-4.10059e-09
1.4459e-06
-4.50073e-09
1.42111e-06
-4.78529e-09
1.3968e-06
-4.94203e-09
1.37294e-06
-4.95867e-09
1.34951e-06
-4.82282e-09
1.32647e-06
-4.52193e-09
1.3038e-06
-4.04323e-09
1.28148e-06
-3.37381e-09
1.25948e-06
-2.50072e-09
1.23778e-06
-1.41118e-09
1.21635e-06
-9.29329e-11
1.19517e-06
1.46526e-09
1.17423e-06
3.27292e-09
1.15351e-06
5.3369e-09
1.13297e-06
7.6602e-09
1.11262e-06
1.02403e-08
1.09242e-06
1.30674e-08
1.07237e-06
1.61217e-08
1.05245e-06
1.93709e-08
1.03265e-06
2.27667e-08
1.01297e-06
2.62417e-08
9.93392e-07
2.97054e-08
9.73924e-07
3.30421e-08
9.54572e-07
3.61085e-08
9.3535e-07
3.87348e-08
9.16283e-07
4.07294e-08
8.97407e-07
4.18884e-08
8.78769e-07
4.20135e-08
8.60429e-07
4.09371e-08
8.4246e-07
3.85556e-08
8.24943e-07
3.48665e-08
8.0796e-07
3.00009e-08
7.91588e-07
2.42364e-08
7.75886e-07
7.60886e-07
1.79723e-08
-4.73347e-10
1.57858e-06
-9.27305e-10
1.55092e-06
-1.35196e-09
1.52388e-06
-1.73814e-09
1.49743e-06
-2.0773e-09
1.47154e-06
-2.3613e-09
1.44618e-06
-2.58228e-09
1.42133e-06
-2.7326e-09
1.39695e-06
-2.80469e-09
1.37301e-06
-2.79102e-09
1.34949e-06
-2.68403e-09
1.32636e-06
-2.47612e-09
1.30359e-06
-2.15971e-09
1.28116e-06
-1.72726e-09
1.25905e-06
-1.17146e-09
1.23722e-06
-4.85389e-10
1.21566e-06
3.3711e-10
1.19435e-06
1.30106e-09
1.17327e-06
2.40979e-09
1.1524e-06
3.66419e-09
1.13172e-06
5.06187e-09
1.11122e-06
6.59612e-09
1.09089e-06
8.25467e-09
1.07071e-06
1.00184e-08
1.05069e-06
1.18598e-08
1.03081e-06
1.3742e-08
1.01109e-06
1.56172e-08
9.91517e-07
1.74267e-08
9.72114e-07
1.91005e-08
9.52898e-07
2.05593e-08
9.33891e-07
2.17173e-08
9.15125e-07
2.24873e-08
8.96637e-07
2.27878e-08
8.78468e-07
2.25521e-08
8.60665e-07
2.17385e-08
8.43274e-07
2.03406e-08
8.26341e-07
1.83944e-08
8.09906e-07
1.59819e-08
7.94e-07
1.32254e-08
7.78643e-07
7.63837e-07
1.02747e-08
-1.55122e-10
-3.03785e-10
-4.42641e-10
-5.68602e-10
-6.78773e-10
-7.70404e-10
-8.40846e-10
-8.87511e-10
-9.07849e-10
-8.99322e-10
-8.59394e-10
-7.85535e-10
-6.75234e-10
-5.26035e-10
-3.35594e-10
-1.01766e-10
1.77276e-10
5.0288e-10
8.75708e-10
1.29548e-09
1.76068e-09
2.26816e-09
2.81283e-09
3.38715e-09
3.98086e-09
4.58058e-09
5.16968e-09
5.72836e-09
6.23399e-09
6.66195e-09
6.98686e-09
7.18444e-09
7.23366e-09
7.11933e-09
6.83451e-09
6.38252e-09
5.77797e-09
5.04636e-09
4.22202e-09
3.34455e-09
2.19402e-08
2.6466e-08
7.83114e-08
6.59951e-08
1.44253e-07
1.03909e-07
2.36712e-07
1.40177e-07
3.90911e-07
1.79127e-07
7.11962e-07
2.26026e-07
1.97781e-06
3.349e-07
3.14591e-05
5.87865e-06
2.32794e-05
8.89515e-06
1.74935e-05
5.78588e-06
1.3625e-05
3.86852e-06
1.09556e-05
2.66933e-06
9.0523e-06
1.90333e-06
7.64994e-06
1.40236e-06
6.58362e-06
1.06632e-06
5.74872e-06
8.34899e-07
5.07744e-06
6.71277e-07
4.52484e-06
5.52603e-07
4.0604e-06
4.6444e-07
3.66291e-06
3.97487e-07
3.31729e-06
3.45627e-07
3.01253e-06
3.04752e-07
2.74049e-06
2.72045e-07
2.49495e-06
2.45535e-07
2.27114e-06
2.23818e-07
2.06526e-06
2.05873e-07
1.87432e-06
1.90947e-07
1.69584e-06
1.78478e-07
1.5278e-06
1.68041e-07
1.36849e-06
1.5931e-07
1.21645e-06
1.52036e-07
1.07042e-06
1.46029e-07
9.29282e-07
1.41141e-07
7.92018e-07
1.37264e-07
6.57698e-07
1.3432e-07
5.25444e-07
1.32255e-07
3.94403e-07
1.31041e-07
2.63732e-07
1.30672e-07
1.32566e-07
1.31166e-07
1.32566e-07
5.33259e-07
6.5676e-08
3.49275e-06
5.6157e-07
1.90591e-06
1.86722e-06
3.38464e-07
1.70762e-06
-1.19338e-06
1.71097e-06
-2.86733e-06
1.89998e-06
-4.85786e-06
2.32543e-06
-2.07848e-06
3.09927e-06
3.22174e-06
3.59493e-06
5.57141e-06
3.43621e-06
6.40333e-06
3.03659e-06
6.48425e-06
2.58841e-06
6.21517e-06
2.17241e-06
5.80175e-06
1.81579e-06
5.34638e-06
1.52169e-06
4.89758e-06
1.2837e-06
4.47625e-06
1.0926e-06
4.08952e-06
9.39333e-07
3.73791e-06
8.16049e-07
3.41905e-06
7.16353e-07
3.12948e-06
6.35199e-07
2.86556e-06
5.6867e-07
2.62385e-06
5.13747e-07
2.40128e-06
4.68107e-07
2.19514e-06
4.29962e-07
2.00308e-06
3.97931e-07
1.82309e-06
3.7094e-07
1.65341e-06
3.48153e-07
1.49254e-06
3.28915e-07
1.33914e-06
3.12713e-07
1.19203e-06
2.99143e-07
1.05017e-06
2.87891e-07
9.12595e-07
2.78714e-07
7.78431e-07
2.71429e-07
6.46847e-07
2.65903e-07
5.1705e-07
2.62052e-07
3.88262e-07
2.59829e-07
2.597e-07
2.59233e-07
1.30562e-07
2.60304e-07
2.63128e-07
2.18945e-07
2.62631e-08
2.92441e-07
6.77883e-07
3.06133e-07
1.85388e-06
1.39361e-07
1.87439e-06
-7.7822e-08
1.92815e-06
-2.05878e-07
2.02803e-06
-5.31554e-08
2.17271e-06
7.0872e-07
2.3374e-06
1.85763e-06
2.44602e-06
2.85066e-06
2.44318e-06
3.54195e-06
2.34531e-06
3.94375e-06
2.18661e-06
4.11778e-06
1.99838e-06
4.13026e-06
1.80331e-06
4.03635e-06
1.61559e-06
3.87714e-06
1.44291e-06
3.68121e-06
1.28853e-06
3.46752e-06
1.15302e-06
3.24816e-06
1.03542e-06
3.03044e-06
9.34067e-07
2.81859e-06
8.47046e-07
2.61481e-06
7.72453e-07
2.42002e-06
7.08536e-07
2.23438e-06
6.53746e-07
2.05759e-06
6.06753e-07
1.88909e-06
5.66431e-07
1.72819e-06
5.3184e-07
1.57414e-06
5.02201e-07
1.42619e-06
4.76872e-07
1.28357e-06
4.55329e-07
1.14557e-06
4.37147e-07
1.01147e-06
4.21986e-07
8.80605e-07
4.09579e-07
7.5231e-07
3.99724e-07
6.25938e-07
3.92275e-07
5.00847e-07
3.87143e-07
3.76389e-07
3.84287e-07
2.519e-07
3.83723e-07
1.26683e-07
3.8552e-07
3.89811e-07
7.65911e-08
1.2152e-08
1.13436e-07
6.68783e-07
2.05443e-07
1.76198e-06
2.8648e-07
1.79336e-06
3.82299e-07
1.83234e-06
5.30654e-07
1.87968e-06
7.71923e-07
1.93144e-06
1.13122e-06
1.9781e-06
1.57215e-06
2.00509e-06
2.01493e-06
2.0004e-06
2.39909e-06
1.96114e-06
2.69423e-06
1.89147e-06
2.89349e-06
1.79912e-06
3.00425e-06
1.69255e-06
3.04054e-06
1.5793e-06
3.01809e-06
1.46536e-06
2.95165e-06
1.35498e-06
2.85376e-06
1.25091e-06
2.73446e-06
1.15472e-06
2.60144e-06
1.06709e-06
2.46038e-06
9.881e-07
2.31537e-06
9.17471e-07
2.16921e-06
8.5469e-07
2.02382e-06
7.99143e-07
1.88038e-06
7.50185e-07
1.73963e-06
7.07186e-07
1.60191e-06
6.6956e-07
1.46733e-06
6.36777e-07
1.33584e-06
6.08369e-07
1.20723e-06
5.83932e-07
1.08125e-06
5.63127e-07
9.5757e-07
5.4567e-07
8.35811e-07
5.31339e-07
7.15573e-07
5.19962e-07
5.96425e-07
5.11423e-07
4.77911e-07
5.05657e-07
3.59547e-07
5.02652e-07
2.40816e-07
5.02453e-07
1.21167e-07
5.05169e-07
5.10978e-07
4.57327e-08
9.12239e-09
6.83189e-08
6.33379e-07
2.00223e-07
1.63013e-06
3.36288e-07
1.65729e-06
4.84347e-07
1.68428e-06
6.53461e-07
1.71056e-06
8.50839e-07
1.73406e-06
1.07746e-06
1.75148e-06
1.32376e-06
1.75878e-06
1.57173e-06
1.75243e-06
1.80231e-06
1.73056e-06
2.00051e-06
1.69327e-06
2.15734e-06
1.64229e-06
2.26949e-06
1.5804e-06
2.338e-06
1.51078e-06
2.3668e-06
1.43656e-06
2.36125e-06
1.36052e-06
2.32722e-06
1.28495e-06
2.27036e-06
1.21157e-06
2.19579e-06
1.14165e-06
2.1079e-06
1.076e-06
2.01028e-06
1.01509e-06
1.90585e-06
9.59125e-07
1.79685e-06
9.0814e-07
1.68501e-06
8.62025e-07
1.5716e-06
8.20598e-07
1.45753e-06
7.83628e-07
1.34344e-06
7.50872e-07
1.22972e-06
7.22086e-07
1.11661e-06
6.97041e-07
1.0042e-06
6.75532e-07
8.9249e-07
6.57385e-07
7.81368e-07
6.4246e-07
6.70676e-07
6.30654e-07
5.60193e-07
6.21906e-07
4.49651e-07
6.16199e-07
3.38736e-07
6.13567e-07
2.27093e-07
6.14095e-07
1.14328e-07
6.17935e-07
6.25306e-07
3.50967e-08
7.90107e-09
4.99582e-08
5.95445e-07
1.8149e-07
1.49864e-06
3.16342e-07
1.52244e-06
4.56747e-07
1.54387e-06
6.04689e-07
1.56262e-06
7.61071e-07
1.57768e-06
9.24798e-07
1.58775e-06
1.09219e-06
1.59139e-06
1.25735e-06
1.58728e-06
1.41335e-06
1.57456e-06
1.55364e-06
1.55297e-06
1.67305e-06
1.52289e-06
1.76823e-06
1.48523e-06
1.8377e-06
1.44131e-06
1.88164e-06
1.39263e-06
1.90143e-06
1.34074e-06
1.89926e-06
1.28712e-06
1.87777e-06
1.23306e-06
1.83974e-06
1.17968e-06
1.78789e-06
1.12785e-06
1.72472e-06
1.07825e-06
1.65248e-06
1.03137e-06
1.57307e-06
9.87542e-07
1.48813e-06
9.4697e-07
1.39897e-06
9.0976e-07
1.30665e-06
8.75949e-07
1.212e-06
8.45521e-07
1.11565e-06
8.18431e-07
1.01807e-06
7.94618e-07
9.19589e-07
7.74018e-07
8.20401e-07
7.56574e-07
7.20617e-07
7.42243e-07
6.20265e-07
7.31006e-07
5.19301e-07
7.2287e-07
4.17622e-07
7.17879e-07
3.15073e-07
7.16115e-07
2.11455e-07
7.17714e-07
1.06524e-07
7.22865e-07
7.31831e-07
3.00116e-08
7.15963e-09
3.99418e-08
5.61354e-07
1.55664e-07
1.38295e-06
2.7351e-07
1.40459e-06
3.9378e-07
1.4236e-06
5.1657e-07
1.43983e-06
6.415e-07
1.45275e-06
7.67496e-07
1.46176e-06
8.92676e-07
1.46621e-06
1.01443e-06
1.46553e-06
1.1297e-06
1.4593e-06
1.23535e-06
1.44731e-06
1.32859e-06
1.42965e-06
1.40719e-06
1.40663e-06
1.46968e-06
1.37882e-06
1.51535e-06
1.34696e-06
1.54422e-06
1.31187e-06
1.55688e-06
1.27446e-06
1.55437e-06
1.23557e-06
1.53802e-06
1.19603e-06
1.50931e-06
1.15656e-06
1.46976e-06
1.11779e-06
1.42088e-06
1.08025e-06
1.36407e-06
1.04436e-06
1.30058e-06
1.01046e-06
1.23154e-06
9.78796e-07
1.15793e-06
9.49562e-07
1.08055e-06
9.22894e-07
1.0001e-06
8.98888e-07
9.17103e-07
8.77612e-07
8.32001e-07
8.5912e-07
7.45117e-07
8.43457e-07
6.56688e-07
8.30672e-07
5.6687e-07
8.20824e-07
4.75751e-07
8.13989e-07
3.8336e-07
8.1027e-07
2.89674e-07
8.09801e-07
1.94626e-07
8.12761e-07
9.81135e-08
8.19378e-07
8.29944e-07
2.71515e-08
6.6371e-09
3.23614e-08
5.32401e-07
1.29668e-07
1.28566e-06
2.28395e-07
1.30587e-06
3.2826e-07
1.32374e-06
4.28872e-07
1.33922e-06
5.29633e-07
1.35199e-06
6.29673e-07
1.36172e-06
7.27825e-07
1.36806e-06
8.22648e-07
1.37071e-06
9.12509e-07
1.36944e-06
9.95708e-07
1.36411e-06
1.07062e-06
1.35473e-06
1.13583e-06
1.34142e-06
1.19023e-06
1.32443e-06
1.23305e-06
1.30413e-06
1.26392e-06
1.281e-06
1.28283e-06
1.25555e-06
1.29007e-06
1.22833e-06
1.28618e-06
1.19992e-06
1.27188e-06
1.17086e-06
1.24803e-06
1.14164e-06
1.21554e-06
1.11275e-06
1.17532e-06
1.08458e-06
1.12828e-06
1.0575e-06
1.07528e-06
1.0318e-06
1.01708e-06
1.00776e-06
9.5439e-07
9.85582e-07
8.87829e-07
9.65449e-07
8.17925e-07
9.47516e-07
7.45126e-07
9.31919e-07
6.69801e-07
9.18783e-07
5.92247e-07
9.08226e-07
5.12697e-07
9.00374e-07
4.31324e-07
8.95362e-07
3.4825e-07
8.93343e-07
2.63555e-07
8.94497e-07
1.77277e-07
8.99039e-07
8.94293e-08
9.07226e-07
9.19373e-07
2.53847e-08
6.24716e-09
2.56781e-08
5.08516e-07
1.06295e-07
1.20506e-06
1.87898e-07
1.22426e-06
2.70094e-07
1.24154e-06
3.5243e-07
1.25688e-06
4.34349e-07
1.27007e-06
5.15169e-07
1.2809e-06
5.94084e-07
1.28914e-06
6.70169e-07
1.29462e-06
7.42416e-07
1.29719e-06
8.09776e-07
1.29675e-06
8.71223e-07
1.29328e-06
9.25812e-07
1.28683e-06
9.7273e-07
1.27751e-06
1.01134e-06
1.26552e-06
1.04121e-06
1.25113e-06
1.06211e-06
1.23465e-06
1.07401e-06
1.21644e-06
1.07705e-06
1.19687e-06
1.07156e-06
1.17635e-06
1.05794e-06
1.15526e-06
1.03672e-06
1.13397e-06
1.00845e-06
1.11284e-06
9.73735e-07
1.09221e-06
9.33169e-07
1.07237e-06
8.87333e-07
1.0536e-06
8.36778e-07
1.03614e-06
7.82014e-07
1.02021e-06
7.23505e-07
1.00602e-06
6.61664e-07
9.9376e-07
5.96853e-07
9.83594e-07
5.29383e-07
9.75696e-07
4.59519e-07
9.70238e-07
3.87481e-07
9.674e-07
3.13452e-07
9.67373e-07
2.37578e-07
9.70371e-07
1.5998e-07
9.76637e-07
8.07577e-08
9.86448e-07
1.00013e-06
2.42175e-08
5.94809e-09
2.00803e-08
4.89361e-07
8.65421e-08
1.13861e-06
1.53749e-07
1.15706e-06
2.21329e-07
1.17396e-06
2.88871e-07
1.18934e-06
3.55909e-07
1.20304e-06
4.21912e-07
1.21489e-06
4.86286e-07
1.22477e-06
5.48384e-07
1.23252e-06
6.07513e-07
1.23806e-06
6.62964e-07
1.2413e-06
7.14031e-07
1.24222e-06
7.60047e-07
1.24081e-06
8.00408e-07
1.23715e-06
8.34602e-07
1.23133e-06
8.62226e-07
1.22351e-06
8.82997e-07
1.21388e-06
8.96761e-07
1.20267e-06
9.03482e-07
1.19015e-06
9.03239e-07
1.17659e-06
8.96209e-07
1.16229e-06
8.82651e-07
1.14753e-06
8.62886e-07
1.13261e-06
8.37282e-07
1.11781e-06
8.06234e-07
1.10342e-06
7.7015e-07
1.08968e-06
7.29438e-07
1.07685e-06
6.84496e-07
1.06516e-06
6.357e-07
1.05482e-06
5.83407e-07
1.04605e-06
5.27943e-07
1.03906e-06
4.69603e-07
1.03404e-06
4.08655e-07
1.03119e-06
3.45337e-07
1.03072e-06
2.79863e-07
1.03285e-06
2.12422e-07
1.03781e-06
1.43189e-07
1.04587e-06
7.2328e-08
1.05731e-06
1.07246e-06
2.34213e-08
5.71522e-09
1.54756e-08
4.74308e-07
7.0279e-08
1.08381e-06
1.25683e-07
1.10165e-06
1.81363e-07
1.11828e-06
2.36978e-07
1.13373e-06
2.92149e-07
1.14787e-06
3.46461e-07
1.16058e-06
3.99464e-07
1.17176e-06
4.50675e-07
1.18131e-06
4.99591e-07
1.18914e-06
5.45697e-07
1.1952e-06
5.88478e-07
1.19944e-06
6.27438e-07
1.20185e-06
6.62115e-07
1.20247e-06
6.92097e-07
1.20135e-06
7.17033e-07
1.19857e-06
7.36648e-07
1.19426e-06
7.50742e-07
1.18858e-06
7.59199e-07
1.1817e-06
7.61981e-07
1.17381e-06
7.59128e-07
1.16514e-06
7.50744e-07
1.15591e-06
7.36992e-07
1.14636e-06
7.18082e-07
1.13672e-06
6.94261e-07
1.12724e-06
6.65801e-07
1.11814e-06
6.32989e-07
1.10966e-06
5.96123e-07
1.10202e-06
5.55496e-07
1.09545e-06
5.11397e-07
1.09015e-06
4.64107e-07
1.08635e-06
4.13891e-07
1.08425e-06
3.61e-07
1.08408e-06
3.05671e-07
1.08605e-06
2.48128e-07
1.09039e-06
1.88583e-07
1.09736e-06
1.27242e-07
1.10721e-06
6.4311e-08
1.12024e-06
1.13677e-06
2.28885e-08
5.53289e-09
1.16716e-08
4.62707e-07
5.70183e-08
1.03847e-06
1.02847e-07
1.05582e-06
1.48895e-07
1.07223e-06
1.94887e-07
1.08773e-06
2.40521e-07
1.10223e-06
2.85474e-07
1.11563e-06
3.29396e-07
1.12784e-06
3.7192e-07
1.13879e-06
4.12665e-07
1.1484e-06
4.51238e-07
1.15662e-06
4.8725e-07
1.16342e-06
5.20318e-07
1.16878e-06
5.50079e-07
1.17271e-06
5.76198e-07
1.17523e-06
5.98377e-07
1.17639e-06
6.16363e-07
1.17628e-06
6.29953e-07
1.17499e-06
6.38999e-07
1.17265e-06
6.43409e-07
1.1694e-06
6.43146e-07
1.1654e-06
6.38226e-07
1.16083e-06
6.2871e-07
1.15588e-06
6.14706e-07
1.15073e-06
5.96356e-07
1.14559e-06
5.73831e-07
1.14067e-06
5.47327e-07
1.13616e-06
5.17055e-07
1.13229e-06
4.83237e-07
1.12926e-06
4.46102e-07
1.12729e-06
4.0588e-07
1.12657e-06
3.628e-07
1.12733e-06
3.17089e-07
1.12979e-06
2.6897e-07
1.13417e-06
2.18663e-07
1.1407e-06
1.66388e-07
1.14963e-06
1.12365e-07
1.16123e-06
5.68226e-08
1.17578e-06
1.19359e-06
2.25615e-08
5.3895e-09
8.69224e-09
4.54039e-07
4.63594e-08
1.00081e-06
8.44126e-08
1.01777e-06
1.22642e-07
1.034e-06
1.6083e-07
1.04955e-06
1.9874e-07
1.06432e-06
2.36116e-07
1.07825e-06
2.72686e-07
1.09127e-06
3.08165e-07
1.10331e-06
3.42255e-07
1.11431e-06
3.74654e-07
1.12423e-06
4.05054e-07
1.13302e-06
4.33155e-07
1.14068e-06
4.58665e-07
1.1472e-06
4.81309e-07
1.15258e-06
5.00836e-07
1.15686e-06
5.17021e-07
1.16009e-06
5.29672e-07
1.16234e-06
5.38637e-07
1.16369e-06
5.43798e-07
1.16424e-06
5.45082e-07
1.16412e-06
5.42453e-07
1.16346e-06
5.35913e-07
1.16242e-06
5.25503e-07
1.16114e-06
5.11294e-07
1.1598e-06
4.93387e-07
1.15857e-06
4.71908e-07
1.15764e-06
4.47002e-07
1.1572e-06
4.18833e-07
1.15743e-06
3.87577e-07
1.15854e-06
3.53418e-07
1.16073e-06
3.16549e-07
1.1642e-06
2.7717e-07
1.16917e-06
2.35482e-07
1.17585e-06
1.91695e-07
1.18448e-06
1.46024e-07
1.1953e-06
9.86905e-08
1.20857e-06
4.99316e-08
1.22454e-06
1.24352e-06
2.24153e-08
5.27722e-09
6.59975e-09
4.47887e-07
3.79806e-08
9.69431e-07
6.96735e-08
9.86078e-07
1.01512e-07
1.00216e-06
1.33323e-07
1.01773e-06
1.64921e-07
1.03272e-06
1.96103e-07
1.04707e-06
2.26656e-07
1.06072e-06
2.56353e-07
1.07361e-06
2.8496e-07
1.0857e-06
3.12237e-07
1.09695e-06
3.37939e-07
1.10732e-06
3.61826e-07
1.1168e-06
3.83661e-07
1.12536e-06
4.03215e-07
1.13303e-06
4.20276e-07
1.1398e-06
4.34649e-07
1.14572e-06
4.4616e-07
1.15083e-06
4.5466e-07
1.15519e-06
4.60028e-07
1.15887e-06
4.62174e-07
1.16198e-06
4.61034e-07
1.1646e-06
4.56577e-07
1.16687e-06
4.48802e-07
1.16891e-06
4.37733e-07
1.17087e-06
4.23424e-07
1.17288e-06
4.05949e-07
1.17512e-06
3.85407e-07
1.17774e-06
3.61913e-07
1.18093e-06
3.356e-07
1.18486e-06
3.06615e-07
1.18972e-06
2.75117e-07
1.1957e-06
2.41276e-07
1.20301e-06
2.05274e-07
1.21185e-06
1.67301e-07
1.22246e-06
1.27562e-07
1.23504e-06
8.62737e-08
1.24985e-06
4.36683e-08
1.26715e-06
1.28719e-06
2.24395e-08
5.18988e-09
5.3988e-09
4.43915e-07
3.15801e-08
9.43252e-07
5.80227e-08
9.59636e-07
8.45918e-08
9.75596e-07
1.1115e-07
9.91176e-07
1.37547e-07
1.00633e-06
1.63622e-07
1.021e-06
1.89204e-07
1.03514e-06
2.14112e-07
1.0487e-06
2.3816e-07
1.06165e-06
2.61153e-07
1.07396e-06
2.82897e-07
1.08558e-06
3.03193e-07
1.0965e-06
3.21849e-07
1.10671e-06
3.38674e-07
1.1162e-06
3.53489e-07
1.12499e-06
3.66125e-07
1.13308e-06
3.76427e-07
1.14052e-06
3.84259e-07
1.14735e-06
3.89503e-07
1.15363e-06
3.92063e-07
1.15942e-06
3.91864e-07
1.1648e-06
3.88857e-07
1.16988e-06
3.83015e-07
1.17476e-06
3.74335e-07
1.17955e-06
3.62835e-07
1.18438e-06
3.48559e-07
1.18939e-06
3.31567e-07
1.19473e-06
3.11939e-07
1.20055e-06
2.89776e-07
1.20702e-06
2.65191e-07
1.2143e-06
2.38314e-07
1.22258e-06
2.0929e-07
1.23203e-06
1.78277e-07
1.24287e-06
1.45449e-07
1.25528e-06
1.10993e-07
1.2695e-06
7.51133e-08
1.28573e-06
3.80338e-08
1.30423e-06
1.32523e-06
2.26352e-08
5.12359e-09
4.97175e-09
4.41835e-07
2.68275e-08
9.21398e-07
4.89101e-08
9.37553e-07
7.1108e-08
9.53398e-07
9.33088e-08
9.68975e-07
1.15391e-07
9.84244e-07
1.37224e-07
9.99162e-07
1.58671e-07
1.01369e-06
1.79585e-07
1.02779e-06
1.99814e-07
1.04142e-06
2.19204e-07
1.05457e-06
2.37592e-07
1.06719e-06
2.5482e-07
1.07927e-06
2.70725e-07
1.0908e-06
2.85152e-07
1.10178e-06
2.97946e-07
1.11219e-06
3.08964e-07
1.12207e-06
3.18069e-07
1.13142e-06
3.25139e-07
1.14028e-06
3.30064e-07
1.1487e-06
3.32749e-07
1.15673e-06
3.33117e-07
1.16443e-06
3.31111e-07
1.17189e-06
3.26689e-07
1.17918e-06
3.19831e-07
1.1864e-06
3.10536e-07
1.19368e-06
2.98821e-07
1.20111e-06
2.84722e-07
1.20883e-06
2.68295e-07
1.21698e-06
2.49612e-07
1.2257e-06
2.28761e-07
1.23515e-06
2.05848e-07
1.24549e-06
1.80994e-07
1.25689e-06
1.54337e-07
1.26952e-06
1.2603e-07
1.28359e-06
9.62433e-08
1.29928e-06
6.51664e-08
1.31681e-06
3.30081e-08
1.33639e-06
1.35823e-06
2.30025e-08
5.07431e-09
5.12808e-09
4.41402e-07
2.33893e-08
9.03138e-07
4.1847e-08
9.19095e-07
6.04085e-08
9.34836e-07
7.89814e-08
9.50403e-07
9.74665e-08
9.65759e-07
1.15758e-07
9.80871e-07
1.33744e-07
9.95704e-07
1.51305e-07
1.01023e-06
1.6832e-07
1.02441e-06
1.8466e-07
1.03823e-06
2.00194e-07
1.05166e-06
2.1479e-07
1.06468e-06
2.28316e-07
1.07728e-06
2.40639e-07
1.08945e-06
2.51631e-07
1.1012e-06
2.61168e-07
1.11253e-06
2.69131e-07
1.12346e-06
2.75412e-07
1.134e-06
2.79911e-07
1.1442e-06
2.82539e-07
1.1541e-06
2.83222e-07
1.16375e-06
2.81897e-07
1.17321e-06
2.7852e-07
1.18256e-06
2.73058e-07
1.19187e-06
2.65499e-07
1.20124e-06
2.55843e-07
1.21077e-06
2.4411e-07
1.22057e-06
2.30335e-07
1.23076e-06
2.14571e-07
1.24147e-06
1.96887e-07
1.25284e-06
1.77366e-07
1.26501e-06
1.56111e-07
1.27814e-06
1.33239e-07
1.2924e-06
1.08885e-07
1.30795e-06
8.32025e-08
1.32497e-06
5.63624e-08
1.34365e-06
2.85568e-08
1.36419e-06
1.38679e-06
2.35435e-08
5.03869e-09
5.71337e-09
4.42414e-07
2.09981e-08
8.87855e-07
3.64435e-08
9.0365e-07
5.1974e-08
9.19306e-07
6.75154e-08
9.34861e-07
8.29879e-08
9.50286e-07
9.8306e-08
9.65552e-07
1.13379e-07
9.80631e-07
1.28112e-07
9.95494e-07
1.42403e-07
1.01012e-06
1.5615e-07
1.02448e-06
1.69245e-07
1.03856e-06
1.8158e-07
1.05234e-06
1.93043e-07
1.06581e-06
2.03525e-07
1.07897e-06
2.12917e-07
1.09181e-06
2.21113e-07
1.10433e-06
2.28012e-07
1.11656e-06
2.33518e-07
1.1285e-06
2.37542e-07
1.14018e-06
2.40002e-07
1.15164e-06
2.40829e-07
1.16292e-06
2.39962e-07
1.17408e-06
2.37353e-07
1.18516e-06
2.32967e-07
1.19625e-06
2.26781e-07
1.20742e-06
2.18788e-07
1.21876e-06
2.08996e-07
1.23036e-06
1.97424e-07
1.24233e-06
1.84112e-07
1.25478e-06
1.69111e-07
1.26784e-06
1.5249e-07
1.28163e-06
1.34333e-07
1.2963e-06
1.1474e-07
1.31199e-06
9.38292e-08
1.32886e-06
7.17361e-08
1.34706e-06
4.86141e-08
1.36677e-06
2.46371e-08
1.38817e-06
1.41143e-06
2.42581e-08
5.01497e-09
6.71298e-09
4.44743e-07
1.95167e-08
8.75053e-07
3.24402e-08
8.90726e-07
4.5425e-08
9.06321e-07
5.84134e-08
9.21873e-07
7.13428e-08
9.37357e-07
8.41454e-08
9.5275e-07
9.67489e-08
9.68027e-07
1.09076e-07
9.83167e-07
1.21047e-07
9.98148e-07
1.32576e-07
1.01295e-06
1.43576e-07
1.02756e-06
1.53958e-07
1.04196e-06
1.6363e-07
1.05614e-06
1.725e-07
1.0701e-06
1.80476e-07
1.08383e-06
1.8747e-07
1.09734e-06
1.93392e-07
1.11063e-06
1.98161e-07
1.12373e-06
2.01696e-07
1.13665e-06
2.03927e-07
1.14941e-06
2.04786e-07
1.16206e-06
2.04219e-07
1.17465e-06
2.02176e-07
1.18721e-06
1.98622e-07
1.19981e-06
1.93531e-07
1.21251e-06
1.86888e-07
1.2254e-06
1.78693e-07
1.23855e-06
1.68957e-07
1.25206e-06
1.57707e-07
1.26603e-06
1.44982e-07
1.28056e-06
1.30838e-07
1.29578e-06
1.15344e-07
1.31179e-06
9.85852e-08
1.32875e-06
8.0664e-08
1.34678e-06
6.16988e-08
1.36603e-06
4.18262e-08
1.38665e-06
2.12015e-08
1.40879e-06
1.43263e-06
2.51355e-08
5.00151e-09
8.22659e-09
4.4833e-07
1.89118e-08
8.6437e-07
2.96812e-08
8.79957e-07
4.04909e-08
8.95511e-07
5.1297e-08
9.11067e-07
6.2051e-08
9.26603e-07
7.27e-08
9.42101e-07
8.31868e-08
9.5754e-07
9.34502e-08
9.72904e-07
1.03425e-07
9.88173e-07
1.13043e-07
1.00333e-06
1.22233e-07
1.01837e-06
1.30922e-07
1.03327e-06
1.39033e-07
1.04803e-06
1.4649e-07
1.06264e-06
1.53216e-07
1.07711e-06
1.59135e-07
1.09142e-06
1.64172e-07
1.1056e-06
1.68254e-07
1.11965e-06
1.71312e-07
1.13359e-06
1.73282e-07
1.14744e-06
1.74105e-07
1.16124e-06
1.73727e-07
1.17502e-06
1.72105e-07
1.18883e-06
1.69201e-07
1.20271e-06
1.64987e-07
1.21673e-06
1.59447e-07
1.23094e-06
1.52573e-07
1.24543e-06
1.44372e-07
1.26026e-06
1.34861e-07
1.27554e-06
1.24069e-07
1.29135e-06
1.12041e-07
1.3078e-06
9.88348e-08
1.325e-06
8.45219e-08
1.34306e-06
6.91903e-08
1.36211e-06
5.29433e-08
1.38227e-06
3.59012e-08
1.40369e-06
1.82014e-08
1.42649e-06
1.45083e-06
2.61594e-08
4.99738e-09
1.03369e-08
4.53154e-07
1.91567e-08
8.55552e-07
2.80383e-08
8.71075e-07
3.6948e-08
8.86602e-07
4.58522e-08
9.02162e-07
5.47137e-08
9.17742e-07
6.34912e-08
9.33323e-07
7.21399e-08
9.48892e-07
8.06111e-08
9.64432e-07
8.88529e-08
9.79931e-07
9.68102e-08
9.95376e-07
1.04425e-07
1.01076e-06
1.11637e-07
1.02606e-06
1.18383e-07
1.04129e-06
1.246e-07
1.05643e-06
1.30223e-07
1.07148e-06
1.35187e-07
1.08646e-06
1.39427e-07
1.10136e-06
1.42881e-07
1.11619e-06
1.45489e-07
1.13098e-06
1.47192e-07
1.14574e-06
1.47937e-07
1.1605e-06
1.47677e-07
1.17528e-06
1.46369e-07
1.19014e-06
1.43978e-07
1.2051e-06
1.40475e-07
1.22023e-06
1.35843e-07
1.23557e-06
1.3007e-07
1.2512e-06
1.23158e-07
1.26718e-06
1.15117e-07
1.28358e-06
1.0597e-07
1.3005e-06
9.57524e-08
1.31802e-06
8.45111e-08
1.33624e-06
7.23072e-08
1.35526e-06
5.92156e-08
1.3752e-06
4.53261e-08
1.39616e-06
3.07436e-08
1.41827e-06
1.5589e-08
1.44165e-06
1.46642e-06
2.73082e-08
5.00125e-09
1.30224e-08
4.59197e-07
2.01623e-08
8.48415e-07
2.73531e-08
8.63885e-07
3.45689e-08
8.79386e-07
4.17841e-08
8.94947e-07
4.89703e-08
9.10555e-07
5.60957e-08
9.26198e-07
6.31253e-08
9.41862e-07
7.0021e-08
9.57537e-07
7.67415e-08
9.73211e-07
8.32426e-08
9.88875e-07
8.94771e-08
1.00452e-06
9.53954e-08
1.02014e-06
1.00945e-07
1.03574e-06
1.06074e-07
1.0513e-06
1.10726e-07
1.06683e-06
1.14845e-07
1.08234e-06
1.18377e-07
1.09783e-06
1.21266e-07
1.1133e-06
1.23459e-07
1.12879e-06
1.24906e-07
1.14429e-06
1.25557e-07
1.15984e-06
1.25369e-07
1.17547e-06
1.24302e-07
1.1912e-06
1.22323e-07
1.20708e-06
1.19405e-07
1.22315e-06
1.15527e-07
1.23945e-06
1.10678e-07
1.25605e-06
1.04854e-07
1.273e-06
9.80623e-08
1.29037e-06
9.03191e-08
1.30824e-06
8.16521e-08
1.32669e-06
7.21001e-08
1.34579e-06
6.17146e-08
1.36565e-06
5.05594e-08
1.38636e-06
3.87118e-08
1.40801e-06
2.62631e-08
1.43072e-06
1.3319e-08
1.45459e-06
1.47974e-06
2.85623e-08
5.0116e-09
1.61734e-08
4.66448e-07
2.17764e-08
8.42814e-07
2.74266e-08
8.58234e-07
3.31051e-08
8.73707e-07
3.87938e-08
8.89258e-07
4.44718e-08
9.04877e-07
5.01158e-08
9.20554e-07
5.56995e-08
9.36278e-07
6.11936e-08
9.52043e-07
6.65656e-08
9.67839e-07
7.17801e-08
9.8366e-07
7.67988e-08
9.99502e-07
8.15806e-08
1.01536e-06
8.60819e-08
1.03123e-06
9.02571e-08
1.04712e-06
9.40592e-08
1.06303e-06
9.74398e-08
1.07896e-06
1.0035e-07
1.09491e-06
1.02742e-07
1.11091e-06
1.04568e-07
1.12696e-06
1.05781e-07
1.14308e-06
1.06338e-07
1.15929e-06
1.06198e-07
1.17561e-06
1.05326e-07
1.19208e-06
1.03688e-07
1.20872e-06
1.01258e-07
1.22558e-06
9.80167e-08
1.24269e-06
9.395e-08
1.26012e-06
8.90527e-08
1.2779e-06
8.33276e-08
1.2961e-06
7.67866e-08
1.31478e-06
6.94514e-08
1.33402e-06
6.13539e-08
1.35389e-06
5.25372e-08
1.37447e-06
4.30557e-08
1.39584e-06
3.29757e-08
1.41809e-06
2.23763e-08
1.44132e-06
1.13493e-08
1.46562e-06
1.49109e-06
2.99094e-08
5.02697e-09
1.96418e-08
4.74923e-07
2.38139e-08
8.38645e-07
2.80326e-08
8.54016e-07
3.22877e-08
8.69452e-07
3.65692e-08
8.84977e-07
4.08647e-08
9.00582e-07
4.51589e-08
9.1626e-07
4.94336e-08
9.32004e-07
5.36671e-08
9.47809e-07
5.78345e-08
9.63671e-07
6.19074e-08
9.79587e-07
6.5854e-08
9.95555e-07
6.96397e-08
1.01157e-06
7.3227e-08
1.02765e-06
7.65759e-08
1.04377e-06
7.96448e-08
1.05996e-06
8.23905e-08
1.07621e-06
8.47692e-08
1.09254e-06
8.67367e-08
1.10894e-06
8.82498e-08
1.12545e-06
8.9266e-08
1.14206e-06
8.9745e-08
1.15881e-06
8.9649e-08
1.17571e-06
8.89437e-08
1.19278e-06
8.75986e-08
1.21006e-06
8.55883e-08
1.22759e-06
8.28925e-08
1.24539e-06
7.94973e-08
1.26351e-06
7.53955e-08
1.282e-06
7.05872e-08
1.30091e-06
6.50807e-08
1.32029e-06
5.88932e-08
1.34021e-06
5.20506e-08
1.36073e-06
4.4589e-08
1.38193e-06
3.65547e-08
1.40387e-06
2.80047e-08
1.42664e-06
1.90071e-08
1.45032e-06
9.64173e-09
1.47498e-06
1.50073e-06
3.13482e-08
5.04425e-09
2.32897e-08
4.84694e-07
2.60815e-08
8.35856e-07
2.89253e-08
8.51172e-07
3.1822e-08
8.66555e-07
3.47717e-08
8.82027e-07
3.77711e-08
8.97582e-07
4.08135e-08
9.13217e-07
4.38877e-08
9.2893e-07
4.69787e-08
9.44718e-07
5.00671e-08
9.60583e-07
5.31293e-08
9.76525e-07
5.61378e-08
9.92547e-07
5.90617e-08
1.00865e-06
6.18665e-08
1.02484e-06
6.45156e-08
1.04113e-06
6.69699e-08
1.05751e-06
6.91889e-08
1.07399e-06
7.11316e-08
1.09059e-06
7.27564e-08
1.10732e-06
7.40224e-08
1.12418e-06
7.48897e-08
1.1412e-06
7.53204e-08
1.15838e-06
7.52786e-08
1.17575e-06
7.47318e-08
1.19333e-06
7.36511e-08
1.21115e-06
7.20117e-08
1.22923e-06
6.97939e-08
1.24761e-06
6.69834e-08
1.26632e-06
6.35719e-08
1.28541e-06
5.95578e-08
1.30492e-06
5.49467e-08
1.3249e-06
4.97518e-08
1.34541e-06
4.39947e-08
1.36649e-06
3.77056e-08
1.38822e-06
3.09238e-08
1.41065e-06
2.36984e-08
1.43387e-06
1.60882e-08
1.45793e-06
8.16224e-09
1.48291e-06
1.50889e-06
3.29074e-08
5.06025e-09
2.69688e-08
4.95932e-07
2.83485e-08
8.34479e-07
2.98037e-08
8.49717e-07
3.13489e-08
8.6501e-07
3.29954e-08
8.80381e-07
3.47494e-08
8.95828e-07
3.66114e-08
9.11355e-07
3.85762e-08
9.26965e-07
4.06327e-08
9.42662e-07
4.27639e-08
9.58452e-07
4.49476e-08
9.74341e-07
4.71569e-08
9.90337e-07
4.93605e-08
1.00645e-06
5.1524e-08
1.02268e-06
5.36099e-08
1.03904e-06
5.5579e-08
1.05554e-06
5.7391e-08
1.07218e-06
5.90049e-08
1.08898e-06
6.03799e-08
1.10594e-06
6.14762e-08
1.12309e-06
6.2255e-08
1.14042e-06
6.26798e-08
1.15795e-06
6.27166e-08
1.17571e-06
6.2334e-08
1.19371e-06
6.15047e-08
1.21197e-06
6.02049e-08
1.23053e-06
5.84155e-08
1.2494e-06
5.61224e-08
1.26861e-06
5.3317e-08
1.28822e-06
4.99965e-08
1.30824e-06
4.61647e-08
1.32873e-06
4.18321e-08
1.34974e-06
3.70165e-08
1.37131e-06
3.17435e-08
1.39349e-06
2.60469e-08
1.41635e-06
1.99688e-08
1.43994e-06
1.35601e-08
1.46433e-06
6.88085e-09
1.48959e-06
1.51577e-06
3.46523e-08
5.08242e-09
3.04061e-08
5.08963e-07
3.02416e-08
8.34647e-07
3.02158e-08
8.49742e-07
3.03575e-08
8.64868e-07
3.06891e-08
8.80049e-07
3.12249e-08
8.95293e-07
3.19698e-08
9.1061e-07
3.292e-08
9.26014e-07
3.40632e-08
9.41518e-07
3.53791e-08
9.57136e-07
3.68408e-08
9.72879e-07
3.84158e-08
9.88762e-07
4.00675e-08
1.0048e-06
4.17558e-08
1.02099e-06
4.34388e-08
1.03736e-06
4.50735e-08
1.0539e-06
4.66166e-08
1.07064e-06
4.80254e-08
1.08757e-06
4.9258e-08
1.10471e-06
5.02746e-08
1.12207e-06
5.10371e-08
1.13965e-06
5.15099e-08
1.15748e-06
5.16604e-08
1.17556e-06
5.14591e-08
1.19391e-06
5.088e-08
1.21255e-06
4.9901e-08
1.23151e-06
4.85042e-08
1.25079e-06
4.66762e-08
1.27044e-06
4.44087e-08
1.29048e-06
4.16987e-08
1.31095e-06
3.85488e-08
1.33188e-06
3.49678e-08
1.35332e-06
3.09707e-08
1.3753e-06
2.65797e-08
1.39788e-06
2.18238e-08
1.42111e-06
1.67397e-08
1.44503e-06
1.13715e-08
1.4697e-06
5.77159e-09
1.49519e-06
1.52154e-06
3.66034e-08
5.1369e-09
3.30116e-08
5.24371e-07
3.10724e-08
8.36588e-07
2.94018e-08
8.51413e-07
2.80453e-08
8.66225e-07
2.70357e-08
8.81059e-07
2.63906e-08
8.95938e-07
2.61123e-08
9.10889e-07
2.61889e-08
9.25938e-07
2.65958e-08
9.41112e-07
2.72985e-08
9.56433e-07
2.82551e-08
9.71923e-07
2.94185e-08
9.87599e-07
3.07383e-08
1.00348e-06
3.21633e-08
1.01957e-06
3.3642e-08
1.03588e-06
3.51242e-08
1.05242e-06
3.65616e-08
1.0692e-06
3.79082e-08
1.08622e-06
3.9121e-08
1.1035e-06
4.01596e-08
1.12103e-06
4.0987e-08
1.13883e-06
4.15692e-08
1.1569e-06
4.18756e-08
1.17525e-06
4.18792e-08
1.19391e-06
4.15564e-08
1.21288e-06
4.08873e-08
1.23217e-06
3.98561e-08
1.25182e-06
3.84511e-08
1.27185e-06
3.66649e-08
1.29227e-06
3.44951e-08
1.31312e-06
3.19441e-08
1.33443e-06
2.90196e-08
1.35624e-06
2.57351e-08
1.37859e-06
2.21099e-08
1.40151e-06
1.81695e-08
1.42505e-06
1.39461e-08
1.44925e-06
9.47846e-09
1.47417e-06
4.8122e-09
1.49986e-06
1.52636e-06
3.85906e-08
5.25985e-09
3.36715e-08
5.43177e-07
2.96179e-08
8.40644e-07
2.60766e-08
8.54954e-07
2.31173e-08
8.69184e-07
2.078e-08
8.83396e-07
1.9073e-08
8.97645e-07
1.79763e-08
9.11985e-07
1.7447e-08
9.26467e-07
1.74261e-08
9.41132e-07
1.78445e-08
9.56015e-07
1.8628e-08
9.71139e-07
1.97017e-08
9.86525e-07
2.09926e-08
1.00218e-06
2.24316e-08
1.01813e-06
2.39547e-08
1.03435e-06
2.55031e-08
1.05087e-06
2.70236e-08
1.06768e-06
2.84682e-08
1.08478e-06
2.97937e-08
1.10217e-06
3.09618e-08
1.11986e-06
3.19379e-08
1.13785e-06
3.26918e-08
1.15614e-06
3.31967e-08
1.17475e-06
3.34293e-08
1.19368e-06
3.337e-08
1.21294e-06
3.30023e-08
1.23254e-06
3.23135e-08
1.25251e-06
3.12945e-08
1.27287e-06
2.99399e-08
1.29362e-06
2.82487e-08
1.31481e-06
2.62237e-08
1.33646e-06
2.38726e-08
1.35859e-06
2.12078e-08
1.38125e-06
1.82468e-08
1.40447e-06
1.50125e-08
1.42828e-06
1.15334e-08
1.45273e-06
7.84372e-09
1.47786e-06
3.98381e-09
1.50372e-06
1.53034e-06
4.01831e-08
5.47845e-09
3.04442e-08
5.67161e-07
2.37461e-08
8.47343e-07
1.80382e-08
8.60662e-07
1.34329e-08
8.7379e-07
9.95349e-09
8.86875e-07
7.54994e-09
9.00048e-07
6.12162e-09
9.13414e-07
5.53942e-09
9.27049e-07
5.66326e-09
9.41009e-07
6.35457e-09
9.55323e-07
7.484e-09
9.7001e-07
8.9354e-09
9.85074e-07
1.06072e-08
1.00051e-06
1.24124e-08
1.01632e-06
1.42769e-08
1.03249e-06
1.61382e-08
1.04901e-06
1.79437e-08
1.06587e-06
1.96489e-08
1.08307e-06
2.1216e-08
1.10061e-06
2.2613e-08
1.11847e-06
2.38122e-08
1.13665e-06
2.47901e-08
1.15517e-06
2.55266e-08
1.17401e-06
2.60045e-08
1.1932e-06
2.62098e-08
1.21273e-06
2.6131e-08
1.23262e-06
2.57597e-08
1.25288e-06
2.50903e-08
1.27354e-06
2.41203e-08
1.29459e-06
2.28506e-08
1.31608e-06
2.12853e-08
1.33802e-06
1.94327e-08
1.36045e-06
1.73048e-08
1.38338e-06
1.49179e-08
1.40685e-06
1.22928e-08
1.43091e-06
9.45529e-09
1.45557e-06
6.43592e-09
1.48088e-06
3.27048e-09
1.50688e-06
1.53361e-06
4.07842e-08
5.93286e-09
2.00206e-08
5.99968e-07
9.48814e-09
8.57877e-07
1.20275e-09
8.68948e-07
-4.76709e-09
8.79759e-07
-8.61306e-09
8.90721e-07
-1.06561e-08
9.02091e-07
-1.1254e-08
9.14012e-07
-1.07475e-08
9.26543e-07
-9.43391e-09
9.39695e-07
-7.55884e-09
9.53448e-07
-5.31763e-09
9.67769e-07
-2.86179e-09
9.82618e-07
-3.06815e-10
9.97958e-07
2.2601e-09
1.01375e-06
4.77336e-09
1.02998e-06
7.18344e-09
1.0466e-06
9.45266e-09
1.0636e-06
1.15519e-08
1.08098e-06
1.34581e-08
1.0987e-06
1.5153e-08
1.11677e-06
1.66214e-08
1.13518e-06
1.78509e-08
1.15394e-06
1.8831e-08
1.17303e-06
1.95532e-08
1.19248e-06
2.00106e-08
1.21227e-06
2.01981e-08
1.23243e-06
2.01125e-08
1.25297e-06
1.97524e-08
1.2739e-06
1.91188e-08
1.29523e-06
1.8215e-08
1.31699e-06
1.70468e-08
1.33919e-06
1.56234e-08
1.36187e-06
1.39568e-08
1.38505e-06
1.20627e-08
1.40875e-06
9.9603e-09
1.43301e-06
7.67309e-09
1.45785e-06
5.22858e-09
1.48332e-06
2.65871e-09
1.50945e-06
1.53627e-06
3.87385e-08
8.42175e-09
-5.9252e-09
6.52131e-07
-2.31818e-08
8.75133e-07
-3.36235e-08
8.79389e-07
-3.86863e-08
8.84822e-07
-3.99088e-08
8.91944e-07
-3.85861e-08
9.00769e-07
-3.5692e-08
9.11118e-07
-3.19118e-08
9.22763e-07
-2.77044e-08
9.35487e-07
-2.33652e-08
9.49109e-07
-1.90777e-08
9.63481e-07
-1.49511e-08
9.78491e-07
-1.10475e-08
9.94055e-07
-7.39989e-09
1.01011e-06
-4.02366e-09
1.0266e-06
-9.24564e-10
1.0435e-06
1.89691e-09
1.06078e-06
4.44265e-09
1.07843e-06
6.71536e-09
1.09643e-06
8.71774e-09
1.11477e-06
1.04521e-08
1.13345e-06
1.19202e-08
1.15247e-06
1.31234e-08
1.17183e-06
1.4063e-08
1.19154e-06
1.47403e-08
1.2116e-06
1.51566e-08
1.23202e-06
1.53144e-08
1.25281e-06
1.52165e-08
1.27399e-06
1.48674e-08
1.29558e-06
1.42729e-08
1.31758e-06
1.34408e-08
1.34002e-06
1.2381e-08
1.36293e-06
1.11057e-08
1.38632e-06
9.6301e-09
1.41022e-06
7.97228e-09
1.43467e-06
6.15361e-09
1.45967e-06
4.19895e-09
1.48528e-06
2.13692e-09
1.51151e-06
1.53841e-06
1.7678e-08
8.9259e-09
-9.15861e-08
7.62287e-07
-1.09727e-07
8.93274e-07
-1.09089e-07
8.78752e-07
-1.00303e-07
8.76036e-07
-8.86623e-08
8.80303e-07
-7.66716e-08
8.88778e-07
-6.54141e-08
8.9986e-07
-5.52733e-08
9.12622e-07
-4.63067e-08
9.26521e-07
-3.84346e-08
9.41237e-07
-3.1531e-08
9.56578e-07
-2.54656e-08
9.72426e-07
-2.01207e-08
9.8871e-07
-1.53965e-08
1.00538e-06
-1.12114e-08
1.02242e-06
-7.50005e-09
1.03979e-06
-4.21035e-09
1.05749e-06
-1.30144e-09
1.07552e-06
1.25872e-09
1.09387e-06
3.49521e-09
1.11253e-06
5.42763e-09
1.13152e-06
7.07137e-09
1.15083e-06
8.43864e-09
1.17046e-06
9.53933e-09
1.19044e-06
1.03817e-08
1.21075e-06
1.0973e-08
1.23143e-06
1.13201e-08
1.25246e-06
1.14296e-08
1.27388e-06
1.13088e-08
1.2957e-06
1.09656e-08
1.31792e-06
1.04091e-08
1.34058e-06
9.65e-09
1.36369e-06
8.70058e-09
1.38727e-06
7.57536e-09
1.41135e-06
6.29122e-09
1.43595e-06
4.86765e-09
1.4611e-06
3.32704e-09
1.48682e-06
1.69488e-09
1.51315e-06
1.5401e-06
-5.77929e-07
6.03703e-07
-4.94185e-07
6.78543e-07
-3.40778e-07
7.39867e-07
-2.43967e-07
7.81941e-07
-1.80924e-07
8.12993e-07
-1.38375e-07
8.37754e-07
-1.08534e-07
8.58938e-07
-8.67859e-08
8.78112e-07
-7.03459e-08
8.96182e-07
-5.75045e-08
9.1368e-07
-4.71867e-08
9.30919e-07
-3.86993e-08
9.4809e-07
-3.15834e-08
9.6531e-07
-2.5527e-08
9.82653e-07
-2.03123e-08
1.00017e-06
-1.57843e-08
1.01789e-06
-1.18299e-08
1.03584e-06
-8.36551e-09
1.05403e-06
-5.32816e-09
1.07248e-06
-2.66999e-09
1.09121e-06
-3.54117e-10
1.11022e-06
1.64816e-09
1.12951e-06
3.35944e-09
1.14911e-06
4.79781e-09
1.16902e-06
5.97796e-09
1.18926e-06
6.91218e-09
1.20982e-06
7.61104e-09
1.23073e-06
8.08405e-09
1.25199e-06
8.34017e-09
1.27363e-06
8.38825e-09
1.29565e-06
8.23742e-09
1.31808e-06
7.89746e-09
1.34092e-06
7.37914e-09
1.36421e-06
6.69451e-09
1.38796e-06
5.85719e-09
1.41219e-06
4.88265e-09
1.43692e-06
3.78845e-09
1.46219e-06
2.59448e-09
1.48801e-06
1.32325e-09
1.51442e-06
1.54143e-06
-5.79562e-08
7.08854e-07
-1.08845e-07
7.29432e-07
-1.22854e-07
7.53876e-07
-1.19621e-07
7.78708e-07
-1.09183e-07
8.02555e-07
-9.64745e-08
8.25045e-07
-8.37849e-08
8.46248e-07
-7.20661e-08
8.66393e-07
-6.16211e-08
8.85737e-07
-5.24579e-08
9.04516e-07
-4.44653e-08
9.22926e-07
-3.74967e-08
9.41122e-07
-3.14076e-08
9.59221e-07
-2.60699e-08
9.77315e-07
-2.13756e-08
9.95474e-07
-1.72363e-08
1.01375e-06
-1.35801e-08
1.03218e-06
-1.03493e-08
1.0508e-06
-7.49727e-09
1.06963e-06
-4.98651e-09
1.0887e-06
-2.78657e-09
1.10802e-06
-8.72641e-10
1.1276e-06
7.75715e-10
1.14747e-06
2.17549e-09
1.16762e-06
3.34103e-09
1.18809e-06
4.28472e-09
1.20888e-06
5.01744e-09
1.22999e-06
5.54914e-09
1.25146e-06
5.88913e-09
1.27329e-06
6.04652e-09
1.29549e-06
6.0305e-09
1.31809e-06
5.85065e-09
1.3411e-06
5.51721e-09
1.36454e-06
5.04136e-09
1.38843e-06
4.43546e-09
1.41279e-06
3.71329e-09
1.43765e-06
2.89028e-09
1.46301e-06
1.98374e-09
1.48892e-06
1.01307e-09
1.51539e-06
1.54244e-06
5.94735e-09
7.40905e-07
-1.97648e-08
7.55144e-07
-3.72593e-08
7.7137e-07
-4.7467e-08
7.88916e-07
-5.21166e-08
8.07204e-07
-5.28964e-08
8.25825e-07
-5.11721e-08
8.44524e-07
-4.79474e-08
8.63168e-07
-4.39166e-08
8.81706e-07
-3.95371e-08
9.00137e-07
-3.50985e-08
9.18488e-07
-3.07758e-08
9.36799e-07
-2.6669e-08
9.55114e-07
-2.28304e-08
9.73477e-07
-1.92829e-08
9.91926e-07
-1.60319e-08
1.0105e-06
-1.30724e-08
1.02922e-06
-1.03945e-08
1.04812e-06
-7.98543e-09
1.06722e-06
-5.8319e-09
1.08654e-06
-3.92056e-09
1.1061e-06
-2.23869e-09
1.12592e-06
-7.74444e-10
1.146e-06
4.83173e-10
1.16637e-06
1.54431e-09
1.18703e-06
2.41838e-09
1.208e-06
3.11423e-09
1.2293e-06
3.64025e-09
1.25093e-06
4.00462e-09
1.27292e-06
4.21542e-09
1.29528e-06
4.2809e-09
1.31803e-06
4.2096e-09
1.34117e-06
4.01059e-09
1.36474e-06
3.69363e-09
1.38875e-06
3.2694e-09
1.41322e-06
2.74966e-09
1.43817e-06
2.14748e-09
1.46362e-06
1.47736e-09
1.48959e-06
7.55517e-10
1.51611e-06
1.54319e-06
1.3687e-08
7.54288e-07
1.28273e-09
7.67548e-07
-9.16448e-09
7.81818e-07
-1.72286e-08
7.9698e-07
-2.29052e-08
8.12881e-07
-2.64421e-08
8.29362e-07
-2.82016e-08
8.46283e-07
-2.8569e-08
8.63535e-07
-2.79009e-08
8.81038e-07
-2.6502e-08
8.98738e-07
-2.46188e-08
9.16605e-07
-2.24426e-08
9.34623e-07
-2.01176e-08
9.52789e-07
-1.77492e-08
9.71108e-07
-1.54126e-08
9.8959e-07
-1.31598e-08
1.00824e-06
-1.10258e-08
1.02709e-06
-9.03281e-09
1.04613e-06
-7.19408e-09
1.06538e-06
-5.51643e-09
1.08487e-06
-4.0022e-09
1.10459e-06
-2.6507e-09
1.12457e-06
-1.4592e-09
1.14481e-06
-4.23643e-10
1.16533e-06
4.60858e-10
1.18614e-06
1.19971e-09
1.20726e-06
1.79865e-09
1.2287e-06
2.26361e-09
1.25047e-06
2.60074e-09
1.27259e-06
2.81636e-09
1.29507e-06
2.91706e-09
1.31792e-06
2.90976e-09
1.34118e-06
2.80184e-09
1.36485e-06
2.60123e-09
1.38895e-06
2.31655e-09
1.4135e-06
1.95724e-09
1.43853e-06
1.53373e-09
1.46404e-06
1.05757e-09
1.49007e-06
5.41576e-10
1.51662e-06
1.54374e-06
1.15341e-08
7.60726e-07
5.24531e-09
7.73837e-07
-5.1589e-10
7.87579e-07
-5.47703e-09
8.01941e-07
-9.48739e-09
8.16891e-07
-1.25057e-08
8.3238e-07
-1.45742e-08
8.48352e-07
-1.57899e-08
8.64751e-07
-1.62787e-08
8.81527e-07
-1.61763e-08
8.98636e-07
-1.56145e-08
9.16043e-07
-1.47129e-08
9.33721e-07
-1.35752e-08
9.51652e-07
-1.2288e-08
9.69821e-07
-1.09211e-08
9.88223e-07
-9.52934e-09
1.00685e-06
-8.15454e-09
1.02571e-06
-6.82781e-09
1.0448e-06
-5.57148e-09
1.06413e-06
-4.40095e-09
1.0837e-06
-3.32625e-09
1.10352e-06
-2.35332e-09
1.12359e-06
-1.48506e-09
1.14394e-06
-7.2215e-10
1.16457e-06
-6.36184e-11
1.18549e-06
4.92635e-10
1.20671e-06
9.49538e-10
1.22824e-06
1.31061e-09
1.25011e-06
1.57981e-09
1.27232e-06
1.76147e-09
1.29488e-06
1.86023e-09
1.31783e-06
1.88111e-09
1.34116e-06
1.82947e-09
1.3649e-06
1.7111e-09
1.38907e-06
1.53232e-09
1.41368e-06
1.30002e-09
1.43876e-06
1.02179e-09
1.46432e-06
7.06022e-10
1.49038e-06
3.61988e-10
1.51697e-06
1.5441e-06
7.22892e-09
7.63772e-07
4.18843e-09
7.76878e-07
1.29849e-09
7.90469e-07
-1.31681e-09
8.04557e-07
-3.56628e-09
8.19141e-07
-5.39594e-09
8.3421e-07
-6.7874e-09
8.49743e-07
-7.75208e-09
8.65716e-07
-8.32363e-09
8.82098e-07
-8.55007e-09
8.98862e-07
-8.48682e-09
9.15979e-07
-8.19107e-09
9.33425e-07
-7.71771e-09
9.51178e-07
-7.11667e-09
9.6922e-07
-6.43152e-09
9.87537e-07
-5.69894e-09
1.00612e-06
-4.9488e-09
1.02496e-06
-4.20474e-09
1.04406e-06
-3.48484e-09
1.06341e-06
-2.80253e-09
1.08301e-06
-2.16734e-09
1.10288e-06
-1.58571e-09
1.12301e-06
-1.06164e-09
1.14342e-06
-5.9725e-10
1.1641e-06
-1.93243e-10
1.18508e-06
1.50719e-10
1.20636e-06
4.35754e-10
1.22796e-06
6.63544e-10
1.24988e-06
8.36202e-10
1.27214e-06
9.5617e-10
1.29476e-06
1.02617e-09
1.31776e-06
1.04918e-09
1.34114e-06
1.02845e-09
1.36492e-06
9.67481e-10
1.38913e-06
8.7012e-10
1.41378e-06
7.4056e-10
1.43889e-06
5.83407e-10
1.46448e-06
4.03744e-10
1.49056e-06
2.07196e-10
1.51717e-06
1.5443e-06
2.43728e-09
1.52395e-09
6.43155e-10
-1.70031e-10
-8.87306e-10
-1.48909e-09
-1.96511e-09
-2.31372e-09
-2.54054e-09
-2.65658e-09
-2.67632e-09
-2.61599e-09
-2.49212e-09
-2.3205e-09
-2.11549e-09
-1.88958e-09
-1.65328e-09
-1.41515e-09
-1.18191e-09
-9.58707e-10
-7.49301e-10
-5.56333e-10
-3.81535e-10
-2.25927e-10
-8.99844e-11
2.62317e-11
1.22969e-10
2.00702e-10
2.60081e-10
3.01885e-10
3.27005e-10
3.36426e-10
3.31228e-10
3.1259e-10
2.81796e-10
2.40253e-10
1.89506e-10
1.31258e-10
6.73935e-11
)
;

boundaryField
{
    top
    {
        type            calculated;
        value           nonuniform List<scalar> 
80
(
1.57873e-06
1.55107e-06
1.52402e-06
1.49755e-06
1.47165e-06
1.44628e-06
1.4214e-06
1.397e-06
1.37303e-06
1.34948e-06
1.32632e-06
1.30352e-06
1.28105e-06
1.2589e-06
1.23703e-06
1.21543e-06
1.19407e-06
1.17294e-06
1.15202e-06
1.1313e-06
1.11075e-06
1.09038e-06
1.07017e-06
1.05011e-06
1.03022e-06
1.01049e-06
9.90928e-07
9.71556e-07
9.52392e-07
9.33463e-07
9.148e-07
8.96439e-07
8.78419e-07
8.60779e-07
8.43559e-07
8.26793e-07
8.1051e-07
7.94732e-07
7.79467e-07
7.64715e-07
7.64679e-07
7.77791e-07
7.91349e-07
8.0537e-07
8.19858e-07
8.34812e-07
8.50219e-07
8.66064e-07
8.82325e-07
8.98978e-07
9.15999e-07
9.33365e-07
9.51054e-07
9.69049e-07
9.87332e-07
1.00589e-06
1.02472e-06
1.04382e-06
1.06317e-06
1.08279e-06
1.10267e-06
1.12282e-06
1.14324e-06
1.16395e-06
1.18495e-06
1.20625e-06
1.22786e-06
1.2498e-06
1.27208e-06
1.29472e-06
1.31773e-06
1.34113e-06
1.36493e-06
1.38915e-06
1.41381e-06
1.43893e-06
1.46453e-06
1.49062e-06
1.51723e-06
1.54437e-06
)
;
    }
    inlet
    {
        type            calculated;
        value           nonuniform List<scalar> 
80
(
-1.71017e-16
-1.67957e-16
-1.65062e-16
-1.62129e-16
-1.59283e-16
-1.5646e-16
-1.53711e-16
-1.51011e-16
-1.48346e-16
-1.45734e-16
-1.43164e-16
-1.40648e-16
-1.38167e-16
-1.35735e-16
-1.33353e-16
-1.31004e-16
-1.28697e-16
-1.26397e-16
-1.24204e-16
-1.22025e-16
-1.19853e-16
-1.17738e-16
-1.15673e-16
-1.13632e-16
-1.11628e-16
-1.09667e-16
-1.07735e-16
-1.05834e-16
-1.03973e-16
-1.0213e-16
-1.00339e-16
-9.85699e-17
-9.68338e-17
-1.86041e-08
-7.06598e-06
-1.85723e-06
-1.02601e-06
-6.41205e-07
-3.98784e-07
-2.11931e-07
-5.9909e-08
-1.5722e-07
-2.89261e-07
-4.74815e-07
-7.8194e-07
-1.40638e-06
-3.69708e-06
-1.33099e-05
-5.81924e-13
-1.00163e-13
-1.01959e-13
-1.03787e-13
-1.05649e-13
-1.07543e-13
-1.09471e-13
-1.11435e-13
-1.13433e-13
-1.15467e-13
-1.17537e-13
-1.19645e-13
-1.2179e-13
-1.23974e-13
-1.26198e-13
-1.2846e-13
-1.30764e-13
-1.33109e-13
-1.35496e-13
-1.37925e-13
-1.40399e-13
-1.42916e-13
-1.45479e-13
-1.48088e-13
-1.50743e-13
-1.53446e-13
-1.56198e-13
-1.58999e-13
-1.6185e-13
-1.64752e-13
-1.67707e-13
-1.70714e-13
)
;
    }
    axis
    {
        type            calculated;
        value           uniform 0;
    }
    frontAndBack
    {
        type            empty;
        value           nonuniform 0();
    }
}


// ************************************************************************* //
