/*--------------------------------*- C++ -*----------------------------------*\
  =========                 |
  \\      /  F ield         | OpenFOAM: The Open Source CFD Toolbox
   \\    /   O peration     | Website:  https://openfoam.org
    \\  /    A nd           | Version:  7
     \\/     M anipulation  |
\*---------------------------------------------------------------------------*/
FoamFile
{
    version     2.0;
    format      ascii;
    class       surfaceScalarField;
    location    "10000";
    object      phib;
}
// * * * * * * * * * * * * * * * * * * * * * * * * * * * * * * * * * * * * * //

dimensions      [0 3 -1 0 0 0 0];

internalField   nonuniform List<scalar> 
6280
(
-2.19047e-21
-1.71013e-16
-4.35585e-21
-1.68001e-16
-6.50925e-21
-1.65041e-16
-8.66311e-21
-1.62134e-16
-1.08295e-20
-1.59278e-16
-1.30204e-20
-1.56472e-16
-1.52482e-20
-1.53715e-16
-1.75256e-20
-1.51007e-16
-1.98662e-20
-1.48347e-16
-2.2285e-20
-1.45734e-16
-2.47983e-20
-1.43166e-16
-2.74247e-20
-1.40644e-16
-3.01855e-20
-1.38166e-16
-3.31053e-20
-1.35732e-16
-3.62133e-20
-1.33341e-16
-3.95444e-20
-1.30992e-16
-4.31411e-20
-1.28684e-16
-4.70556e-20
-1.26417e-16
-5.13535e-20
-1.24189e-16
-5.6118e-20
-1.22001e-16
-6.14574e-20
-1.19851e-16
-6.75144e-20
-1.17739e-16
-7.44813e-20
-1.15664e-16
-8.2623e-20
-1.13625e-16
-9.23126e-20
-1.11622e-16
-1.04088e-19
-1.09653e-16
-1.18742e-19
-1.07718e-16
-1.37471e-19
-1.05816e-16
-1.6212e-19
-1.03946e-16
-1.95592e-19
-1.02106e-16
-2.42529e-19
-1.00293e-16
-3.10496e-19
-9.85045e-17
-1.32852e-10
-9.67346e-17
-2.41873e-05
-9.49347e-17
-2.94607e-05
-8.45907e-17
-3.03459e-05
-7.55683e-17
-3.08438e-05
-6.73855e-17
-3.11954e-05
-7.963e-17
-3.05459e-05
-9.15186e-07
-2.34374e-05
-7.30199e-06
-2.16157e-21
-1.71011e-16
-4.29778e-21
-1.67999e-16
-6.42098e-21
-1.65039e-16
-8.54284e-21
-1.62132e-16
-1.06746e-20
-1.59276e-16
-1.28275e-20
-1.5647e-16
-1.50126e-20
-1.53713e-16
-1.72416e-20
-1.51005e-16
-1.95265e-20
-1.48345e-16
-2.18804e-20
-1.45731e-16
-2.43173e-20
-1.43164e-16
-2.68527e-20
-1.40642e-16
-2.9504e-20
-1.38164e-16
-3.22905e-20
-1.35729e-16
-3.52343e-20
-1.33338e-16
-3.83609e-20
-1.30989e-16
-4.16992e-20
-1.2868e-16
-4.52829e-20
-1.26413e-16
-4.91504e-20
-1.24185e-16
-5.33458e-20
-1.21997e-16
-5.79183e-20
-1.19846e-16
-6.29208e-20
-1.17734e-16
-6.84062e-20
-1.15658e-16
-7.4418e-20
-1.13619e-16
-8.09709e-20
-1.11615e-16
-8.80132e-20
-1.09646e-16
-9.53525e-20
-1.07711e-16
-1.02515e-19
-1.05809e-16
-1.08482e-19
-1.0394e-16
-1.112e-19
-1.02103e-16
-1.06677e-19
-1.00298e-16
-8.73396e-20
-9.85238e-17
-3.90434e-20
-9.67829e-17
2.73857e-20
-9.50781e-17
-1.14057e-21
-9.34111e-17
-3.44622e-20
-9.17686e-17
-9.33161e-20
-9.01503e-17
-1.17497e-08
-8.85998e-17
-7.58463e-06
-1.40777e-08
-3.1907e-05
2.09431e-07
-2.10544e-21
-1.71009e-16
-4.18505e-21
-1.67997e-16
-6.24976e-21
-1.65037e-16
-8.30984e-21
-1.6213e-16
-1.03751e-20
-1.59273e-16
-1.24549e-20
-1.56468e-16
-1.45587e-20
-1.53711e-16
-1.66959e-20
-1.51003e-16
-1.8876e-20
-1.48343e-16
-2.11086e-20
-1.45729e-16
-2.3404e-20
-1.43162e-16
-2.57727e-20
-1.40639e-16
-2.82254e-20
-1.38161e-16
-3.07737e-20
-1.35727e-16
-3.34291e-20
-1.33335e-16
-3.62031e-20
-1.30986e-16
-3.91069e-20
-1.28678e-16
-4.215e-20
-1.2641e-16
-4.53391e-20
-1.24182e-16
-4.86758e-20
-1.21993e-16
-5.21526e-20
-1.19843e-16
-5.57473e-20
-1.1773e-16
-5.94148e-20
-1.15655e-16
-6.30737e-20
-1.13615e-16
-6.65887e-20
-1.11612e-16
-6.97455e-20
-1.09643e-16
-7.22193e-20
-1.07709e-16
-7.35398e-20
-1.05808e-16
-7.30652e-20
-1.03941e-16
-6.9996e-20
-1.02106e-16
-6.34993e-20
-1.00304e-16
-5.30959e-20
-9.85342e-17
-3.96167e-20
-9.67964e-17
-2.73326e-20
-9.50903e-17
-2.30834e-20
-9.34153e-17
-2.19903e-20
-9.17697e-17
-1.97217e-20
-9.01526e-17
-3.04392e-12
-8.86036e-17
-6.13428e-07
-9.84153e-09
-3.30811e-05
3.36266e-07
-2.02522e-21
-1.71007e-16
-4.02405e-21
-1.67995e-16
-6.00555e-21
-1.65035e-16
-7.97811e-21
-1.62128e-16
-9.94955e-21
-1.59271e-16
-1.19273e-20
-1.56466e-16
-1.39182e-20
-1.53709e-16
-1.59291e-20
-1.51001e-16
-1.79664e-20
-1.48341e-16
-2.00359e-20
-1.45727e-16
-2.21434e-20
-1.43159e-16
-2.42939e-20
-1.40637e-16
-2.64918e-20
-1.38159e-16
-2.87402e-20
-1.35725e-16
-3.10409e-20
-1.33333e-16
-3.33934e-20
-1.30983e-16
-3.5794e-20
-1.28675e-16
-3.82345e-20
-1.26407e-16
-4.07005e-20
-1.2418e-16
-4.31689e-20
-1.21991e-16
-4.56052e-20
-1.19841e-16
-4.79593e-20
-1.17728e-16
-5.01609e-20
-1.15653e-16
-5.21148e-20
-1.13613e-16
-5.36958e-20
-1.1161e-16
-5.47459e-20
-1.09642e-16
-5.50755e-20
-1.07708e-16
-5.44734e-20
-1.05809e-16
-5.27323e-20
-1.03942e-16
-4.96967e-20
-1.02109e-16
-4.53397e-20
-1.00308e-16
-3.98639e-20
-9.85397e-17
-3.37922e-20
-9.68024e-17
-2.79321e-20
-9.50962e-17
-2.29255e-20
-9.34203e-17
-1.84717e-20
-9.17741e-17
-1.40159e-20
-9.01571e-17
-1.59892e-12
-8.86174e-17
-3.01979e-07
-1.07802e-08
-3.37553e-05
2.32706e-07
-1.92513e-21
-1.71005e-16
-3.82337e-21
-1.67993e-16
-5.70164e-21
-1.65033e-16
-7.56624e-21
-1.62126e-16
-9.42282e-21
-1.5927e-16
-1.12765e-20
-1.56464e-16
-1.31319e-20
-1.53707e-16
-1.49928e-20
-1.50999e-16
-1.68626e-20
-1.48339e-16
-1.87437e-20
-1.45725e-16
-2.06378e-20
-1.43158e-16
-2.25453e-20
-1.40635e-16
-2.44651e-20
-1.38157e-16
-2.63943e-20
-1.35723e-16
-2.83277e-20
-1.33331e-16
-3.0257e-20
-1.30982e-16
-3.21702e-20
-1.28673e-16
-3.40506e-20
-1.26406e-16
-3.58752e-20
-1.24178e-16
-3.76143e-20
-1.21989e-16
-3.92295e-20
-1.19839e-16
-4.06727e-20
-1.17727e-16
-4.18852e-20
-1.15651e-16
-4.27977e-20
-1.13612e-16
-4.33318e-20
-1.1161e-16
-4.34032e-20
-1.09642e-16
-4.29286e-20
-1.07709e-16
-4.18358e-20
-1.0581e-16
-4.00786e-20
-1.03944e-16
-3.76537e-20
-1.02112e-16
-3.46177e-20
-1.00311e-16
-3.10956e-20
-9.85432e-17
-2.72696e-20
-9.68063e-17
-2.33369e-20
-9.51001e-17
-1.94366e-20
-9.34242e-17
-1.55967e-20
-9.1778e-17
-1.1796e-20
-9.01609e-17
-1.54365e-12
-8.86302e-17
-2.39097e-07
-1.22745e-08
-3.43138e-05
2.07454e-07
-1.80997e-21
-1.71003e-16
-3.59277e-21
-1.67991e-16
-5.35312e-21
-1.65031e-16
-7.09517e-21
-1.62124e-16
-8.82248e-21
-1.59268e-16
-1.0538e-20
-1.56462e-16
-1.2244e-20
-1.53705e-16
-1.3942e-20
-1.50997e-16
-1.56327e-20
-1.48337e-16
-1.73157e-20
-1.45723e-16
-1.89895e-20
-1.43156e-16
-2.06513e-20
-1.40634e-16
-2.22964e-20
-1.38155e-16
-2.39185e-20
-1.35721e-16
-2.55087e-20
-1.33329e-16
-2.70553e-20
-1.3098e-16
-2.85435e-20
-1.28672e-16
-2.99549e-20
-1.26404e-16
-3.12669e-20
-1.24176e-16
-3.24524e-20
-1.21988e-16
-3.34799e-20
-1.19838e-16
-3.43135e-20
-1.17726e-16
-3.49137e-20
-1.15651e-16
-3.52385e-20
-1.13612e-16
-3.52463e-20
-1.1161e-16
-3.48982e-20
-1.09642e-16
-3.41632e-20
-1.07709e-16
-3.30221e-20
-1.05811e-16
-3.14732e-20
-1.03946e-16
-2.95362e-20
-1.02114e-16
-2.72532e-20
-1.00314e-16
-2.46864e-20
-9.85458e-17
-2.19099e-20
-9.6809e-17
-1.89971e-20
-9.5103e-17
-1.60077e-20
-9.34272e-17
-1.29815e-20
-9.1781e-17
-9.95003e-21
-9.01639e-17
-1.54242e-12
-8.86415e-17
-2.12886e-07
-1.38677e-08
-3.48166e-05
1.94699e-07
-1.68474e-21
-1.71002e-16
-3.3423e-21
-1.67989e-16
-4.97535e-21
-1.6503e-16
-6.58607e-21
-1.62122e-16
-8.17612e-21
-1.59266e-16
-9.74656e-21
-1.5646e-16
-1.12977e-20
-1.53704e-16
-1.28293e-20
-1.50996e-16
-1.43399e-20
-1.48336e-16
-1.58272e-20
-1.45722e-16
-1.72879e-20
-1.43154e-16
-1.87171e-20
-1.40632e-16
-2.01085e-20
-1.38154e-16
-2.14542e-20
-1.3572e-16
-2.27444e-20
-1.33328e-16
-2.39671e-20
-1.30979e-16
-2.51083e-20
-1.28671e-16
-2.61516e-20
-1.26403e-16
-2.70782e-20
-1.24176e-16
-2.78675e-20
-1.21987e-16
-2.84969e-20
-1.19837e-16
-2.89428e-20
-1.17725e-16
-2.91814e-20
-1.1565e-16
-2.919e-20
-1.13612e-16
-2.89485e-20
-1.1161e-16
-2.84412e-20
-1.09643e-16
-2.76591e-20
-1.0771e-16
-2.6601e-20
-1.05812e-16
-2.52754e-20
-1.03947e-16
-2.37008e-20
-1.02115e-16
-2.19045e-20
-1.00316e-16
-1.99208e-20
-9.85478e-17
-1.77876e-20
-9.68112e-17
-1.55428e-20
-9.51053e-17
-1.32205e-20
-9.34295e-17
-1.08499e-20
-9.17834e-17
-8.46185e-21
-9.01663e-17
-1.55052e-12
-8.86498e-17
-1.97714e-07
-1.52419e-08
-3.52856e-05
1.87365e-07
-1.55413e-21
-1.71e-16
-3.08144e-21
-1.67988e-16
-4.58277e-21
-1.65028e-16
-6.05861e-21
-1.62121e-16
-7.50902e-21
-1.59265e-16
-8.93355e-21
-1.56459e-16
-1.03311e-20
-1.53702e-16
-1.17e-20
-1.50994e-16
-1.30375e-20
-1.48334e-16
-1.43403e-20
-1.45721e-16
-1.56038e-20
-1.43153e-16
-1.68227e-20
-1.40631e-16
-1.79901e-20
-1.38153e-16
-1.90981e-20
-1.35719e-16
-2.01376e-20
-1.33327e-16
-2.1098e-20
-1.30978e-16
-2.19675e-20
-1.2867e-16
-2.27332e-20
-1.26402e-16
-2.33811e-20
-1.24175e-16
-2.38969e-20
-1.21987e-16
-2.42657e-20
-1.19837e-16
-2.44733e-20
-1.17725e-16
-2.45065e-20
-1.1565e-16
-2.43542e-20
-1.13612e-16
-2.40078e-20
-1.1161e-16
-2.34627e-20
-1.09643e-16
-2.27185e-20
-1.07711e-16
-2.17799e-20
-1.05813e-16
-2.06566e-20
-1.03948e-16
-1.93632e-20
-1.02116e-16
-1.79184e-20
-1.00317e-16
-1.63438e-20
-9.85493e-17
-1.46626e-20
-9.68129e-17
-1.28981e-20
-9.51071e-17
-1.10726e-20
-9.34314e-17
-9.20629e-21
-9.17852e-17
-7.32331e-21
-9.01682e-17
-1.54369e-12
-8.86617e-17
-1.87868e-07
-1.72338e-08
-3.57326e-05
1.83418e-07
-1.42233e-21
-1.70999e-16
-2.81855e-21
-1.67986e-16
-4.18798e-21
-1.65027e-16
-5.52978e-21
-1.6212e-16
-6.84275e-21
-1.59264e-16
-8.12531e-21
-1.56458e-16
-9.37541e-21
-1.53701e-16
-1.05904e-20
-1.50993e-16
-1.1767e-20
-1.48333e-16
-1.29012e-20
-1.4572e-16
-1.39884e-20
-1.43152e-16
-1.50231e-20
-1.4063e-16
-1.59989e-20
-1.38152e-16
-1.69088e-20
-1.35718e-16
-1.7745e-20
-1.33326e-16
-1.8499e-20
-1.30977e-16
-1.91615e-20
-1.28669e-16
-1.97233e-20
-1.26402e-16
-2.01747e-20
-1.24174e-16
-2.05062e-20
-1.21986e-16
-2.0709e-20
-1.19837e-16
-2.07751e-20
-1.17725e-16
-2.06978e-20
-1.1565e-16
-2.04726e-20
-1.13613e-16
-2.00969e-20
-1.1161e-16
-1.9571e-20
-1.09644e-16
-1.8898e-20
-1.07712e-16
-1.8084e-20
-1.05814e-16
-1.7138e-20
-1.03949e-16
-1.60715e-20
-1.02117e-16
-1.48981e-20
-1.00318e-16
-1.36329e-20
-9.85506e-17
-1.2292e-20
-9.68142e-17
-1.08915e-20
-9.51085e-17
-9.44747e-21
-9.34328e-17
-7.97533e-21
-9.17867e-17
-6.49577e-21
-9.01697e-17
-1.63773e-12
-8.86768e-17
-1.81092e-07
-1.98187e-08
-3.61649e-05
1.81723e-07
-1.29279e-21
-1.70997e-16
-2.5605e-21
-1.67985e-16
-3.8013e-21
-1.65026e-16
-5.0133e-21
-1.62118e-16
-6.19443e-21
-1.59262e-16
-7.34236e-21
-1.56457e-16
-8.4544e-21
-1.537e-16
-9.52746e-21
-1.50992e-16
-1.0558e-20
-1.48332e-16
-1.15421e-20
-1.45719e-16
-1.24751e-20
-1.43151e-16
-1.33521e-20
-1.40629e-16
-1.41676e-20
-1.38151e-16
-1.49158e-20
-1.35717e-16
-1.55904e-20
-1.33326e-16
-1.61849e-20
-1.30976e-16
-1.66927e-20
-1.28669e-16
-1.71074e-20
-1.26401e-16
-1.74227e-20
-1.24174e-16
-1.76329e-20
-1.21986e-16
-1.7733e-20
-1.19837e-16
-1.77191e-20
-1.17725e-16
-1.75885e-20
-1.15651e-16
-1.734e-20
-1.13613e-16
-1.69743e-20
-1.11611e-16
-1.64937e-20
-1.09644e-16
-1.59026e-20
-1.07712e-16
-1.52068e-20
-1.05814e-16
-1.44144e-20
-1.0395e-16
-1.35344e-20
-1.02118e-16
-1.25773e-20
-1.00319e-16
-1.15542e-20
-9.85516e-17
-1.04768e-20
-9.68153e-17
-9.35703e-21
-9.51096e-17
-8.20656e-21
-9.3434e-17
-7.03688e-21
-9.17879e-17
-5.86534e-21
-9.01709e-17
-1.79668e-12
-8.86914e-17
-1.76321e-07
-2.25169e-08
-3.65871e-05
1.81455e-07
-1.16819e-21
-1.70996e-16
-2.3126e-21
-1.67984e-16
-3.43057e-21
-1.65025e-16
-4.5195e-21
-1.62117e-16
-5.57674e-21
-1.59261e-16
-6.59949e-21
-1.56456e-16
-7.58478e-21
-1.53699e-16
-8.52937e-21
-1.50991e-16
-9.42978e-21
-1.48331e-16
-1.02822e-20
-1.45718e-16
-1.10827e-20
-1.4315e-16
-1.18268e-20
-1.40628e-16
-1.25102e-20
-1.3815e-16
-1.31281e-20
-1.35716e-16
-1.36759e-20
-1.33325e-16
-1.41488e-20
-1.30976e-16
-1.45424e-20
-1.28668e-16
-1.48524e-20
-1.26401e-16
-1.50751e-20
-1.24174e-16
-1.52073e-20
-1.21986e-16
-1.52465e-20
-1.19837e-16
-1.51914e-20
-1.17725e-16
-1.50415e-20
-1.15651e-16
-1.47976e-20
-1.13613e-16
-1.44616e-20
-1.11611e-16
-1.40367e-20
-1.09645e-16
-1.35274e-20
-1.07713e-16
-1.29393e-20
-1.05815e-16
-1.22789e-20
-1.03951e-16
-1.15536e-20
-1.02119e-16
-1.07717e-20
-1.0032e-16
-9.9415e-21
-9.85524e-17
-9.07184e-21
-9.68162e-17
-8.17146e-21
-9.51105e-17
-7.2489e-21
-9.34349e-17
-6.31235e-21
-9.17888e-17
-5.37602e-21
-9.01718e-17
-1.96487e-12
-8.87127e-17
-1.72898e-07
-2.6157e-08
-3.70022e-05
1.8206e-07
-1.05047e-21
-1.70995e-16
-2.07864e-21
-1.67983e-16
-3.08134e-21
-1.65024e-16
-4.05552e-21
-1.62116e-16
-4.9982e-21
-1.5926e-16
-5.90639e-21
-1.56455e-16
-6.77702e-21
-1.53698e-16
-7.60694e-21
-1.5099e-16
-8.39289e-21
-1.4833e-16
-9.13148e-21
-1.45717e-16
-9.81923e-21
-1.4315e-16
-1.04526e-20
-1.40628e-16
-1.1028e-20
-1.3815e-16
-1.1542e-20
-1.35716e-16
-1.19911e-20
-1.33325e-16
-1.23721e-20
-1.30976e-16
-1.2682e-20
-1.28668e-16
-1.29184e-20
-1.26401e-16
-1.30791e-20
-1.24174e-16
-1.31628e-20
-1.21986e-16
-1.31686e-20
-1.19837e-16
-1.30965e-20
-1.17725e-16
-1.29473e-20
-1.15651e-16
-1.27227e-20
-1.13613e-16
-1.24253e-20
-1.11611e-16
-1.20584e-20
-1.09645e-16
-1.16262e-20
-1.07713e-16
-1.11337e-20
-1.05815e-16
-1.05864e-20
-1.03951e-16
-9.99028e-21
-1.0212e-16
-9.35181e-21
-1.00321e-16
-8.67763e-21
-9.85531e-17
-7.97449e-21
-9.68169e-17
-7.24913e-21
-9.51112e-17
-6.50817e-21
-9.34356e-17
-5.75805e-21
-9.17896e-17
-5.0123e-21
-9.01725e-17
-2.24334e-12
-8.87369e-17
-1.70339e-07
-3.03904e-08
-3.74122e-05
1.83156e-07
-9.40847e-22
-1.70994e-16
-1.86102e-21
-1.67982e-16
-2.75706e-21
-1.65023e-16
-3.62569e-21
-1.62116e-16
-4.46383e-21
-1.5926e-16
-5.26843e-21
-1.56454e-16
-6.03653e-21
-1.53697e-16
-6.76517e-21
-1.5099e-16
-7.4514e-21
-1.4833e-16
-8.09228e-21
-1.45716e-16
-8.68493e-21
-1.43149e-16
-9.22651e-21
-1.40627e-16
-9.71428e-21
-1.38149e-16
-1.01457e-20
-1.35715e-16
-1.05183e-20
-1.33324e-16
-1.08301e-20
-1.30975e-16
-1.10793e-20
-1.28668e-16
-1.12644e-20
-1.26401e-16
-1.13847e-20
-1.24174e-16
-1.14398e-20
-1.21986e-16
-1.14298e-20
-1.19837e-16
-1.13555e-20
-1.17725e-16
-1.12184e-20
-1.15651e-16
-1.10205e-20
-1.13613e-16
-1.07645e-20
-1.11612e-16
-1.04537e-20
-1.09645e-16
-1.00919e-20
-1.07714e-16
-9.68324e-21
-1.05816e-16
-9.2324e-21
-1.03952e-16
-8.74432e-21
-1.0212e-16
-8.22412e-21
-1.00321e-16
-7.67703e-21
-9.85537e-17
-7.10834e-21
-9.68174e-17
-6.52323e-21
-9.51118e-17
-5.92679e-21
-9.34362e-17
-5.32387e-21
-9.17902e-17
-4.72722e-21
-9.01732e-17
-2.58108e-12
-8.87716e-17
-1.68353e-07
-3.59315e-08
-3.78181e-05
1.84397e-07
-8.40002e-22
-1.70993e-16
-1.66102e-21
-1.67981e-16
-2.45948e-21
-1.65022e-16
-3.2321e-21
-1.62115e-16
-3.97578e-21
-1.59259e-16
-4.68761e-21
-1.56453e-16
-5.36479e-21
-1.53697e-16
-6.00464e-21
-1.50989e-16
-6.60455e-21
-1.48329e-16
-7.16206e-21
-1.45716e-16
-7.6748e-21
-1.43149e-16
-8.14058e-21
-1.40627e-16
-8.55734e-21
-1.38149e-16
-8.92328e-21
-1.35715e-16
-9.23682e-21
-1.33324e-16
-9.49669e-21
-1.30975e-16
-9.70194e-21
-1.28667e-16
-9.85201e-21
-1.26401e-16
-9.94676e-21
-1.24174e-16
-9.98648e-21
-1.21986e-16
-9.9719e-21
-1.19837e-16
-9.90426e-21
-1.17725e-16
-9.78524e-21
-1.15651e-16
-9.617e-21
-1.13614e-16
-9.40209e-21
-1.11612e-16
-9.14351e-21
-1.09646e-16
-8.84457e-21
-1.07714e-16
-8.50888e-21
-1.05816e-16
-8.14031e-21
-1.03952e-16
-7.74287e-21
-1.02121e-16
-7.32068e-21
-1.00321e-16
-6.87791e-21
-9.85541e-17
-6.41872e-21
-9.68179e-17
-5.94716e-21
-9.51123e-17
-5.46719e-21
-9.34367e-17
-4.98263e-21
-9.17907e-17
-4.50663e-21
-9.01736e-17
-3.05797e-12
-8.88092e-17
-1.6667e-07
-4.2102e-08
-3.82203e-05
1.85516e-07
-7.48133e-22
-1.70993e-16
-1.47897e-21
-1.6798e-16
-2.18899e-21
-1.65021e-16
-2.875e-21
-1.62114e-16
-3.53404e-21
-1.59258e-16
-4.16337e-21
-1.56452e-16
-4.76042e-21
-1.53696e-16
-5.32282e-21
-1.50989e-16
-5.84832e-21
-1.48328e-16
-6.33489e-21
-1.45715e-16
-6.78063e-21
-1.43148e-16
-7.18386e-21
-1.40626e-16
-7.5431e-21
-1.38149e-16
-7.85713e-21
-1.35715e-16
-8.12497e-21
-1.33324e-16
-8.34593e-21
-1.30975e-16
-8.51965e-21
-1.28667e-16
-8.64608e-21
-1.264e-16
-8.72554e-21
-1.24173e-16
-8.7587e-21
-1.21986e-16
-8.74658e-21
-1.19837e-16
-8.69058e-21
-1.17725e-16
-8.59243e-21
-1.15651e-16
-8.4542e-21
-1.13614e-16
-8.27825e-21
-1.11612e-16
-8.06722e-21
-1.09646e-16
-7.82397e-21
-1.07714e-16
-7.55154e-21
-1.05816e-16
-7.25313e-21
-1.03952e-16
-6.93203e-21
-1.02121e-16
-6.59155e-21
-1.00322e-16
-6.23502e-21
-9.85545e-17
-5.86571e-21
-9.68183e-17
-5.48678e-21
-9.51126e-17
-5.10121e-21
-9.34371e-17
-4.71175e-21
-9.1791e-17
-4.33169e-21
-9.0174e-17
-3.60397e-12
-8.88641e-17
-1.65084e-07
-5.02792e-08
-3.86188e-05
1.86259e-07
-6.65087e-22
-1.70992e-16
-1.31453e-21
-1.6798e-16
-1.94497e-21
-1.65021e-16
-2.55338e-21
-1.62113e-16
-3.137e-21
-1.59258e-16
-3.69333e-21
-1.56452e-16
-4.22006e-21
-1.53696e-16
-4.71511e-21
-1.50988e-16
-5.1766e-21
-1.48328e-16
-5.60284e-21
-1.45715e-16
-5.99237e-21
-1.43148e-16
-6.34393e-21
-1.40626e-16
-6.65647e-21
-1.38148e-16
-6.92921e-21
-1.35714e-16
-7.16162e-21
-1.33323e-16
-7.35343e-21
-1.30975e-16
-7.50463e-21
-1.28667e-16
-7.61553e-21
-1.264e-16
-7.68669e-21
-1.24173e-16
-7.71898e-21
-1.21986e-16
-7.71354e-21
-1.19837e-16
-7.67178e-21
-1.17725e-16
-7.59537e-21
-1.15651e-16
-7.48619e-21
-1.13614e-16
-7.34635e-21
-1.11612e-16
-7.17812e-21
-1.09646e-16
-6.98394e-21
-1.07714e-16
-6.76635e-21
-1.05817e-16
-6.52796e-21
-1.03952e-16
-6.27148e-21
-1.02121e-16
-5.99959e-21
-1.00322e-16
-5.71501e-21
-9.85548e-17
-5.42044e-21
-9.68185e-17
-5.11853e-21
-9.51129e-17
-4.81193e-21
-9.34374e-17
-4.5033e-21
-9.17914e-17
-4.20856e-21
-9.01743e-17
-4.39888e-12
-8.89452e-17
-1.63365e-07
-6.10845e-08
-3.90129e-05
1.8643e-07
-5.90462e-22
-1.70991e-16
-1.16686e-21
-1.67979e-16
-1.72606e-21
-1.6502e-16
-2.26528e-21
-1.62113e-16
-2.78199e-21
-1.59257e-16
-3.27392e-21
-1.56451e-16
-3.73907e-21
-1.53695e-16
-4.17564e-21
-1.50988e-16
-4.58205e-21
-1.48328e-16
-4.95695e-21
-1.45714e-16
-5.29921e-21
-1.43147e-16
-5.60791e-21
-1.40625e-16
-5.88236e-21
-1.38148e-16
-6.1221e-21
-1.35714e-16
-6.32692e-21
-1.33323e-16
-6.49681e-21
-1.30974e-16
-6.63202e-21
-1.28667e-16
-6.73306e-21
-1.264e-16
-6.80062e-21
-1.24173e-16
-6.83565e-21
-1.21986e-16
-6.8393e-21
-1.19837e-16
-6.81291e-21
-1.17725e-16
-6.758e-21
-1.15651e-16
-6.67626e-21
-1.13614e-16
-6.56951e-21
-1.11612e-16
-6.43966e-21
-1.09646e-16
-6.28875e-21
-1.07714e-16
-6.11883e-21
-1.05817e-16
-5.93205e-21
-1.03953e-16
-5.73052e-21
-1.02121e-16
-5.51639e-21
-1.00322e-16
-5.29179e-21
-9.8555e-17
-5.05881e-21
-9.68188e-17
-4.81953e-21
-9.51132e-17
-4.57598e-21
-9.34376e-17
-4.33019e-21
-9.17916e-17
-4.10078e-21
-9.01746e-17
-5.47229e-12
-8.90332e-17
-1.61378e-07
-7.29625e-08
-3.94016e-05
1.85808e-07
-5.23689e-22
-1.70991e-16
-1.0348e-21
-1.67979e-16
-1.53048e-21
-1.65019e-16
-2.00818e-21
-1.62112e-16
-2.46566e-21
-1.59257e-16
-2.90089e-21
-1.56451e-16
-3.31214e-21
-1.53695e-16
-3.69787e-21
-1.50987e-16
-4.05681e-21
-1.48327e-16
-4.38786e-21
-1.45714e-16
-4.69018e-21
-1.43147e-16
-4.96312e-21
-1.40625e-16
-5.20627e-21
-1.38148e-16
-5.4194e-21
-1.35714e-16
-5.60252e-21
-1.33323e-16
-5.75583e-21
-1.30974e-16
-5.87972e-21
-1.28667e-16
-5.9748e-21
-1.264e-16
-6.04184e-21
-1.24173e-16
-6.08179e-21
-1.21986e-16
-6.09575e-21
-1.19837e-16
-6.08497e-21
-1.17725e-16
-6.05079e-21
-1.15651e-16
-5.99468e-21
-1.13614e-16
-5.91818e-21
-1.11612e-16
-5.82289e-21
-1.09646e-16
-5.71042e-21
-1.07715e-16
-5.58244e-21
-1.05817e-16
-5.4406e-21
-1.03953e-16
-5.28653e-21
-1.02122e-16
-5.12184e-21
-1.00322e-16
-4.94807e-21
-9.85551e-17
-4.76673e-21
-9.6819e-17
-4.57923e-21
-9.51134e-17
-4.38685e-21
-9.34378e-17
-4.19075e-21
-9.17918e-17
-4.01198e-21
-9.01748e-17
-6.6856e-12
-8.91563e-17
-1.58986e-07
-8.80199e-08
-3.97836e-05
1.84244e-07
-4.64101e-22
-1.7099e-16
-9.17004e-22
-1.67978e-16
-1.35615e-21
-1.65019e-16
-1.77925e-21
-1.62112e-16
-2.18433e-21
-1.59256e-16
-2.56962e-21
-1.56451e-16
-2.93363e-21
-1.53694e-16
-3.27508e-21
-1.50987e-16
-3.59292e-21
-1.48327e-16
-3.88631e-21
-1.45714e-16
-4.15464e-21
-1.43147e-16
-4.39748e-21
-1.40625e-16
-4.61461e-21
-1.38148e-16
-4.806e-21
-1.35714e-16
-4.9718e-21
-1.33323e-16
-5.11235e-21
-1.30974e-16
-5.22816e-21
-1.28667e-16
-5.31987e-21
-1.264e-16
-5.38829e-21
-1.24173e-16
-5.43433e-21
-1.21986e-16
-5.45905e-21
-1.19837e-16
-5.46357e-21
-1.17725e-16
-5.44907e-21
-1.15651e-16
-5.41683e-21
-1.13614e-16
-5.36813e-21
-1.11613e-16
-5.30426e-21
-1.09646e-16
-5.22652e-21
-1.07715e-16
-5.13619e-21
-1.05817e-16
-5.0345e-21
-1.03953e-16
-4.92265e-21
-1.02122e-16
-4.80177e-21
-1.00323e-16
-4.67293e-21
-9.85553e-17
-4.53718e-21
-9.68191e-17
-4.39547e-21
-9.51135e-17
-4.24878e-21
-9.3438e-17
-4.09805e-21
-9.1792e-17
-3.96972e-21
-9.01749e-17
-8.38771e-12
-8.93376e-17
-1.56053e-07
-1.07751e-07
-4.01575e-05
1.81698e-07
-4.10986e-22
-1.7099e-16
-8.12042e-22
-1.67978e-16
-1.20089e-21
-1.65019e-16
-1.57554e-21
-1.62112e-16
-1.93422e-21
-1.59256e-16
-2.27544e-21
-1.5645e-16
-2.59792e-21
-1.53694e-16
-2.90061e-21
-1.50987e-16
-3.18267e-21
-1.48327e-16
-3.44346e-21
-1.45714e-16
-3.68256e-21
-1.43147e-16
-3.89971e-21
-1.40625e-16
-4.09486e-21
-1.38147e-16
-4.26811e-21
-1.35714e-16
-4.41974e-21
-1.33323e-16
-4.55019e-21
-1.30974e-16
-4.66001e-21
-1.28667e-16
-4.7499e-21
-1.264e-16
-4.82068e-21
-1.24173e-16
-4.87324e-21
-1.21986e-16
-4.90856e-21
-1.19837e-16
-4.92767e-21
-1.17725e-16
-4.93166e-21
-1.15651e-16
-4.92161e-21
-1.13614e-16
-4.89861e-21
-1.11613e-16
-4.86373e-21
-1.09646e-16
-4.81799e-21
-1.07715e-16
-4.76235e-21
-1.05817e-16
-4.69769e-21
-1.03953e-16
-4.62481e-21
-1.02122e-16
-4.54441e-21
-1.00323e-16
-4.45707e-21
-9.85554e-17
-4.36332e-21
-9.68192e-17
-4.26356e-21
-9.51136e-17
-4.15815e-21
-9.34381e-17
-4.04742e-21
-9.17921e-17
-3.96503e-21
-9.01751e-17
-1.08082e-11
-8.95811e-17
-1.5261e-07
-1.32878e-07
-4.05217e-05
1.78188e-07
-3.6363e-22
-1.7099e-16
-7.18485e-22
-1.67977e-16
-1.06257e-21
-1.65018e-16
-1.39412e-21
-1.62111e-16
-1.71164e-21
-1.59255e-16
-2.01383e-21
-1.5645e-16
-2.29963e-21
-1.53694e-16
-2.56817e-21
-1.50986e-16
-2.8188e-21
-1.48326e-16
-3.05106e-21
-1.45713e-16
-3.26466e-21
-1.43146e-16
-3.45951e-21
-1.40625e-16
-3.63566e-21
-1.38147e-16
-3.79335e-21
-1.35713e-16
-3.93293e-21
-1.33323e-16
-4.05491e-21
-1.30974e-16
-4.15992e-21
-1.28667e-16
-4.24867e-21
-1.264e-16
-4.322e-21
-1.24173e-16
-4.38079e-21
-1.21986e-16
-4.426e-21
-1.19837e-16
-4.45861e-21
-1.17725e-16
-4.47963e-21
-1.15651e-16
-4.49006e-21
-1.13614e-16
-4.49087e-21
-1.11613e-16
-4.48298e-21
-1.09646e-16
-4.46724e-21
-1.07715e-16
-4.44441e-21
-1.05817e-16
-4.41513e-21
-1.03953e-16
-4.37987e-21
-1.02122e-16
-4.33896e-21
-1.00323e-16
-4.29255e-21
-9.85554e-17
-4.2406e-21
-9.68192e-17
-4.1829e-21
-9.51137e-17
-4.11906e-21
-9.34381e-17
-4.04863e-21
-9.17921e-17
-4.01577e-21
-9.01751e-17
-1.42897e-11
-8.99646e-17
-1.48787e-07
-1.67142e-07
-4.08754e-05
1.73905e-07
-3.21349e-22
-1.70989e-16
-6.34965e-22
-1.67977e-16
-9.39104e-22
-1.65018e-16
-1.23225e-21
-1.62111e-16
-1.51309e-21
-1.59255e-16
-1.78055e-21
-1.5645e-16
-2.03373e-21
-1.53694e-16
-2.27193e-21
-1.50986e-16
-2.49467e-21
-1.48326e-16
-2.7016e-21
-1.45713e-16
-2.89258e-21
-1.43146e-16
-3.06763e-21
-1.40624e-16
-3.22689e-21
-1.38147e-16
-3.37069e-21
-1.35713e-16
-3.49947e-21
-1.33322e-16
-3.61378e-21
-1.30974e-16
-3.7143e-21
-1.28666e-16
-3.80179e-21
-1.264e-16
-3.87711e-21
-1.24173e-16
-3.94116e-21
-1.21985e-16
-3.9949e-21
-1.19836e-16
-4.03934e-21
-1.17725e-16
-4.07546e-21
-1.15651e-16
-4.10428e-21
-1.13614e-16
-4.12676e-21
-1.11613e-16
-4.14381e-21
-1.09646e-16
-4.15627e-21
-1.07715e-16
-4.16486e-21
-1.05817e-16
-4.17016e-21
-1.03953e-16
-4.17256e-21
-1.02122e-16
-4.17222e-21
-1.00323e-16
-4.16901e-21
-9.85554e-17
-4.16247e-21
-9.68192e-17
-4.1517e-21
-9.51137e-17
-4.13534e-21
-9.34382e-17
-4.11144e-21
-9.17922e-17
-4.14098e-21
-9.01752e-17
-1.97679e-11
-9.05257e-17
-1.44893e-07
-2.1292e-07
-4.12181e-05
1.69227e-07
-2.83508e-22
-1.70989e-16
-5.60215e-22
-1.67977e-16
-8.28606e-22
-1.65018e-16
-1.08737e-21
-1.62111e-16
-1.33539e-21
-1.59255e-16
-1.57174e-21
-1.56449e-16
-1.79569e-21
-1.53693e-16
-2.00668e-21
-1.50986e-16
-2.20433e-21
-1.48326e-16
-2.38844e-21
-1.45713e-16
-2.55894e-21
-1.43146e-16
-2.71594e-21
-1.40624e-16
-2.85967e-21
-1.38147e-16
-2.99051e-21
-1.35713e-16
-3.10896e-21
-1.33322e-16
-3.21564e-21
-1.30974e-16
-3.31124e-21
-1.28666e-16
-3.3966e-21
-1.264e-16
-3.47257e-21
-1.24173e-16
-3.54013e-21
-1.21985e-16
-3.60028e-21
-1.19836e-16
-3.65405e-21
-1.17725e-16
-3.70253e-21
-1.15651e-16
-3.74681e-21
-1.13614e-16
-3.78794e-21
-1.11612e-16
-3.827e-21
-1.09646e-16
-3.865e-21
-1.07715e-16
-3.90287e-21
-1.05817e-16
-3.94145e-21
-1.03953e-16
-3.98144e-21
-1.02122e-16
-4.02333e-21
-1.00323e-16
-4.06735e-21
-9.85554e-17
-4.11333e-21
-9.68192e-17
-4.16058e-21
-9.51136e-17
-4.20766e-21
-9.34381e-17
-4.25214e-21
-9.17921e-17
-4.38414e-21
-9.01751e-17
-2.88274e-11
-9.14272e-17
-1.41398e-07
-2.78924e-07
-4.15508e-05
1.64745e-07
-2.49536e-22
-1.70989e-16
-4.93101e-22
-1.67977e-16
-7.29379e-22
-1.65018e-16
-9.57232e-22
-1.62111e-16
-1.1757e-21
-1.59255e-16
-1.38401e-21
-1.56449e-16
-1.58154e-21
-1.53693e-16
-1.76785e-21
-1.50986e-16
-1.94266e-21
-1.48326e-16
-2.10583e-21
-1.45713e-16
-2.25739e-21
-1.43146e-16
-2.39749e-21
-1.40624e-16
-2.52643e-21
-1.38147e-16
-2.64462e-21
-1.35713e-16
-2.75261e-21
-1.33322e-16
-2.85102e-21
-1.30974e-16
-2.94062e-21
-1.28666e-16
-3.02224e-21
-1.264e-16
-3.0968e-21
-1.24173e-16
-3.1653e-21
-1.21985e-16
-3.2288e-21
-1.19836e-16
-3.28841e-21
-1.17725e-16
-3.34532e-21
-1.15651e-16
-3.40074e-21
-1.13614e-16
-3.45593e-21
-1.11612e-16
-3.51217e-21
-1.09646e-16
-3.57079e-21
-1.07715e-16
-3.63316e-21
-1.05817e-16
-3.70064e-21
-1.03953e-16
-3.77466e-21
-1.02122e-16
-3.85664e-21
-1.00323e-16
-3.94805e-21
-9.85553e-17
-4.05031e-21
-9.68191e-17
-4.1648e-21
-9.51135e-17
-4.29277e-21
-9.3438e-17
-4.43516e-21
-9.1792e-17
-4.73982e-21
-9.0175e-17
-4.5196e-11
-9.29464e-17
-1.38993e-07
-3.75145e-07
-4.18757e-05
1.61132e-07
-2.18938e-22
-1.70989e-16
-4.3264e-22
-1.67976e-16
-6.39953e-22
-1.65017e-16
-8.39888e-22
-1.6211e-16
-1.03161e-21
-1.59255e-16
-1.21446e-21
-1.56449e-16
-1.38791e-21
-1.53693e-16
-1.55161e-21
-1.50985e-16
-1.70533e-21
-1.48326e-16
-1.849e-21
-1.45713e-16
-1.98269e-21
-1.43146e-16
-2.10658e-21
-1.40624e-16
-2.221e-21
-1.38147e-16
-2.32637e-21
-1.35713e-16
-2.42324e-21
-1.33322e-16
-2.51228e-21
-1.30973e-16
-2.59422e-21
-1.28666e-16
-2.66993e-21
-1.26399e-16
-2.74032e-21
-1.24173e-16
-2.80644e-21
-1.21985e-16
-2.86936e-21
-1.19836e-16
-2.93026e-21
-1.17725e-16
-2.9904e-21
-1.15651e-16
-3.05108e-21
-1.13614e-16
-3.11371e-21
-1.11612e-16
-3.17977e-21
-1.09646e-16
-3.25085e-21
-1.07715e-16
-3.32866e-21
-1.05817e-16
-3.41508e-21
-1.03953e-16
-3.51219e-21
-1.02122e-16
-3.62237e-21
-1.00322e-16
-3.74838e-21
-9.85552e-17
-3.89352e-21
-9.6819e-17
-4.06181e-21
-9.51133e-17
-4.25824e-21
-9.34378e-17
-4.48915e-21
-9.17917e-17
-4.99735e-21
-9.01747e-17
-7.1583e-11
-9.51875e-17
-1.38849e-07
-4.94092e-07
-4.21967e-05
1.58776e-07
-1.91296e-22
-1.70988e-16
-3.78001e-22
-1.67976e-16
-5.59097e-22
-1.65017e-16
-7.3371e-22
-1.6211e-16
-9.01109e-22
-1.59254e-16
-1.06071e-21
-1.56449e-16
-1.21206e-21
-1.53693e-16
-1.35485e-21
-1.50985e-16
-1.4889e-21
-1.48326e-16
-1.61417e-21
-1.45713e-16
-1.73073e-21
-1.43146e-16
-1.83878e-21
-1.40624e-16
-1.93862e-21
-1.38147e-16
-2.03069e-21
-1.35713e-16
-2.1155e-21
-1.33322e-16
-2.19368e-21
-1.30973e-16
-2.26597e-21
-1.28666e-16
-2.33318e-21
-1.26399e-16
-2.39622e-21
-1.24173e-16
-2.45609e-21
-1.21985e-16
-2.51388e-21
-1.19836e-16
-2.57075e-21
-1.17725e-16
-2.62794e-21
-1.15651e-16
-2.68678e-21
-1.13614e-16
-2.74869e-21
-1.11612e-16
-2.81516e-21
-1.09646e-16
-2.88781e-21
-1.07714e-16
-2.96837e-21
-1.05817e-16
-3.05872e-21
-1.03953e-16
-3.16098e-21
-1.02121e-16
-3.2775e-21
-1.00322e-16
-3.41109e-21
-9.8555e-17
-3.56505e-21
-9.68188e-17
-3.74348e-21
-9.51132e-17
-3.95157e-21
-9.34376e-17
-4.19599e-21
-9.17915e-17
-4.82014e-21
-9.01744e-17
-9.88804e-11
-9.75149e-17
-1.42488e-07
-5.97986e-07
-4.25194e-05
1.57688e-07
-1.66268e-22
-1.70988e-16
-3.28511e-22
-1.67976e-16
-4.85815e-22
-1.65017e-16
-6.37392e-22
-1.6211e-16
-7.82585e-22
-1.59254e-16
-9.20862e-22
-1.56449e-16
-1.05182e-21
-1.53693e-16
-1.17517e-21
-1.50985e-16
-1.29075e-21
-1.48325e-16
-1.39851e-21
-1.45712e-16
-1.49851e-21
-1.43145e-16
-1.59092e-21
-1.40624e-16
-1.67601e-21
-1.38146e-16
-1.75415e-21
-1.35713e-16
-1.82583e-21
-1.33322e-16
-1.89159e-21
-1.30973e-16
-1.9521e-21
-1.28666e-16
-2.00812e-21
-1.26399e-16
-2.06047e-21
-1.24173e-16
-2.11009e-21
-1.21985e-16
-2.15798e-21
-1.19836e-16
-2.20524e-21
-1.17725e-16
-2.25303e-21
-1.15651e-16
-2.30259e-21
-1.13614e-16
-2.35523e-21
-1.11612e-16
-2.41229e-21
-1.09646e-16
-2.47519e-21
-1.07714e-16
-2.54535e-21
-1.05817e-16
-2.62421e-21
-1.03953e-16
-2.71321e-21
-1.02121e-16
-2.81376e-21
-1.00322e-16
-2.92724e-21
-9.85549e-17
-3.05496e-21
-9.68187e-17
-3.19817e-21
-9.5113e-17
-3.358e-21
-9.34374e-17
-3.53544e-21
-9.17913e-17
-4.10773e-21
-9.01742e-17
-1.05308e-10
-9.87904e-17
-1.50837e-07
-6.45852e-07
-4.28504e-05
1.58076e-07
-1.43585e-22
-1.70988e-16
-2.83641e-22
-1.67976e-16
-4.1933e-22
-1.65017e-16
-5.49927e-22
-1.6211e-16
-6.74821e-22
-1.59254e-16
-7.93517e-22
-1.56449e-16
-9.05626e-22
-1.53693e-16
-1.01087e-21
-1.50985e-16
-1.10906e-21
-1.48325e-16
-1.20014e-21
-1.45712e-16
-1.28411e-21
-1.43145e-16
-1.36108e-21
-1.40624e-16
-1.43127e-21
-1.38146e-16
-1.49496e-21
-1.35713e-16
-1.55252e-21
-1.33322e-16
-1.60443e-21
-1.30973e-16
-1.65122e-21
-1.28666e-16
-1.69354e-21
-1.26399e-16
-1.73208e-21
-1.24173e-16
-1.76767e-21
-1.21985e-16
-1.80117e-21
-1.19836e-16
-1.83357e-21
-1.17725e-16
-1.86589e-21
-1.15651e-16
-1.89925e-21
-1.13614e-16
-1.93483e-21
-1.11612e-16
-1.97381e-21
-1.09646e-16
-2.01741e-21
-1.07714e-16
-2.06676e-21
-1.05817e-16
-2.1229e-21
-1.03953e-16
-2.18667e-21
-1.02121e-16
-2.25858e-21
-1.00322e-16
-2.33868e-21
-9.85548e-17
-2.42641e-21
-9.68186e-17
-2.52033e-21
-9.51129e-17
-2.61791e-21
-9.34373e-17
-2.71518e-21
-9.17912e-17
-3.12998e-21
-9.01741e-17
-8.5783e-11
-9.83688e-17
-1.63553e-07
-6.26329e-07
-4.31968e-05
1.60783e-07
-1.23042e-22
-1.70988e-16
-2.4299e-22
-1.67976e-16
-3.59058e-22
-1.65017e-16
-4.70565e-22
-1.6211e-16
-5.76932e-22
-1.59254e-16
-6.77674e-22
-1.56449e-16
-7.72405e-22
-1.53693e-16
-8.60826e-22
-1.50985e-16
-9.42728e-22
-1.48325e-16
-1.01799e-21
-1.45712e-16
-1.08655e-21
-1.43145e-16
-1.14845e-21
-1.40624e-16
-1.2038e-21
-1.38146e-16
-1.25276e-21
-1.35713e-16
-1.29558e-21
-1.33322e-16
-1.33259e-21
-1.30973e-16
-1.36417e-21
-1.28666e-16
-1.39079e-21
-1.26399e-16
-1.41298e-21
-1.24173e-16
-1.43136e-21
-1.21985e-16
-1.44665e-21
-1.19836e-16
-1.45963e-21
-1.17725e-16
-1.4712e-21
-1.15651e-16
-1.48234e-21
-1.13614e-16
-1.49414e-21
-1.11612e-16
-1.50775e-21
-1.09646e-16
-1.5244e-21
-1.07714e-16
-1.54532e-21
-1.05817e-16
-1.57168e-21
-1.03953e-16
-1.6045e-21
-1.02121e-16
-1.6445e-21
-1.00322e-16
-1.69189e-21
-9.85548e-17
-1.74616e-21
-9.68185e-17
-1.80573e-21
-9.51129e-17
-1.8677e-21
-9.34373e-17
-1.92747e-21
-9.17912e-17
-2.19724e-21
-9.01741e-17
-5.73295e-11
-9.64076e-17
-1.79758e-07
-5.50021e-07
-4.35657e-05
1.66775e-07
-1.04486e-22
-1.70988e-16
-2.06258e-22
-1.67976e-16
-3.04572e-22
-1.65017e-16
-3.98775e-22
-1.6211e-16
-4.88302e-22
-1.59254e-16
-5.72672e-22
-1.56448e-16
-6.51485e-22
-1.53692e-16
-7.24414e-22
-1.50985e-16
-7.91203e-22
-1.48325e-16
-8.51663e-22
-1.45712e-16
-9.05664e-22
-1.43145e-16
-9.53137e-22
-1.40624e-16
-9.94066e-22
-1.38146e-16
-1.02849e-21
-1.35713e-16
-1.05648e-21
-1.33322e-16
-1.07819e-21
-1.30973e-16
-1.0938e-21
-1.28666e-16
-1.10355e-21
-1.26399e-16
-1.10774e-21
-1.24173e-16
-1.10674e-21
-1.21985e-16
-1.10099e-21
-1.19836e-16
-1.09104e-21
-1.17725e-16
-1.07755e-21
-1.15651e-16
-1.0613e-21
-1.13614e-16
-1.04328e-21
-1.11612e-16
-1.02464e-21
-1.09646e-16
-1.00679e-21
-1.07714e-16
-9.91373e-22
-1.05817e-16
-9.80312e-22
-1.03953e-16
-9.75756e-22
-1.02121e-16
-9.8002e-22
-1.00322e-16
-9.95428e-22
-9.85548e-17
-1.02405e-21
-9.68185e-17
-1.06731e-21
-9.51128e-17
-1.12545e-21
-9.34372e-17
-1.19687e-21
-9.17911e-17
-1.39039e-21
-9.0174e-17
-3.23064e-11
-9.35589e-17
-1.98846e-07
-4.28522e-07
-4.39642e-05
1.76681e-07
-8.77988e-23
-1.70988e-16
-1.73222e-22
-1.67976e-16
-2.55557e-22
-1.65017e-16
-3.34171e-22
-1.6211e-16
-4.08509e-22
-1.59254e-16
-4.78087e-22
-1.56448e-16
-5.42483e-22
-1.53692e-16
-6.01338e-22
-1.50985e-16
-6.54345e-22
-1.48325e-16
-7.01246e-22
-1.45712e-16
-7.41823e-22
-1.43145e-16
-7.75899e-22
-1.40624e-16
-8.03327e-22
-1.38146e-16
-8.23989e-22
-1.35713e-16
-8.37792e-22
-1.33322e-16
-8.44665e-22
-1.30973e-16
-8.44555e-22
-1.28666e-16
-8.37433e-22
-1.26399e-16
-8.23292e-22
-1.24173e-16
-8.0216e-22
-1.21985e-16
-7.74106e-22
-1.19836e-16
-7.39266e-22
-1.17725e-16
-6.97871e-22
-1.15651e-16
-6.50289e-22
-1.13614e-16
-5.97094e-22
-1.11612e-16
-5.39147e-22
-1.09646e-16
-4.7771e-22
-1.07714e-16
-4.14602e-22
-1.05817e-16
-3.52376e-22
-1.03953e-16
-2.94533e-22
-1.02121e-16
-2.45742e-22
-1.00322e-16
-2.1202e-22
-9.85548e-17
-2.00786e-22
-9.68185e-17
-2.20633e-22
-9.51128e-17
-2.80609e-22
-9.34371e-17
-3.88678e-22
-9.1791e-17
-5.79888e-22
-9.01738e-17
-1.27733e-11
-9.08916e-17
-2.19793e-07
-2.66814e-07
-4.43978e-05
1.90122e-07
-7.28867e-23
-1.70988e-16
-1.43702e-22
-1.67976e-16
-2.11763e-22
-1.65016e-16
-2.76458e-22
-1.6211e-16
-3.37239e-22
-1.59254e-16
-3.9362e-22
-1.56448e-16
-4.45164e-22
-1.53692e-16
-4.91479e-22
-1.50985e-16
-5.32212e-22
-1.48325e-16
-5.67041e-22
-1.45712e-16
-5.95667e-22
-1.43145e-16
-6.17811e-22
-1.40624e-16
-6.33203e-22
-1.38146e-16
-6.41577e-22
-1.35713e-16
-6.42664e-22
-1.33322e-16
-6.36184e-22
-1.30973e-16
-6.21841e-22
-1.28666e-16
-5.99313e-22
-1.26399e-16
-5.68251e-22
-1.24173e-16
-5.28274e-22
-1.21985e-16
-4.78966e-22
-1.19836e-16
-4.19884e-22
-1.17725e-16
-3.5057e-22
-1.15651e-16
-2.70575e-22
-1.13614e-16
-1.79513e-22
-1.11612e-16
-7.71408e-23
-1.09646e-16
3.6504e-23
-1.07715e-16
1.60881e-22
-1.05817e-16
2.94606e-22
-1.03953e-16
4.34926e-22
-1.02121e-16
5.76947e-22
-1.00322e-16
7.1253e-22
-9.85549e-17
8.28793e-22
-9.68186e-17
9.06237e-22
-9.51129e-17
9.16748e-22
-9.34371e-17
8.2224e-22
-9.17909e-17
5.75857e-22
-9.01736e-17
1.32788e-22
-8.93871e-17
-2.30564e-07
-7.21981e-08
-4.48494e-05
1.96776e-07
-5.96601e-23
-1.70988e-16
-1.17528e-22
-1.67975e-16
-1.72954e-22
-1.65016e-16
-2.25352e-22
-1.62109e-16
-2.74191e-22
-1.59254e-16
-3.18988e-22
-1.56448e-16
-3.59299e-22
-1.53692e-16
-3.94713e-22
-1.50985e-16
-4.24843e-22
-1.48325e-16
-4.49319e-22
-1.45712e-16
-4.67781e-22
-1.43145e-16
-4.79869e-22
-1.40624e-16
-4.85217e-22
-1.38146e-16
-4.8344e-22
-1.35713e-16
-4.74127e-22
-1.33322e-16
-4.56828e-22
-1.30973e-16
-4.3104e-22
-1.28666e-16
-3.96196e-22
-1.26399e-16
-3.51641e-22
-1.24173e-16
-2.96616e-22
-1.21985e-16
-2.30233e-22
-1.19836e-16
-1.5144e-22
-1.17725e-16
-5.89894e-23
-1.15651e-16
4.86113e-23
-1.13614e-16
1.73147e-22
-1.11612e-16
3.16758e-22
-1.09646e-16
4.81989e-22
-1.07715e-16
6.71836e-22
-1.05817e-16
8.8972e-22
-1.03953e-16
1.13933e-21
-1.02122e-16
1.42413e-21
-1.00323e-16
1.74624e-21
-9.85553e-17
2.10401e-21
-9.6819e-17
2.48698e-21
-9.51133e-17
2.86601e-21
-9.34375e-17
3.17427e-21
-9.17912e-17
3.27115e-21
-9.01737e-17
2.90116e-21
-8.85843e-17
-7.47451e-08
-8.70224e-17
-8.54709e-17
6.1015e-08
-4.80212e-23
-1.70988e-16
-9.45105e-23
-1.67975e-16
-1.38862e-22
-1.65016e-16
-1.80527e-22
-1.62109e-16
-2.18999e-22
-1.59254e-16
-2.53814e-22
-1.56448e-16
-2.84535e-22
-1.53692e-16
-3.10749e-22
-1.50985e-16
-3.32056e-22
-1.48325e-16
-3.48064e-22
-1.45712e-16
-3.58379e-22
-1.43145e-16
-3.62598e-22
-1.40624e-16
-3.60299e-22
-1.38146e-16
-3.51031e-22
-1.35713e-16
-3.34303e-22
-1.33322e-16
-3.0957e-22
-1.30973e-16
-2.76218e-22
-1.28666e-16
-2.33545e-22
-1.26399e-16
-1.80738e-22
-1.24173e-16
-1.16839e-22
-1.21985e-16
-4.07121e-23
-1.19836e-16
4.90188e-23
-1.17725e-16
1.54038e-22
-1.15651e-16
2.76444e-22
-1.13614e-16
4.189e-22
-1.11613e-16
5.8486e-22
-1.09646e-16
7.78908e-22
-1.07715e-16
1.00729e-21
-1.05817e-16
1.27877e-21
-1.03953e-16
1.60601e-21
-1.02122e-16
2.00791e-21
-1.00323e-16
2.51352e-21
-9.85558e-17
3.16879e-21
-9.68196e-17
4.04821e-21
-9.51141e-17
5.27507e-21
-9.34388e-17
7.05687e-21
-9.1793e-17
9.74717e-21
-9.01764e-17
1.39533e-20
-8.85885e-17
1.09608e-20
-8.70292e-17
-8.54971e-17
3.0011e-22
-3.78516e-23
-1.70988e-16
-7.44192e-23
-1.67975e-16
-1.09155e-22
-1.65016e-16
-1.41558e-22
-1.62109e-16
-1.71165e-22
-1.59254e-16
-1.97545e-22
-1.56448e-16
-2.20286e-22
-1.53692e-16
-2.38995e-22
-1.50985e-16
-2.53284e-22
-1.48325e-16
-2.62767e-22
-1.45712e-16
-2.67051e-22
-1.43145e-16
-2.65732e-22
-1.40624e-16
-2.58382e-22
-1.38146e-16
-2.44543e-22
-1.35713e-16
-2.2372e-22
-1.33322e-16
-1.95366e-22
-1.30973e-16
-1.58875e-22
-1.28666e-16
-1.13563e-22
-1.26399e-16
-5.86559e-23
-1.24173e-16
6.73644e-24
-1.21985e-16
8.36416e-23
-1.19836e-16
1.73259e-22
-1.17725e-16
2.77001e-22
-1.15652e-16
3.96544e-22
-1.13614e-16
5.33888e-22
-1.11613e-16
6.91435e-22
-1.09647e-16
8.72071e-22
-1.07715e-16
1.07923e-21
-1.05818e-16
1.31696e-21
-1.03953e-16
1.58977e-21
-1.02122e-16
1.90236e-21
-1.00323e-16
2.25854e-21
-9.85561e-17
2.65914e-21
-9.682e-17
3.09722e-21
-9.51146e-17
3.54877e-21
-9.34392e-17
3.95434e-21
-9.17934e-17
4.18401e-21
-9.01766e-17
3.97201e-21
-8.85883e-17
2.79626e-21
-8.7028e-17
-8.54951e-17
8.40672e-22
-2.90041e-23
-1.70987e-16
-5.69641e-23
-1.67975e-16
-8.34046e-23
-1.65016e-16
-1.0789e-22
-1.62109e-16
-1.30013e-22
-1.59254e-16
-1.49394e-22
-1.56448e-16
-1.65667e-22
-1.53692e-16
-1.78477e-22
-1.50985e-16
-1.87475e-22
-1.48325e-16
-1.92308e-22
-1.45712e-16
-1.92619e-22
-1.43145e-16
-1.88039e-22
-1.40624e-16
-1.78179e-22
-1.38146e-16
-1.62632e-22
-1.35713e-16
-1.40959e-22
-1.33322e-16
-1.12693e-22
-1.30973e-16
-7.73285e-23
-1.28666e-16
-3.43217e-23
-1.26399e-16
1.69155e-23
-1.24173e-16
7.70154e-23
-1.21985e-16
1.46654e-22
-1.19836e-16
2.26547e-22
-1.17725e-16
3.17435e-22
-1.15652e-16
4.20067e-22
-1.13614e-16
5.35153e-22
-1.11613e-16
6.63298e-22
-1.09647e-16
8.04881e-22
-1.07715e-16
9.5987e-22
-1.05818e-16
1.12752e-21
-1.03954e-16
1.3059e-21
-1.02122e-16
1.49123e-21
-1.00324e-16
1.67686e-21
-9.85563e-17
1.85189e-21
-9.68202e-17
1.99953e-21
-9.51147e-17
2.09531e-21
-9.34393e-17
2.10594e-21
-9.17934e-17
1.99094e-21
-9.01765e-17
1.71086e-21
-8.85881e-17
1.25094e-21
-8.70276e-17
-8.54946e-17
6.76872e-22
-2.12984e-23
-1.70987e-16
-4.1788e-23
-1.67975e-16
-6.10808e-23
-1.65016e-16
-7.88198e-23
-1.62109e-16
-9.4672e-23
-1.59254e-16
-1.08322e-22
-1.56448e-16
-1.19468e-22
-1.53692e-16
-1.27813e-22
-1.50985e-16
-1.33067e-22
-1.48325e-16
-1.34935e-22
-1.45712e-16
-1.33121e-22
-1.43145e-16
-1.27318e-22
-1.40624e-16
-1.17212e-22
-1.38146e-16
-1.02476e-22
-1.35713e-16
-8.27714e-23
-1.33322e-16
-5.7748e-23
-1.30973e-16
-2.70476e-23
-1.28666e-16
9.6918e-24
-1.264e-16
5.28269e-23
-1.24173e-16
1.02697e-22
-1.21985e-16
1.59605e-22
-1.19837e-16
2.2379e-22
-1.17726e-16
2.95392e-22
-1.15652e-16
3.74402e-22
-1.13614e-16
4.60587e-22
-1.11613e-16
5.53404e-22
-1.09647e-16
6.51876e-22
-1.07715e-16
7.54437e-22
-1.05818e-16
8.58745e-22
-1.03954e-16
9.61457e-22
-1.02123e-16
1.058e-21
-1.00324e-16
1.14236e-21
-9.85564e-17
1.20698e-21
-9.68203e-17
1.24292e-21
-9.51148e-17
1.24035e-21
-9.34393e-17
1.1899e-21
-9.17933e-17
1.08478e-21
-9.01764e-17
9.2406e-22
-8.85879e-17
7.16399e-22
-8.70274e-17
-8.54943e-17
4.82178e-22
-1.45217e-23
-1.70987e-16
-2.8467e-23
-1.67975e-16
-4.15486e-23
-1.65016e-16
-5.35015e-23
-1.62109e-16
-6.40779e-23
-1.59254e-16
-7.3043e-23
-1.56448e-16
-8.01705e-23
-1.53692e-16
-8.52395e-23
-1.50985e-16
-8.80314e-23
-1.48325e-16
-8.83277e-23
-1.45712e-16
-8.59079e-23
-1.43145e-16
-8.05481e-23
-1.40624e-16
-7.20212e-23
-1.38146e-16
-6.0097e-23
-1.35713e-16
-4.45448e-23
-1.33322e-16
-2.51371e-23
-1.30973e-16
-1.6554e-24
-1.28666e-16
2.61004e-23
-1.264e-16
5.82998e-23
-1.24173e-16
9.50652e-23
-1.21985e-16
1.3645e-22
-1.19837e-16
1.82409e-22
-1.17726e-16
2.32767e-22
-1.15652e-16
2.87173e-22
-1.13614e-16
3.4505e-22
-1.11613e-16
4.05539e-22
-1.09647e-16
4.67437e-22
-1.07715e-16
5.29137e-22
-1.05818e-16
5.88572e-22
-1.03954e-16
6.43193e-22
-1.02123e-16
6.89975e-22
-1.00324e-16
7.25504e-22
-9.85564e-17
7.46149e-22
-9.68203e-17
7.48378e-22
-9.51148e-17
7.29205e-22
-9.34393e-17
6.86783e-22
-9.17933e-17
6.2107e-22
-9.01763e-17
5.344e-22
-8.85878e-17
4.31719e-22
-8.70273e-17
-8.54942e-17
3.20137e-22
-8.43163e-24
-1.70987e-16
-1.65179e-23
-1.67975e-16
-2.40821e-23
-1.65016e-16
-3.09612e-23
-1.62109e-16
-3.70026e-23
-1.59254e-16
-4.20613e-23
-1.56448e-16
-4.59976e-23
-1.53692e-16
-4.86752e-23
-1.50985e-16
-4.99594e-23
-1.48325e-16
-4.97159e-23
-1.45712e-16
-4.781e-23
-1.43145e-16
-4.41067e-23
-1.40624e-16
-3.84705e-23
-1.38146e-16
-3.07674e-23
-1.35713e-16
-2.08669e-23
-1.33322e-16
-8.64613e-24
-1.30973e-16
6.00487e-24
-1.28666e-16
2.31756e-23
-1.264e-16
4.29251e-23
-1.24173e-16
6.52694e-23
-1.21986e-16
9.01661e-23
-1.19837e-16
1.17495e-22
-1.17726e-16
1.47039e-22
-1.15652e-16
1.78455e-22
-1.13614e-16
2.11256e-22
-1.11613e-16
2.44783e-22
-1.09647e-16
2.78187e-22
-1.07715e-16
3.10418e-22
-1.05818e-16
3.40233e-22
-1.03954e-16
3.66218e-22
-1.02123e-16
3.86845e-22
-1.00324e-16
4.00561e-22
-9.85564e-17
4.05914e-22
-9.68203e-17
4.01716e-22
-9.51148e-17
3.87224e-22
-9.34393e-17
3.62322e-22
-9.17933e-17
3.27656e-22
-9.01763e-17
2.84682e-22
-8.85878e-17
2.35581e-22
-8.70272e-17
-8.54942e-17
1.83021e-22
-2.76315e-24
-5.41125e-24
-7.88468e-24
-1.01284e-23
-1.20908e-23
-1.3723e-23
-1.49778e-23
-1.58091e-23
-1.61713e-23
-1.60194e-23
-1.53082e-23
-1.39926e-23
-1.20278e-23
-9.37015e-24
-5.97786e-24
-1.81273e-24
3.15779e-24
8.9577e-24
1.55988e-23
2.30762e-23
3.13626e-23
4.04023e-23
5.01043e-23
6.03347e-23
7.09103e-23
8.15929e-23
9.20865e-23
1.02038e-22
1.11045e-22
1.18668e-22
1.24456e-22
1.27975e-22
1.28852e-22
1.26815e-22
1.21742e-22
1.13691e-22
1.02922e-22
8.98898e-23
7.5206e-23
5.95758e-23
2.89337e-05
-3.62896e-05
3.8959e-05
-1.01476e-05
3.87891e-05
-5.80479e-12
3.85565e-05
-6.35995e-14
3.82232e-05
-7.08477e-14
3.76761e-05
-7.8556e-14
3.60753e-05
-8.67867e-14
7.15446e-07
-9.56931e-14
2.45152e-15
-9.82169e-14
3.10746e-16
-1.00037e-13
2.42028e-16
-1.01866e-13
1.94611e-16
-1.03715e-13
1.60801e-16
-1.0559e-13
1.3589e-16
-1.07493e-13
1.16948e-16
-1.09427e-13
1.02118e-16
-1.11393e-13
9.01935e-17
-1.13394e-13
8.03773e-17
-1.1543e-13
7.21272e-17
-1.17501e-13
6.50664e-17
-1.1961e-13
5.89268e-17
-1.21756e-13
5.35133e-17
-1.2394e-13
4.86809e-17
-1.26163e-13
4.43193e-17
-1.28426e-13
4.03435e-17
-1.30729e-13
3.66864e-17
-1.33074e-13
3.32945e-17
-1.3546e-13
3.01241e-17
-1.3789e-13
2.71391e-17
-1.40362e-13
2.43092e-17
-1.4288e-13
2.16085e-17
-1.45442e-13
1.90145e-17
-1.4805e-13
1.65074e-17
-1.50705e-13
1.40691e-17
-1.53408e-13
1.16831e-17
-1.56159e-13
9.33375e-18
-1.58959e-13
7.00601e-18
-1.61809e-13
4.68481e-18
-1.64711e-13
2.35484e-18
-1.67665e-13
-1.70671e-13
1.16812e-05
-4.83154e-05
1.7647e-07
-2.09797e-06
3.49901e-15
-1.18835e-13
6.01094e-18
-8.998e-14
-2.11937e-17
-9.1594e-14
-5.09219e-17
-9.32336e-14
-8.62725e-17
-9.48985e-14
-3.69125e-17
-9.65872e-14
5.72161e-17
-9.83114e-14
9.89446e-17
-1.00078e-13
1.13719e-16
-1.01881e-13
1.15156e-16
-1.03717e-13
1.10377e-16
-1.05585e-13
1.03035e-16
-1.07485e-13
9.49482e-17
-1.09419e-13
8.69778e-17
-1.11385e-13
7.94954e-17
-1.13386e-13
7.26273e-17
-1.15423e-13
6.63829e-17
-1.17495e-13
6.07201e-17
-1.19604e-13
5.55775e-17
-1.2175e-13
5.08904e-17
-1.23935e-13
4.6598e-17
-1.26159e-13
4.26452e-17
-1.28422e-13
3.89842e-17
-1.30725e-13
3.55734e-17
-1.3307e-13
3.23769e-17
-1.35457e-13
2.93635e-17
-1.37887e-13
2.65065e-17
-1.4036e-13
2.37822e-17
-1.42877e-13
2.11697e-17
-1.45439e-13
1.86503e-17
-1.48048e-13
1.62071e-17
-1.50703e-13
1.38244e-17
-1.53405e-13
1.14876e-17
-1.56156e-13
9.18248e-18
-1.58957e-13
6.89527e-18
-1.61807e-13
4.61211e-18
-1.64709e-13
2.3187e-18
-1.67662e-13
-1.70669e-13
5.00966e-07
-4.85581e-05
3.49667e-10
-1.78717e-06
7.31152e-18
-1.13823e-13
2.47496e-18
-8.9977e-14
-1.38207e-18
-9.15901e-14
-3.65626e-18
-9.32314e-14
-9.44006e-19
-9.49012e-14
1.25864e-17
-9.66008e-14
3.29903e-17
-9.83318e-14
5.0626e-17
-1.00096e-13
6.29027e-17
-1.01893e-13
7.00385e-17
-1.03724e-13
7.31291e-17
-1.05588e-13
7.33507e-17
-1.07486e-13
7.1683e-17
-1.09417e-13
6.88555e-17
-1.11383e-13
6.53759e-17
-1.13383e-13
6.1581e-17
-1.15419e-13
5.76851e-17
-1.17491e-13
5.38187e-17
-1.196e-13
5.00564e-17
-1.21747e-13
4.64374e-17
-1.23931e-13
4.29781e-17
-1.26155e-13
3.96812e-17
-1.28418e-13
3.65415e-17
-1.30722e-13
3.35491e-17
-1.33067e-13
3.06916e-17
-1.35454e-13
2.79558e-17
-1.37884e-13
2.53282e-17
-1.40357e-13
2.27954e-17
-1.42874e-13
2.03445e-17
-1.45437e-13
1.79631e-17
-1.48045e-13
1.5639e-17
-1.507e-13
1.33605e-17
-1.53403e-13
1.11163e-17
-1.56154e-13
8.89472e-18
-1.58954e-13
6.68443e-18
-1.61805e-13
4.47357e-18
-1.64707e-13
2.24981e-18
-1.6766e-13
-1.70667e-13
1.59088e-07
-4.84818e-05
1.08296e-10
-1.65593e-06
4.69952e-18
-1.11697e-13
5.0877e-18
-8.99785e-14
6.78938e-18
-9.15918e-14
9.42407e-18
-9.3234e-14
1.37088e-17
-9.49055e-14
2.00897e-17
-9.66072e-14
2.79204e-17
-9.83397e-14
3.57838e-17
-1.00104e-13
4.26064e-17
-1.019e-13
4.78477e-17
-1.03729e-13
5.13864e-17
-1.05592e-13
5.33535e-17
-1.07488e-13
5.3998e-17
-1.09418e-13
5.35994e-17
-1.11382e-13
5.24194e-17
-1.13382e-13
5.06809e-17
-1.15417e-13
4.85622e-17
-1.17489e-13
4.61999e-17
-1.19598e-13
4.36948e-17
-1.21744e-13
4.11194e-17
-1.23929e-13
3.85238e-17
-1.26152e-13
3.59417e-17
-1.28416e-13
3.33944e-17
-1.3072e-13
3.08947e-17
-1.33065e-13
2.84489e-17
-1.35452e-13
2.60589e-17
-1.37881e-13
2.37236e-17
-1.40355e-13
2.14397e-17
-1.42872e-13
1.92024e-17
-1.45435e-13
1.70058e-17
-1.48043e-13
1.48435e-17
-1.50698e-13
1.27081e-17
-1.53401e-13
1.05921e-17
-1.56152e-13
8.4874e-18
-1.58952e-13
6.38532e-18
-1.61803e-13
4.27674e-18
-1.64704e-13
2.15184e-18
-1.67658e-13
-1.70664e-13
9.37296e-08
-4.83579e-05
5.87408e-11
-1.54944e-06
4.49438e-18
-1.0959e-13
5.97226e-18
-8.99809e-14
8.60169e-18
-9.15945e-14
1.1605e-17
-9.3237e-14
1.51104e-17
-9.4909e-14
1.9135e-17
-9.66112e-14
2.35092e-17
-9.8344e-14
2.79129e-17
-1.00108e-13
3.20078e-17
-1.01904e-13
3.55278e-17
-1.03733e-13
3.8313e-17
-1.05594e-13
4.03046e-17
-1.0749e-13
4.15215e-17
-1.09419e-13
4.20328e-17
-1.11383e-13
4.19343e-17
-1.13382e-13
4.13299e-17
-1.15417e-13
4.03201e-17
-1.17488e-13
3.89959e-17
-1.19596e-13
3.74349e-17
-1.21743e-13
3.57013e-17
-1.23927e-13
3.38466e-17
-1.26151e-13
3.19109e-17
-1.28414e-13
2.99247e-17
-1.30718e-13
2.79106e-17
-1.33063e-13
2.58848e-17
-1.3545e-13
2.38585e-17
-1.37879e-13
2.1839e-17
-1.40353e-13
1.98303e-17
-1.4287e-13
1.7834e-17
-1.45433e-13
1.585e-17
-1.48041e-13
1.38766e-17
-1.50696e-13
1.19108e-17
-1.53399e-13
9.94867e-18
-1.5615e-13
7.98551e-18
-1.5895e-13
6.01572e-18
-1.61801e-13
4.03303e-18
-1.64702e-13
2.0304e-18
-1.67656e-13
-1.70662e-13
7.08025e-08
-4.8222e-05
3.92399e-11
-1.45561e-06
3.99685e-18
-1.07592e-13
5.61803e-18
-8.99833e-14
8.11154e-18
-9.1597e-14
1.07389e-17
-9.32396e-14
1.35161e-17
-9.49118e-14
1.64238e-17
-9.66141e-14
1.93967e-17
-9.8347e-14
2.23297e-17
-1.00111e-13
2.51001e-17
-1.01907e-13
2.75917e-17
-1.03735e-13
2.97123e-17
-1.05597e-13
3.14026e-17
-1.07491e-13
3.26364e-17
-1.0942e-13
3.34168e-17
-1.11383e-13
3.37681e-17
-1.13382e-13
3.37296e-17
-1.15417e-13
3.33479e-17
-1.17488e-13
3.26726e-17
-1.19596e-13
3.17517e-17
-1.21742e-13
3.06299e-17
-1.23926e-13
2.93469e-17
-1.26149e-13
2.79368e-17
-1.28413e-13
2.64282e-17
-1.30716e-13
2.48447e-17
-1.33061e-13
2.32052e-17
-1.35448e-13
2.15243e-17
-1.37878e-13
1.98133e-17
-1.40351e-13
1.80804e-17
-1.42868e-13
1.63313e-17
-1.45431e-13
1.45698e-17
-1.48039e-13
1.27977e-17
-1.50694e-13
1.10155e-17
-1.53397e-13
9.22245e-18
-1.56148e-13
7.41669e-18
-1.58949e-13
5.5955e-18
-1.61799e-13
3.7553e-18
-1.64701e-13
1.8918e-18
-1.67654e-13
-1.70661e-13
5.95371e-08
-4.80823e-05
2.88345e-11
-1.37194e-06
3.36544e-18
-1.05762e-13
4.85735e-18
-8.99854e-14
6.99328e-18
-9.15991e-14
9.17395e-18
-9.32418e-14
1.13926e-17
-9.4914e-14
1.36302e-17
-9.66163e-14
1.58534e-17
-9.83492e-14
1.80156e-17
-1.00113e-13
2.00627e-17
-1.01909e-13
2.19391e-17
-1.03737e-13
2.3595e-17
-1.05598e-13
2.49909e-17
-1.07493e-13
2.61006e-17
-1.09421e-13
2.69116e-17
-1.11384e-13
2.74243e-17
-1.13383e-13
2.76491e-17
-1.15417e-13
2.76046e-17
-1.17488e-13
2.73142e-17
-1.19595e-13
2.68043e-17
-1.21741e-13
2.61021e-17
-1.23925e-13
2.5234e-17
-1.26148e-13
2.42249e-17
-1.28412e-13
2.30974e-17
-1.30715e-13
2.18714e-17
-1.3306e-13
2.05641e-17
-1.35447e-13
1.919e-17
-1.37876e-13
1.77611e-17
-1.40349e-13
1.62872e-17
-1.42867e-13
1.47758e-17
-1.45429e-13
1.32328e-17
-1.48038e-13
1.16624e-17
-1.50693e-13
1.00672e-17
-1.53395e-13
8.44903e-18
-1.56147e-13
6.80822e-18
-1.58947e-13
5.14442e-18
-1.61797e-13
3.45644e-18
-1.64699e-13
1.74243e-18
-1.67652e-13
-1.70659e-13
5.29513e-08
-4.79409e-05
2.15793e-11
-1.29527e-06
2.7556e-18
-1.04234e-13
4.05615e-18
-8.99871e-14
5.82969e-18
-9.16009e-14
7.61649e-18
-9.32436e-14
9.40593e-18
-9.49158e-14
1.11826e-17
-9.66181e-14
1.29257e-17
-9.8351e-14
1.46097e-17
-1.00115e-13
1.62056e-17
-1.01911e-13
1.76831e-17
-1.03739e-13
1.90136e-17
-1.05599e-13
2.01717e-17
-1.07494e-13
2.11377e-17
-1.09422e-13
2.18981e-17
-1.11385e-13
2.24465e-17
-1.13383e-13
2.27823e-17
-1.15417e-13
2.29108e-17
-1.17488e-13
2.28417e-17
-1.19595e-13
2.25878e-17
-1.21741e-13
2.21642e-17
-1.23925e-13
2.15872e-17
-1.26148e-13
2.08729e-17
-1.28411e-13
2.00376e-17
-1.30714e-13
1.90962e-17
-1.33059e-13
1.80626e-17
-1.35446e-13
1.69493e-17
-1.37875e-13
1.57673e-17
-1.40348e-13
1.45258e-17
-1.42866e-13
1.3233e-17
-1.45428e-13
1.18952e-17
-1.48036e-13
1.05179e-17
-1.50691e-13
9.10516e-18
-1.53394e-13
7.66003e-18
-1.56145e-13
6.1847e-18
-1.58945e-13
4.68056e-18
-1.61796e-13
3.14833e-18
-1.64697e-13
1.58821e-18
-1.67651e-13
-1.70657e-13
4.86615e-08
-4.77979e-05
1.586e-11
-1.22303e-06
2.2262e-18
-1.0293e-13
3.33695e-18
-8.99886e-14
4.7967e-18
-9.16023e-14
6.25894e-18
-9.32451e-14
7.71375e-18
-9.49173e-14
9.14907e-18
-9.66195e-14
1.05505e-17
-9.83524e-14
1.19018e-17
-1.00116e-13
1.31848e-17
-1.01912e-13
1.43811e-17
-1.0374e-13
1.54724e-17
-1.05601e-13
1.64418e-17
-1.07495e-13
1.72751e-17
-1.09423e-13
1.79608e-17
-1.11386e-13
1.84912e-17
-1.13384e-13
1.88624e-17
-1.15418e-13
1.90737e-17
-1.17488e-13
1.91278e-17
-1.19595e-13
1.90302e-17
-1.21741e-13
1.87884e-17
-1.23925e-13
1.84114e-17
-1.26147e-13
1.79094e-17
-1.2841e-13
1.72929e-17
-1.30714e-13
1.65725e-17
-1.33058e-13
1.57585e-17
-1.35445e-13
1.48606e-17
-1.37874e-13
1.38881e-17
-1.40347e-13
1.2849e-17
-1.42865e-13
1.17507e-17
-1.45427e-13
1.05997e-17
-1.48035e-13
9.4015e-18
-1.5069e-13
8.16076e-18
-1.53393e-13
6.88142e-18
-1.56144e-13
5.5667e-18
-1.58944e-13
4.21923e-18
-1.61794e-13
2.84114e-18
-1.64696e-13
1.4342e-18
-1.67649e-13
-1.70656e-13
4.56266e-08
-4.76532e-05
1.14954e-11
-1.15412e-06
1.78977e-18
-1.01688e-13
2.73049e-18
-8.99898e-14
3.93066e-18
-9.16035e-14
5.13016e-18
-9.32463e-14
6.32071e-18
-9.49185e-14
7.49288e-18
-9.66207e-14
8.63613e-18
-9.83535e-14
9.73895e-18
-1.00117e-13
1.0789e-17
-1.01913e-13
1.17738e-17
-1.03741e-13
1.26807e-17
-1.05601e-13
1.34979e-17
-1.07496e-13
1.42147e-17
-1.09424e-13
1.4822e-17
-1.11386e-13
1.53126e-17
-1.13384e-13
1.56815e-17
-1.15418e-13
1.59259e-17
-1.17488e-13
1.60453e-17
-1.19596e-13
1.60409e-17
-1.21741e-13
1.59161e-17
-1.23924e-13
1.56753e-17
-1.26147e-13
1.53243e-17
-1.2841e-13
1.48696e-17
-1.30713e-13
1.43182e-17
-1.33058e-13
1.36774e-17
-1.35444e-13
1.29544e-17
-1.37874e-13
1.21562e-17
-1.40347e-13
1.12896e-17
-1.42864e-13
1.03609e-17
-1.45426e-13
9.37592e-18
-1.48034e-13
8.33984e-18
-1.50689e-13
7.25745e-18
-1.53392e-13
6.13297e-18
-1.56143e-13
4.97018e-18
-1.58943e-13
3.77248e-18
-1.61793e-13
2.54295e-18
-1.64695e-13
1.2845e-18
-1.67648e-13
-1.70654e-13
4.33622e-08
-4.75067e-05
8.20861e-12
-1.08777e-06
1.43586e-18
-1.00572e-13
2.23204e-18
-8.99908e-14
3.2209e-18
-9.16045e-14
4.20858e-18
-9.32472e-14
5.18839e-18
-9.49194e-14
6.15293e-18
-9.66217e-14
7.09422e-18
-9.83545e-14
8.0037e-18
-1.00118e-13
8.87242e-18
-1.01914e-13
9.69122e-18
-1.03742e-13
1.0451e-17
-1.05602e-13
1.11429e-17
-1.07496e-13
1.17587e-17
-1.09424e-13
1.22912e-17
-1.11387e-13
1.2734e-17
-1.13385e-13
1.30824e-17
-1.15418e-13
1.33327e-17
-1.17488e-13
1.34829e-17
-1.19596e-13
1.35323e-17
-1.21741e-13
1.34816e-17
-1.23924e-13
1.33327e-17
-1.26147e-13
1.30885e-17
-1.2841e-13
1.27527e-17
-1.30713e-13
1.23296e-17
-1.33057e-13
1.18242e-17
-1.35444e-13
1.12415e-17
-1.37873e-13
1.05868e-17
-1.40346e-13
9.86524e-18
-1.42863e-13
9.08209e-18
-1.45425e-13
8.24225e-18
-1.48033e-13
7.35044e-18
-1.50688e-13
6.41113e-18
-1.53391e-13
5.42852e-18
-1.56142e-13
4.40659e-18
-1.58942e-13
3.34911e-18
-1.61792e-13
2.25974e-18
-1.64694e-13
1.14212e-18
-1.67647e-13
-1.70653e-13
4.1635e-08
-4.73586e-05
5.7297e-12
-1.02332e-06
1.15212e-18
-9.95375e-14
1.8265e-18
-8.99916e-14
2.64428e-18
-9.16053e-14
3.46106e-18
-9.32481e-14
4.2715e-18
-9.49203e-14
5.06983e-18
-9.66225e-14
5.84986e-18
-9.83552e-14
6.60507e-18
-1.00119e-13
7.32866e-18
-1.01915e-13
8.0137e-18
-1.03742e-13
8.65325e-18
-1.05603e-13
9.24051e-18
-1.07497e-13
9.76905e-18
-1.09425e-13
1.02329e-17
-1.11387e-13
1.06268e-17
-1.13385e-13
1.09462e-17
-1.15419e-13
1.11876e-17
-1.17489e-13
1.13482e-17
-1.19596e-13
1.14265e-17
-1.21741e-13
1.14219e-17
-1.23924e-13
1.13345e-17
-1.26147e-13
1.11655e-17
-1.2841e-13
1.09168e-17
-1.30713e-13
1.05909e-17
-1.33057e-13
1.01909e-17
-1.35443e-13
9.72017e-18
-1.37873e-13
9.18256e-18
-1.40345e-13
8.58198e-18
-1.42862e-13
7.92248e-18
-1.45425e-13
7.20816e-18
-1.48033e-13
6.44309e-18
-1.50688e-13
5.63129e-18
-1.5339e-13
4.77673e-18
-1.56141e-13
3.88332e-18
-1.58941e-13
2.95495e-18
-1.61791e-13
1.99554e-18
-1.64693e-13
1.00913e-18
-1.67646e-13
-1.70652e-13
4.03164e-08
-4.72091e-05
3.94152e-12
-9.60473e-07
9.27089e-19
-9.85961e-14
1.49911e-18
-8.99922e-14
2.17804e-18
-9.1606e-14
2.85624e-18
-9.32487e-14
3.52949e-18
-9.49209e-14
4.19326e-18
-9.66231e-14
4.84273e-18
-9.83559e-14
5.47281e-18
-1.0012e-13
6.07824e-18
-1.01915e-13
6.6536e-18
-1.03743e-13
7.19349e-18
-1.05603e-13
7.69255e-18
-1.07497e-13
8.14559e-18
-1.09425e-13
8.54774e-18
-1.11388e-13
8.89452e-18
-1.13385e-13
9.18195e-18
-1.15419e-13
9.40664e-18
-1.17489e-13
9.56584e-18
-1.19596e-13
9.65751e-18
-1.21741e-13
9.68031e-18
-1.23924e-13
9.63361e-18
-1.26147e-13
9.51747e-18
-1.28409e-13
9.3326e-18
-1.30712e-13
9.08025e-18
-1.33057e-13
8.76224e-18
-1.35443e-13
8.38078e-18
-1.37872e-13
7.93847e-18
-1.40345e-13
7.43821e-18
-1.42862e-13
6.88311e-18
-1.45424e-13
6.27647e-18
-1.48032e-13
5.62171e-18
-1.50687e-13
4.92235e-18
-1.53389e-13
4.18201e-18
-1.5614e-13
3.40438e-18
-1.5894e-13
2.59329e-18
-1.61791e-13
1.75268e-18
-1.64692e-13
8.86753e-19
-1.67645e-13
-1.70651e-13
3.93438e-08
-4.70588e-05
2.75745e-12
-8.99164e-07
7.52335e-19
-9.77221e-14
1.23736e-18
-8.99928e-14
1.80278e-18
-9.16066e-14
2.36774e-18
-9.32493e-14
2.92889e-18
-9.49215e-14
3.48267e-18
-9.66237e-14
4.02526e-18
-9.83564e-14
4.55267e-18
-1.0012e-13
5.06071e-18
-1.01916e-13
5.54512e-18
-1.03743e-13
6.00159e-18
-1.05604e-13
6.4258e-18
-1.07498e-13
6.81357e-18
-1.09426e-13
7.16084e-18
-1.11388e-13
7.46383e-18
-1.13386e-13
7.71908e-18
-1.15419e-13
7.92351e-18
-1.17489e-13
8.07447e-18
-1.19596e-13
8.16981e-18
-1.21741e-13
8.20791e-18
-1.23924e-13
8.18766e-18
-1.26147e-13
8.10852e-18
-1.28409e-13
7.97043e-18
-1.30712e-13
7.77386e-18
-1.33057e-13
7.51973e-18
-1.35443e-13
7.20939e-18
-1.37872e-13
6.84457e-18
-1.40345e-13
6.42734e-18
-1.42862e-13
5.96004e-18
-1.45424e-13
5.44528e-18
-1.48032e-13
4.88589e-18
-1.50686e-13
4.2849e-18
-1.53389e-13
3.64553e-18
-1.56139e-13
2.97116e-18
-1.5894e-13
2.26543e-18
-1.6179e-13
1.53217e-18
-1.64691e-13
7.7552e-19
-1.67644e-13
-1.70651e-13
3.86847e-08
-4.69086e-05
2.07258e-12
-8.39468e-07
6.19995e-19
-9.68987e-14
1.03045e-18
-8.99933e-14
1.5023e-18
-9.16071e-14
1.97395e-18
-9.32498e-14
2.44274e-18
-9.4922e-14
2.90582e-18
-9.66242e-14
3.36013e-18
-9.83569e-14
3.80249e-18
-1.00121e-13
4.22956e-18
-1.01916e-13
4.63791e-18
-1.03744e-13
5.02406e-18
-1.05604e-13
5.38451e-18
-1.07498e-13
5.71582e-18
-1.09426e-13
6.01463e-18
-1.11388e-13
6.27774e-18
-1.13386e-13
6.50214e-18
-1.15419e-13
6.68511e-18
-1.17489e-13
6.8242e-18
-1.19596e-13
6.91733e-18
-1.21741e-13
6.96278e-18
-1.23924e-13
6.95926e-18
-1.26147e-13
6.90585e-18
-1.28409e-13
6.8021e-18
-1.30712e-13
6.64794e-18
-1.33056e-13
6.44372e-18
-1.35443e-13
6.19018e-18
-1.37872e-13
5.88841e-18
-1.40344e-13
5.53984e-18
-1.42861e-13
5.14623e-18
-1.45423e-13
4.70961e-18
-1.48031e-13
4.2323e-18
-1.50686e-13
3.71685e-18
-1.53388e-13
3.16609e-18
-1.56139e-13
2.58308e-18
-1.58939e-13
1.97116e-18
-1.61789e-13
1.33396e-18
-1.6469e-13
6.75455e-19
-1.67644e-13
-1.7065e-13
3.83289e-08
-4.67594e-05
1.74852e-12
-7.81398e-07
5.22245e-19
-9.61331e-14
8.68612e-19
-8.99937e-14
1.26283e-18
-9.16074e-14
1.6571e-18
-9.32502e-14
2.04927e-18
-9.49224e-14
2.43702e-18
-9.66245e-14
2.81789e-18
-9.83573e-14
3.18931e-18
-1.00121e-13
3.54858e-18
-1.01917e-13
3.89291e-18
-1.03744e-13
4.21949e-18
-1.05605e-13
4.52543e-18
-1.07498e-13
4.80791e-18
-1.09426e-13
5.06411e-18
-1.11389e-13
5.29133e-18
-1.13386e-13
5.487e-18
-1.1542e-13
5.64871e-18
-1.17489e-13
5.77426e-18
-1.19596e-13
5.86172e-18
-1.21741e-13
5.9094e-18
-1.23925e-13
5.91595e-18
-1.26147e-13
5.88032e-18
-1.28409e-13
5.80179e-18
-1.30712e-13
5.67999e-18
-1.33056e-13
5.51491e-18
-1.35442e-13
5.30686e-18
-1.37871e-13
5.05648e-18
-1.40344e-13
4.76475e-18
-1.42861e-13
4.43294e-18
-1.45423e-13
4.06264e-18
-1.48031e-13
3.65572e-18
-1.50685e-13
3.21434e-18
-1.53388e-13
2.74092e-18
-1.56138e-13
2.23821e-18
-1.58938e-13
1.70922e-18
-1.61789e-13
1.15731e-18
-1.6469e-13
5.86202e-19
-1.67643e-13
-1.70649e-13
3.8265e-08
-4.66126e-05
1.64687e-12
-7.24827e-07
4.51711e-19
-9.53983e-14
7.43177e-19
-8.9994e-14
1.07282e-18
-9.16078e-14
1.40266e-18
-9.32505e-14
1.73094e-18
-9.49227e-14
2.05579e-18
-9.66249e-14
2.3752e-18
-9.83576e-14
2.68709e-18
-1.00121e-13
2.98925e-18
-1.01917e-13
3.27944e-18
-1.03744e-13
3.55532e-18
-1.05605e-13
3.81454e-18
-1.07499e-13
4.05475e-18
-1.09426e-13
4.2736e-18
-1.11389e-13
4.46881e-18
-1.13386e-13
4.63817e-18
-1.1542e-13
4.7796e-18
-1.1749e-13
4.89114e-18
-1.19597e-13
4.97103e-18
-1.21741e-13
5.01771e-18
-1.23925e-13
5.02983e-18
-1.26147e-13
5.00632e-18
-1.28409e-13
4.94633e-18
-1.30712e-13
4.84934e-18
-1.33056e-13
4.71508e-18
-1.35442e-13
4.5436e-18
-1.37871e-13
4.33524e-18
-1.40344e-13
4.09061e-18
-1.42861e-13
3.81065e-18
-1.45423e-13
3.49658e-18
-1.4803e-13
3.1499e-18
-1.50685e-13
2.77242e-18
-1.53387e-13
2.36623e-18
-1.56138e-13
1.93373e-18
-1.58938e-13
1.47762e-18
-1.61788e-13
1.00096e-18
-1.64689e-13
5.0715e-19
-1.67643e-13
-1.70649e-13
3.84872e-08
-4.64695e-05
1.66916e-12
-6.69524e-07
4.02427e-19
-9.46859e-14
6.47213e-19
-8.99943e-14
9.23025e-19
-9.16081e-14
1.19903e-18
-9.32508e-14
1.47381e-18
-9.4923e-14
1.74585e-18
-9.66251e-14
2.01354e-18
-9.83578e-14
2.27518e-18
-1.00122e-13
2.52899e-18
-1.01917e-13
2.77313e-18
-1.03745e-13
3.00569e-18
-1.05605e-13
3.22474e-18
-1.07499e-13
3.42831e-18
-1.09427e-13
3.61447e-18
-1.11389e-13
3.78127e-18
-1.13387e-13
3.92683e-18
-1.1542e-13
4.04935e-18
-1.1749e-13
4.14713e-18
-1.19597e-13
4.21859e-18
-1.21741e-13
4.26229e-18
-1.23925e-13
4.27697e-18
-1.26147e-13
4.26158e-18
-1.28409e-13
4.21524e-18
-1.30712e-13
4.13734e-18
-1.33056e-13
4.02749e-18
-1.35442e-13
3.88554e-18
-1.37871e-13
3.71163e-18
-1.40344e-13
3.50613e-18
-1.4286e-13
3.26971e-18
-1.45422e-13
3.00331e-18
-1.4803e-13
2.70812e-18
-1.50685e-13
2.38566e-18
-1.53387e-13
2.0377e-18
-1.56138e-13
1.66635e-18
-1.58938e-13
1.27399e-18
-1.61788e-13
8.63355e-19
-1.64689e-13
4.37539e-19
-1.67642e-13
-1.70648e-13
3.89877e-08
-4.63316e-05
1.77584e-12
-6.15321e-07
3.71238e-19
-9.40429e-14
5.76117e-19
-8.99945e-14
8.06718e-19
-9.16083e-14
1.03738e-18
-9.3251e-14
1.267e-18
-9.49232e-14
1.49437e-18
-9.66254e-14
1.7182e-18
-9.83581e-14
1.93713e-18
-1.00122e-13
2.14972e-18
-1.01917e-13
2.35447e-18
-1.03745e-13
2.54982e-18
-1.05605e-13
2.7342e-18
-1.07499e-13
2.90596e-18
-1.09427e-13
3.06348e-18
-1.11389e-13
3.20514e-18
-1.13387e-13
3.32934e-18
-1.1542e-13
3.43452e-18
-1.1749e-13
3.51921e-18
-1.19597e-13
3.582e-18
-1.21741e-13
3.62161e-18
-1.23925e-13
3.63688e-18
-1.26147e-13
3.62679e-18
-1.28409e-13
3.59052e-18
-1.30712e-13
3.52741e-18
-1.33056e-13
3.43698e-18
-1.35442e-13
3.31901e-18
-1.37871e-13
3.17347e-18
-1.40343e-13
3.00057e-18
-1.4286e-13
2.80077e-18
-1.45422e-13
2.57479e-18
-1.4803e-13
2.3236e-18
-1.50685e-13
2.04843e-18
-1.53387e-13
1.75081e-18
-1.56137e-13
1.43254e-18
-1.58937e-13
1.09573e-18
-1.61787e-13
7.42807e-19
-1.64689e-13
3.76525e-19
-1.67642e-13
-1.70648e-13
3.97432e-08
-4.62002e-05
1.95953e-12
-5.62258e-07
3.57286e-19
-9.34347e-14
5.2712e-19
-8.99947e-14
7.19092e-19
-9.16085e-14
9.11001e-19
-9.32512e-14
1.10199e-18
-9.49234e-14
1.29111e-18
-9.66256e-14
1.47734e-18
-9.83583e-14
1.65962e-18
-1.00122e-13
1.83677e-18
-1.01917e-13
2.00758e-18
-1.03745e-13
2.17079e-18
-1.05605e-13
2.32509e-18
-1.07499e-13
2.46913e-18
-1.09427e-13
2.60156e-18
-1.11389e-13
2.72102e-18
-1.13387e-13
2.82613e-18
-1.1542e-13
2.91558e-18
-1.1749e-13
2.98808e-18
-1.19597e-13
3.04239e-18
-1.21742e-13
3.07738e-18
-1.23925e-13
3.09199e-18
-1.26147e-13
3.08529e-18
-1.28409e-13
3.05647e-18
-1.30712e-13
3.00489e-18
-1.33056e-13
2.93006e-18
-1.35442e-13
2.83167e-18
-1.37871e-13
2.7096e-18
-1.40343e-13
2.56396e-18
-1.4286e-13
2.39504e-18
-1.45422e-13
2.20339e-18
-1.4803e-13
1.98978e-18
-1.50684e-13
1.75524e-18
-1.53387e-13
1.50105e-18
-1.56137e-13
1.22877e-18
-1.58937e-13
9.40239e-19
-1.61787e-13
6.37581e-19
-1.64688e-13
3.23245e-19
-1.67642e-13
-1.70648e-13
4.07244e-08
-4.60765e-05
2.20288e-12
-5.10537e-07
3.5957e-19
-9.28642e-14
4.97942e-19
-8.99949e-14
6.56172e-19
-9.16086e-14
8.14306e-19
-9.32514e-14
9.7168e-19
-9.49235e-14
1.12756e-18
-9.66257e-14
1.28116e-18
-9.83584e-14
1.4316e-18
-1.00122e-13
1.57797e-18
-1.01918e-13
1.71929e-18
-1.03745e-13
1.85452e-18
-1.05606e-13
1.9826e-18
-1.07499e-13
2.10241e-18
-1.09427e-13
2.21282e-18
-1.11389e-13
2.31268e-18
-1.13387e-13
2.40083e-18
-1.1542e-13
2.47614e-18
-1.1749e-13
2.53748e-18
-1.19597e-13
2.58379e-18
-1.21742e-13
2.61403e-18
-1.23925e-13
2.62727e-18
-1.26147e-13
2.62265e-18
-1.28409e-13
2.59942e-18
-1.30712e-13
2.55695e-18
-1.33056e-13
2.49475e-18
-1.35442e-13
2.41248e-18
-1.37871e-13
2.30996e-18
-1.40343e-13
2.1872e-18
-1.4286e-13
2.0444e-18
-1.45422e-13
1.88196e-18
-1.4803e-13
1.7005e-18
-1.50684e-13
1.50086e-18
-1.53386e-13
1.28413e-18
-1.56137e-13
1.05163e-18
-1.58937e-13
8.04962e-19
-1.61787e-13
5.45986e-19
-1.64688e-13
2.76851e-19
-1.67641e-13
-1.70647e-13
4.1896e-08
-4.5961e-05
2.46573e-12
-4.60401e-07
3.7613e-19
-9.23191e-14
4.85773e-19
-8.9995e-14
6.13921e-19
-9.16088e-14
7.42059e-19
-9.32515e-14
8.69681e-19
-9.49237e-14
9.96223e-19
-9.66258e-14
1.12106e-18
-9.83585e-14
1.24353e-18
-1.00122e-13
1.36288e-18
-1.01918e-13
1.47834e-18
-1.03745e-13
1.58906e-18
-1.05606e-13
1.69416e-18
-1.07499e-13
1.79273e-18
-1.09427e-13
1.8838e-18
-1.11389e-13
1.96641e-18
-1.13387e-13
2.03957e-18
-1.1542e-13
2.1023e-18
-1.1749e-13
2.15361e-18
-1.19597e-13
2.19256e-18
-1.21742e-13
2.21824e-18
-1.23925e-13
2.22981e-18
-1.26147e-13
2.22647e-18
-1.28409e-13
2.20752e-18
-1.30712e-13
2.17238e-18
-1.33056e-13
2.12055e-18
-1.35442e-13
2.05168e-18
-1.37871e-13
1.96557e-18
-1.40343e-13
1.86214e-18
-1.4286e-13
1.74152e-18
-1.45422e-13
1.60401e-18
-1.48029e-13
1.45009e-18
-1.50684e-13
1.28045e-18
-1.53386e-13
1.09601e-18
-1.56137e-13
8.97902e-19
-1.58937e-13
6.87497e-19
-1.61787e-13
4.66417e-19
-1.64688e-13
2.36537e-19
-1.67641e-13
-1.70647e-13
4.32273e-08
-4.58538e-05
2.70059e-12
-4.12039e-07
4.03853e-19
-9.17987e-14
4.87078e-19
-8.99951e-14
5.87925e-19
-9.16089e-14
6.88952e-19
-9.32516e-14
7.8979e-19
-9.49238e-14
8.90024e-19
-9.66259e-14
9.89187e-19
-9.83586e-14
1.08676e-18
-1.00122e-13
1.18216e-18
-1.01918e-13
1.27477e-18
-1.03745e-13
1.3639e-18
-1.05606e-13
1.44882e-18
-1.075e-13
1.52876e-18
-1.09427e-13
1.60291e-18
-1.1139e-13
1.67043e-18
-1.13387e-13
1.73047e-18
-1.1542e-13
1.78216e-18
-1.1749e-13
1.82463e-18
-1.19597e-13
1.85705e-18
-1.21742e-13
1.8786e-18
-1.23925e-13
1.88849e-18
-1.26147e-13
1.88602e-18
-1.28409e-13
1.87052e-18
-1.30712e-13
1.84143e-18
-1.33056e-13
1.79828e-18
-1.35442e-13
1.74071e-18
-1.37871e-13
1.66849e-18
-1.40343e-13
1.58152e-18
-1.4286e-13
1.47984e-18
-1.45422e-13
1.36368e-18
-1.48029e-13
1.23341e-18
-1.50684e-13
1.08961e-18
-1.53386e-13
9.33027e-19
-1.56137e-13
7.64641e-19
-1.58936e-13
5.85627e-19
-1.61787e-13
3.97388e-19
-1.64688e-13
2.01556e-19
-1.67641e-13
-1.70647e-13
4.46978e-08
-4.57539e-05
2.86855e-12
-3.65551e-07
4.39148e-19
-9.13025e-14
4.97841e-19
-8.99952e-14
5.73409e-19
-9.16089e-14
6.49445e-19
-9.32517e-14
7.2573e-19
-9.49238e-14
8.01993e-19
-9.6626e-14
8.77909e-19
-9.83587e-14
9.53094e-19
-1.00122e-13
1.0271e-18
-1.01918e-13
1.09944e-18
-1.03745e-13
1.16953e-18
-1.05606e-13
1.23676e-18
-1.075e-13
1.30046e-18
-1.09427e-13
1.35994e-18
-1.1139e-13
1.41444e-18
-1.13387e-13
1.4632e-18
-1.1542e-13
1.50545e-18
-1.1749e-13
1.54039e-18
-1.19597e-13
1.56726e-18
-1.21742e-13
1.58531e-18
-1.23925e-13
1.59381e-18
-1.26147e-13
1.59211e-18
-1.28409e-13
1.57958e-18
-1.30712e-13
1.5557e-18
-1.33056e-13
1.51999e-18
-1.35442e-13
1.47212e-18
-1.37871e-13
1.41182e-18
-1.40343e-13
1.33897e-18
-1.4286e-13
1.25358e-18
-1.45422e-13
1.15579e-18
-1.48029e-13
1.0459e-18
-1.50684e-13
9.24385e-19
-1.53386e-13
7.91873e-19
-1.56136e-13
6.49188e-19
-1.58936e-13
4.97345e-19
-1.61786e-13
3.37554e-19
-1.64688e-13
1.71231e-19
-1.67641e-13
-1.70647e-13
4.63009e-08
-4.56603e-05
2.94697e-12
-3.20965e-07
4.78362e-19
-9.08552e-14
5.13694e-19
-8.99952e-14
5.65138e-19
-9.1609e-14
6.17523e-19
-9.32517e-14
6.70791e-19
-9.49239e-14
7.24821e-19
-9.66261e-14
7.79417e-19
-9.83588e-14
8.34311e-19
-1.00123e-13
8.89159e-19
-1.01918e-13
9.43542e-19
-1.03746e-13
9.96972e-19
-1.05606e-13
1.0489e-18
-1.075e-13
1.09871e-18
-1.09427e-13
1.14576e-18
-1.1139e-13
1.18934e-18
-1.13387e-13
1.22875e-18
-1.1542e-13
1.26325e-18
-1.1749e-13
1.29211e-18
-1.19597e-13
1.31459e-18
-1.21742e-13
1.32999e-18
-1.23925e-13
1.33764e-18
-1.26147e-13
1.3369e-18
-1.28409e-13
1.32719e-18
-1.30712e-13
1.308e-18
-1.33056e-13
1.27888e-18
-1.35442e-13
1.23949e-18
-1.37871e-13
1.18958e-18
-1.40343e-13
1.129e-18
-1.4286e-13
1.05771e-18
-1.45421e-13
9.75817e-19
-1.48029e-13
8.8356e-19
-1.50684e-13
7.81317e-19
-1.53386e-13
6.69627e-19
-1.56136e-13
5.49187e-19
-1.58936e-13
4.20869e-19
-1.61786e-13
2.85716e-19
-1.64687e-13
1.44956e-19
-1.67641e-13
-1.70647e-13
4.80719e-08
-4.55718e-05
2.92387e-12
-2.78196e-07
5.17391e-19
-9.04292e-14
5.29295e-19
-8.99952e-14
5.56737e-19
-9.1609e-14
5.85978e-19
-9.32517e-14
6.17127e-19
-9.49239e-14
6.50195e-19
-9.66261e-14
6.85089e-19
-9.83588e-14
7.2161e-19
-1.00123e-13
7.59459e-19
-1.01918e-13
7.9824e-19
-1.03746e-13
8.37476e-19
-1.05606e-13
8.76611e-19
-1.075e-13
9.15033e-19
-1.09427e-13
9.52077e-19
-1.1139e-13
9.87048e-19
-1.13387e-13
1.01923e-18
-1.1542e-13
1.04789e-18
-1.1749e-13
1.07231e-18
-1.19597e-13
1.09178e-18
-1.21742e-13
1.10561e-18
-1.23925e-13
1.11315e-18
-1.26147e-13
1.11381e-18
-1.28409e-13
1.10701e-18
-1.30712e-13
1.09228e-18
-1.33056e-13
1.0692e-18
-1.35442e-13
1.03742e-18
-1.37871e-13
9.96698e-19
-1.40343e-13
9.46876e-19
-1.4286e-13
8.87906e-19
-1.45421e-13
8.19856e-19
-1.48029e-13
7.4291e-19
-1.50684e-13
6.57388e-19
-1.53386e-13
5.63744e-19
-1.56136e-13
4.62576e-19
-1.58936e-13
3.54633e-19
-1.61786e-13
2.40819e-19
-1.64687e-13
1.22199e-19
-1.6764e-13
-1.70647e-13
5.00974e-08
-4.54872e-05
2.78534e-12
-2.36887e-07
5.49351e-19
-9.00167e-14
5.36613e-19
-8.99952e-14
5.39129e-19
-9.1609e-14
5.45019e-19
-9.32517e-14
5.54534e-19
-9.49239e-14
5.67763e-19
-9.66261e-14
5.84639e-19
-9.83588e-14
6.0494e-19
-1.00123e-13
6.2831e-19
-1.01918e-13
6.54268e-19
-1.03746e-13
6.82241e-19
-1.05606e-13
7.11573e-19
-1.075e-13
7.41556e-19
-1.09427e-13
7.71446e-19
-1.1139e-13
8.00477e-19
-1.13387e-13
8.27882e-19
-1.1542e-13
8.529e-19
-1.1749e-13
8.74791e-19
-1.19597e-13
8.92845e-19
-1.21742e-13
9.06385e-19
-1.23925e-13
9.14782e-19
-1.26147e-13
9.17455e-19
-1.28409e-13
9.1388e-19
-1.30712e-13
9.03596e-19
-1.33056e-13
8.86209e-19
-1.35442e-13
8.61402e-19
-1.37871e-13
8.28939e-19
-1.40343e-13
7.88671e-19
-1.4286e-13
7.40543e-19
-1.45421e-13
6.84603e-19
-1.48029e-13
6.21005e-19
-1.50684e-13
5.5002e-19
-1.53386e-13
4.72038e-19
-1.56136e-13
3.87577e-19
-1.58936e-13
2.97286e-19
-1.61786e-13
2.01951e-19
-1.64687e-13
1.025e-19
-1.6764e-13
-1.70647e-13
5.23953e-08
-4.54045e-05
2.50638e-12
-1.96309e-07
5.61865e-19
-8.9674e-14
5.22158e-19
-8.99952e-14
4.98066e-19
-9.1609e-14
4.80136e-19
-9.32517e-14
4.6868e-19
-9.49239e-14
4.63738e-19
-9.66261e-14
4.65098e-19
-9.83588e-14
4.72324e-19
-1.00123e-13
4.84804e-19
-1.01918e-13
5.01793e-19
-1.03746e-13
5.22453e-19
-1.05606e-13
5.45893e-19
-1.075e-13
5.71199e-19
-1.09427e-13
5.9746e-19
-1.1139e-13
6.23783e-19
-1.13387e-13
6.4931e-19
-1.1542e-13
6.73226e-19
-1.1749e-13
6.94763e-19
-1.19597e-13
7.13209e-19
-1.21742e-13
7.27902e-19
-1.23925e-13
7.38241e-19
-1.26147e-13
7.43684e-19
-1.28409e-13
7.43748e-19
-1.30712e-13
7.38015e-19
-1.33056e-13
7.26132e-19
-1.35442e-13
7.07819e-19
-1.37871e-13
6.82866e-19
-1.40343e-13
6.51145e-19
-1.4286e-13
6.12611e-19
-1.45421e-13
5.67307e-19
-1.48029e-13
5.1537e-19
-1.50684e-13
4.57039e-19
-1.53386e-13
3.92657e-19
-1.56136e-13
3.22679e-19
-1.58936e-13
2.47674e-19
-1.61786e-13
1.68331e-19
-1.64687e-13
8.54615e-20
-1.6764e-13
-1.70646e-13
5.47072e-08
-4.53203e-05
2.05698e-12
-1.55492e-07
5.33523e-19
-8.93386e-14
4.63103e-19
-8.99951e-14
4.10548e-19
-9.16089e-14
3.6904e-19
-9.32517e-14
3.38725e-19
-9.49239e-14
3.19247e-19
-9.66261e-14
3.09847e-19
-9.83588e-14
3.09477e-19
-1.00123e-13
3.16907e-19
-1.01918e-13
3.30822e-19
-1.03746e-13
3.4989e-19
-1.05606e-13
3.72815e-19
-1.075e-13
3.98371e-19
-1.09427e-13
4.2542e-19
-1.1139e-13
4.52919e-19
-1.13387e-13
4.79922e-19
-1.15421e-13
5.05576e-19
-1.1749e-13
5.29117e-19
-1.19597e-13
5.49861e-19
-1.21742e-13
5.67197e-19
-1.23925e-13
5.80586e-19
-1.26147e-13
5.89552e-19
-1.28409e-13
5.93684e-19
-1.30712e-13
5.92629e-19
-1.33056e-13
5.86099e-19
-1.35442e-13
5.73866e-19
-1.37871e-13
5.55769e-19
-1.40343e-13
5.31714e-19
-1.4286e-13
5.01678e-19
-1.45421e-13
4.65716e-19
-1.48029e-13
4.23962e-19
-1.50683e-13
3.76637e-19
-1.53386e-13
3.24051e-19
-1.56136e-13
2.66612e-19
-1.58936e-13
2.04825e-19
-1.61786e-13
1.39299e-19
-1.64687e-13
7.07499e-20
-1.6764e-13
-1.70646e-13
5.64071e-08
-4.52296e-05
1.42421e-12
-1.1333e-07
4.26151e-19
-8.90337e-14
3.20347e-19
-8.9995e-14
2.38559e-19
-9.16089e-14
1.76767e-19
-9.32516e-14
1.34082e-19
-9.49238e-14
1.08716e-19
-9.66261e-14
9.83764e-20
-9.83588e-14
1.00576e-19
-1.00123e-13
1.12853e-19
-1.01918e-13
1.32911e-19
-1.03746e-13
1.58687e-19
-1.05606e-13
1.88378e-19
-1.075e-13
2.20436e-19
-1.09428e-13
2.53548e-19
-1.1139e-13
2.86603e-19
-1.13387e-13
3.18668e-19
-1.15421e-13
3.48951e-19
-1.1749e-13
3.76783e-19
-1.19597e-13
4.01592e-19
-1.21742e-13
4.22889e-19
-1.23925e-13
4.40257e-19
-1.26147e-13
4.53336e-19
-1.28409e-13
4.61824e-19
-1.30712e-13
4.65469e-19
-1.33056e-13
4.6407e-19
-1.35442e-13
4.57475e-19
-1.37871e-13
4.45587e-19
-1.40343e-13
4.28361e-19
-1.42859e-13
4.05811e-19
-1.45421e-13
3.78014e-19
-1.48029e-13
3.45113e-19
-1.50683e-13
3.07322e-19
-1.53385e-13
2.64931e-19
-1.56136e-13
2.18312e-19
-1.58936e-13
1.6792e-19
-1.61786e-13
1.14298e-19
-1.64687e-13
5.80816e-20
-1.6764e-13
-1.70646e-13
5.66482e-08
-4.51264e-05
6.5502e-13
-6.87262e-08
1.69694e-19
-8.87298e-14
2.136e-20
-8.99949e-14
-8.46604e-20
-9.16088e-14
-1.52962e-19
-9.32516e-14
-1.89245e-19
-9.49238e-14
-1.99863e-19
-9.66261e-14
-1.90868e-19
-9.83588e-14
-1.6754e-19
-1.00123e-13
-1.3424e-19
-1.01918e-13
-9.44377e-20
-1.03746e-13
-5.08235e-20
-1.05606e-13
-5.44883e-21
-1.075e-13
4.0138e-20
-1.09428e-13
8.47718e-20
-1.1139e-13
1.27573e-19
-1.13387e-13
1.67873e-19
-1.15421e-13
2.05153e-19
-1.1749e-13
2.39007e-19
-1.19597e-13
2.69107e-19
-1.21742e-13
2.95185e-19
-1.23925e-13
3.1702e-19
-1.26147e-13
3.34426e-19
-1.28409e-13
3.47252e-19
-1.30712e-13
3.55375e-19
-1.33056e-13
3.58706e-19
-1.35442e-13
3.57185e-19
-1.37871e-13
3.50791e-19
-1.40343e-13
3.39538e-19
-1.42859e-13
3.23486e-19
-1.45421e-13
3.02741e-19
-1.48029e-13
2.77462e-19
-1.50683e-13
2.47864e-19
-1.53385e-13
2.14225e-19
-1.56136e-13
1.76889e-19
-1.58936e-13
1.36269e-19
-1.61786e-13
9.28561e-20
-1.64687e-13
4.7217e-20
-1.6764e-13
-1.70646e-13
5.3165e-08
-4.50134e-05
-1.05609e-19
-2.30604e-08
-4.11694e-19
-8.85109e-14
-5.97132e-19
-8.99947e-14
-6.87043e-19
-9.16087e-14
-7.08755e-19
-9.32515e-14
-6.85263e-19
-9.49238e-14
-6.33868e-19
-9.66261e-14
-5.66733e-19
-9.83589e-14
-4.92012e-19
-1.00123e-13
-4.14951e-19
-1.01918e-13
-3.38807e-19
-1.03746e-13
-2.65522e-19
-1.05606e-13
-1.96197e-19
-1.075e-13
-1.31417e-19
-1.09428e-13
-7.14577e-20
-1.1139e-13
-1.64197e-20
-1.13387e-13
3.36879e-20
-1.15421e-13
7.88985e-20
-1.1749e-13
1.19261e-19
-1.19597e-13
1.54821e-19
-1.21742e-13
1.85622e-19
-1.23925e-13
2.11694e-19
-1.26147e-13
2.33063e-19
-1.28409e-13
2.4975e-19
-1.30712e-13
2.61777e-19
-1.33056e-13
2.69172e-19
-1.35442e-13
2.71973e-19
-1.37871e-13
2.70235e-19
-1.40343e-13
2.64036e-19
-1.42859e-13
2.53478e-19
-1.45421e-13
2.387e-19
-1.48029e-13
2.19878e-19
-1.50683e-13
1.9723e-19
-1.53385e-13
1.71024e-19
-1.56136e-13
1.41583e-19
-1.58936e-13
1.09284e-19
-1.61786e-13
7.45707e-20
-1.64687e-13
3.79503e-20
-1.6764e-13
-1.70646e-13
2.39527e-08
-8.53138e-14
-1.62838e-18
-8.68505e-14
-1.94868e-18
-8.84088e-14
-1.93736e-18
-8.99947e-14
-1.78132e-18
-9.16088e-14
-1.57458e-18
-9.32517e-14
-1.36164e-18
-9.4924e-14
-1.16171e-18
-9.66263e-14
-9.81618e-19
-9.83591e-14
-8.22377e-19
-1.00123e-13
-6.82573e-19
-1.01918e-13
-5.5997e-19
-1.03746e-13
-4.52253e-19
-1.05606e-13
-3.5733e-19
-1.075e-13
-2.73432e-19
-1.09428e-13
-1.99108e-19
-1.1139e-13
-1.33196e-19
-1.13387e-13
-7.47731e-20
-1.15421e-13
-2.31128e-20
-1.1749e-13
2.23541e-20
-1.19597e-13
6.20727e-20
-1.21742e-13
9.63912e-20
-1.23925e-13
1.25583e-19
-1.26147e-13
1.49865e-19
-1.28409e-13
1.69412e-19
-1.30712e-13
1.84373e-19
-1.33056e-13
1.94874e-19
-1.35442e-13
2.01037e-19
-1.37871e-13
2.02983e-19
-1.40343e-13
2.00837e-19
-1.42859e-13
1.94742e-19
-1.45421e-13
1.8486e-19
-1.48029e-13
1.71378e-19
-1.50683e-13
1.54517e-19
-1.53385e-13
1.34534e-19
-1.56136e-13
1.11728e-19
-1.58936e-13
8.64464e-20
-1.61786e-13
5.90861e-20
-1.64687e-13
3.01e-20
-1.6764e-13
-1.70646e-13
-1.02636e-17
-8.5326e-14
-8.7764e-18
-8.6855e-14
-6.052e-18
-8.84116e-14
-4.33269e-18
-8.99964e-14
-3.21309e-18
-9.16099e-14
-2.45744e-18
-9.32525e-14
-1.9275e-18
-9.49246e-14
-1.54126e-18
-9.66267e-14
-1.2493e-18
-9.83593e-14
-1.02124e-18
-1.00123e-13
-8.38005e-19
-1.01918e-13
-6.87275e-19
-1.03746e-13
-5.60901e-19
-1.05606e-13
-4.53342e-19
-1.075e-13
-3.60733e-19
-1.09428e-13
-2.80319e-19
-1.1139e-13
-2.10092e-19
-1.13388e-13
-1.48566e-19
-1.15421e-13
-9.46247e-20
-1.1749e-13
-4.74172e-20
-1.19597e-13
-6.28889e-21
-1.21742e-13
2.92702e-20
-1.23925e-13
5.96615e-20
-1.26147e-13
8.5206e-20
-1.28409e-13
1.06165e-19
-1.30712e-13
1.22756e-19
-1.33056e-13
1.35167e-19
-1.35442e-13
1.43568e-19
-1.37871e-13
1.48116e-19
-1.40343e-13
1.4897e-19
-1.42859e-13
1.46291e-19
-1.45421e-13
1.40254e-19
-1.48029e-13
1.31049e-19
-1.50683e-13
1.1889e-19
-1.53385e-13
1.0402e-19
-1.56136e-13
8.67127e-20
-1.58936e-13
6.72803e-20
-1.61786e-13
4.60764e-20
-1.64687e-13
2.35e-20
-1.6764e-13
-1.70646e-13
-1.02927e-18
-8.53242e-14
-1.93302e-18
-8.68541e-14
-2.1818e-18
-8.84113e-14
-2.1244e-18
-8.99965e-14
-1.93902e-18
-9.16101e-14
-1.71332e-18
-9.32527e-14
-1.48797e-18
-9.49248e-14
-1.27985e-18
-9.66269e-14
-1.09435e-18
-9.83595e-14
-9.31618e-19
-1.00123e-13
-7.89675e-19
-1.01919e-13
-6.65917e-19
-1.03746e-13
-5.57779e-19
-1.05607e-13
-4.62984e-19
-1.075e-13
-3.79617e-19
-1.09428e-13
-3.06105e-19
-1.1139e-13
-2.41174e-19
-1.13388e-13
-1.83797e-19
-1.15421e-13
-1.33147e-19
-1.17491e-13
-8.85572e-20
-1.19597e-13
-4.94878e-20
-1.21742e-13
-1.54975e-20
-1.23925e-13
1.37762e-20
-1.26147e-13
3.86353e-20
-1.28409e-13
5.93346e-20
-1.30712e-13
7.60938e-20
-1.33056e-13
8.91066e-20
-1.35442e-13
9.85491e-20
-1.37871e-13
1.04587e-19
-1.40343e-13
1.07382e-19
-1.42859e-13
1.07098e-19
-1.45421e-13
1.03904e-19
-1.48029e-13
9.79821e-20
-1.50683e-13
8.95313e-20
-1.53385e-13
7.87709e-20
-1.56136e-13
6.59456e-20
-1.58936e-13
5.13295e-20
-1.61786e-13
3.52299e-20
-1.64687e-13
1.79916e-20
-1.6764e-13
-1.70646e-13
1.05621e-19
-8.53236e-14
-3.5101e-19
-8.68536e-14
-6.61701e-19
-8.8411e-14
-8.42983e-19
-8.99963e-14
-9.25558e-19
-9.161e-14
-9.39407e-19
-9.32527e-14
-9.08783e-19
-9.49248e-14
-8.51516e-19
-9.6627e-14
-7.7993e-19
-9.83596e-14
-7.02153e-19
-1.00123e-13
-6.23326e-19
-1.01919e-13
-5.46558e-19
-1.03746e-13
-4.73624e-19
-1.05607e-13
-4.05453e-19
-1.075e-13
-3.42453e-19
-1.09428e-13
-2.84716e-19
-1.1139e-13
-2.32157e-19
-1.13388e-13
-1.84599e-19
-1.15421e-13
-1.41816e-19
-1.17491e-13
-1.03571e-19
-1.19597e-13
-6.96265e-20
-1.21742e-13
-3.97577e-20
-1.23925e-13
-1.37536e-20
-1.26147e-13
8.58083e-21
-1.28409e-13
2.74259e-20
-1.30712e-13
4.29489e-20
-1.33056e-13
5.53067e-20
-1.35442e-13
6.46485e-20
-1.37871e-13
7.11194e-20
-1.40343e-13
7.48632e-20
-1.42859e-13
7.60261e-20
-1.45421e-13
7.47599e-20
-1.48029e-13
7.12255e-20
-1.50683e-13
6.55965e-20
-1.53385e-13
5.80624e-20
-1.56136e-13
4.88323e-20
-1.58936e-13
3.81378e-20
-1.61786e-13
2.6237e-20
-1.64687e-13
1.34175e-20
-1.6764e-13
-1.70646e-13
2.43072e-19
-8.53234e-14
2.27805e-20
-8.68534e-14
-1.62755e-19
-8.84108e-14
-3.05968e-19
-8.99962e-14
-4.06781e-19
-9.16099e-14
-4.69595e-19
-9.32526e-14
-5.00842e-19
-9.49248e-14
-5.07366e-19
-9.66269e-14
-4.95502e-19
-9.83596e-14
-4.70659e-19
-1.00123e-13
-4.37214e-19
-1.01919e-13
-3.98566e-19
-1.03746e-13
-3.57276e-19
-1.05607e-13
-3.15214e-19
-1.075e-13
-2.73717e-19
-1.09428e-13
-2.3371e-19
-1.1139e-13
-1.95811e-19
-1.13388e-13
-1.60417e-19
-1.15421e-13
-1.27762e-19
-1.17491e-13
-9.79682e-20
-1.19597e-13
-7.10764e-20
-1.21742e-13
-4.70747e-20
-1.23925e-13
-2.59144e-20
-1.26147e-13
-7.52362e-21
-1.28409e-13
8.18453e-21
-1.30712e-13
2.13061e-20
-1.33056e-13
3.19428e-20
-1.35442e-13
4.02003e-20
-1.37871e-13
4.61874e-20
-1.40343e-13
5.00167e-20
-1.42859e-13
5.1805e-20
-1.45421e-13
5.16755e-20
-1.48029e-13
4.97589e-20
-1.50683e-13
4.61962e-20
-1.53385e-13
4.11404e-20
-1.56136e-13
3.47593e-20
-1.58936e-13
2.72381e-20
-1.61786e-13
1.87818e-20
-1.64687e-13
9.61804e-21
-1.6764e-13
-1.70646e-13
2.04838e-19
-8.53233e-14
9.31534e-20
-8.68533e-14
-9.16188e-21
-8.84107e-14
-9.72686e-20
-8.99961e-14
-1.6849e-19
-9.16099e-14
-2.22093e-19
-9.32526e-14
-2.58829e-19
-9.49248e-14
-2.80418e-19
-9.66269e-14
-2.89099e-19
-9.83596e-14
-2.87281e-19
-1.00123e-13
-2.77303e-19
-1.01919e-13
-2.61291e-19
-1.03746e-13
-2.41087e-19
-1.05607e-13
-2.18228e-19
-1.075e-13
-1.93952e-19
-1.09428e-13
-1.69235e-19
-1.1139e-13
-1.44819e-19
-1.13388e-13
-1.21258e-19
-1.15421e-13
-9.89459e-20
-1.17491e-13
-7.8158e-20
-1.19597e-13
-5.9072e-20
-1.21742e-13
-4.17934e-20
-1.23925e-13
-2.63738e-20
-1.26147e-13
-1.28249e-20
-1.28409e-13
-1.12982e-21
-1.30712e-13
8.74888e-21
-1.33056e-13
1.68632e-20
-1.35442e-13
2.32756e-20
-1.37871e-13
2.80564e-20
-1.40343e-13
3.12825e-20
-1.42859e-13
3.30366e-20
-1.45421e-13
3.34073e-20
-1.48029e-13
3.24902e-20
-1.50683e-13
3.0388e-20
-1.53385e-13
2.7213e-20
-1.56136e-13
2.30875e-20
-1.58936e-13
1.81464e-20
-1.61786e-13
1.25385e-20
-1.64687e-13
6.42867e-21
-1.6764e-13
-1.70646e-13
1.28381e-19
-8.53232e-14
7.43838e-20
-8.68532e-14
2.30604e-20
-8.84107e-14
-2.33858e-20
-8.9996e-14
-6.33348e-20
-9.16098e-14
-9.58284e-20
-9.32526e-14
-1.2054e-19
-9.49247e-14
-1.37672e-19
-9.66269e-14
-1.47822e-19
-9.83596e-14
-1.51844e-19
-1.00123e-13
-1.5072e-19
-1.01919e-13
-1.45468e-19
-1.03746e-13
-1.37061e-19
-1.05607e-13
-1.26387e-19
-1.075e-13
-1.1422e-19
-1.09428e-13
-1.01209e-19
-1.1139e-13
-8.78875e-20
-1.13388e-13
-7.46734e-20
-1.15421e-13
-6.18885e-20
-1.17491e-13
-4.97711e-20
-1.19597e-13
-3.84906e-20
-1.21742e-13
-2.81613e-20
-1.23925e-13
-1.88541e-20
-1.26147e-13
-1.06068e-20
-1.28409e-13
-3.43188e-21
-1.30712e-13
2.67667e-21
-1.33056e-13
7.7387e-21
-1.35442e-13
1.17841e-20
-1.37871e-13
1.48504e-20
-1.40343e-13
1.6981e-20
-1.42859e-13
1.82241e-20
-1.45421e-13
1.86328e-20
-1.48029e-13
1.82645e-20
-1.50683e-13
1.71818e-20
-1.53385e-13
1.54528e-20
-1.56136e-13
1.31519e-20
-1.58936e-13
1.03609e-20
-1.61786e-13
7.17024e-21
-1.64687e-13
3.67967e-21
-1.6764e-13
-1.70646e-13
4.32845e-20
2.70644e-20
1.1422e-20
-3.01965e-21
-1.5758e-20
-2.64453e-20
-3.4899e-20
-4.10901e-20
-4.51184e-20
-4.71792e-20
-4.75297e-20
-4.64582e-20
-4.42584e-20
-4.12106e-20
-3.75697e-20
-3.35577e-20
-2.93612e-20
-2.51321e-20
-2.099e-20
-1.7026e-20
-1.33071e-20
-9.88012e-21
-6.77581e-21
-4.01232e-21
-1.59806e-21
4.65859e-22
2.18384e-21
3.56434e-21
4.61887e-21
5.36128e-21
5.80739e-21
5.9747e-21
5.8824e-21
5.55139e-21
5.00451e-21
4.26673e-21
3.3655e-21
2.33106e-21
1.19687e-21
)
;

boundaryField
{
    top
    {
        type            calculated;
        value           nonuniform List<scalar> 
80
(
-1.70987e-16
-1.67975e-16
-1.65016e-16
-1.62109e-16
-1.59254e-16
-1.56448e-16
-1.53692e-16
-1.50985e-16
-1.48325e-16
-1.45712e-16
-1.43145e-16
-1.40624e-16
-1.38146e-16
-1.35713e-16
-1.33322e-16
-1.30973e-16
-1.28666e-16
-1.264e-16
-1.24173e-16
-1.21986e-16
-1.19837e-16
-1.17726e-16
-1.15652e-16
-1.13614e-16
-1.11613e-16
-1.09647e-16
-1.07715e-16
-1.05818e-16
-1.03954e-16
-1.02123e-16
-1.00324e-16
-9.85564e-17
-9.68203e-17
-9.51148e-17
-9.34393e-17
-9.17933e-17
-9.01763e-17
-8.85877e-17
-8.70272e-17
-8.54942e-17
-8.53232e-14
-8.68532e-14
-8.84106e-14
-8.9996e-14
-9.16098e-14
-9.32525e-14
-9.49247e-14
-9.66269e-14
-9.83596e-14
-1.00123e-13
-1.01919e-13
-1.03746e-13
-1.05607e-13
-1.075e-13
-1.09428e-13
-1.1139e-13
-1.13388e-13
-1.15421e-13
-1.17491e-13
-1.19597e-13
-1.21742e-13
-1.23925e-13
-1.26147e-13
-1.28409e-13
-1.30712e-13
-1.33056e-13
-1.35442e-13
-1.37871e-13
-1.40343e-13
-1.42859e-13
-1.45421e-13
-1.48029e-13
-1.50683e-13
-1.53385e-13
-1.56136e-13
-1.58936e-13
-1.61786e-13
-1.64687e-13
-1.6764e-13
-1.70646e-13
)
;
    }
    inlet
    {
        type            calculated;
        value           nonuniform List<scalar> 
80
(
1.71016e-16
1.68003e-16
1.65043e-16
1.62136e-16
1.5928e-16
1.56474e-16
1.53718e-16
1.5101e-16
1.48349e-16
1.45736e-16
1.43169e-16
1.40647e-16
1.38169e-16
1.35735e-16
1.33344e-16
1.30995e-16
1.28687e-16
1.26421e-16
1.24193e-16
1.22006e-16
1.19856e-16
1.17745e-16
1.15671e-16
1.13633e-16
1.11631e-16
1.09665e-16
1.07733e-16
1.05835e-16
1.03971e-16
1.02139e-16
1.0034e-16
9.85724e-17
9.68431e-17
1.86041e-08
7.06598e-06
1.85723e-06
1.02601e-06
6.41205e-07
3.98784e-07
2.11931e-07
5.9909e-08
1.5722e-07
2.89261e-07
4.74815e-07
7.8194e-07
1.40638e-06
3.69708e-06
1.33099e-05
5.81924e-13
1.00163e-13
1.01959e-13
1.03787e-13
1.05649e-13
1.07543e-13
1.09471e-13
1.11435e-13
1.13433e-13
1.15467e-13
1.17537e-13
1.19645e-13
1.2179e-13
1.23974e-13
1.26197e-13
1.2846e-13
1.30764e-13
1.33109e-13
1.35496e-13
1.37925e-13
1.40399e-13
1.42916e-13
1.45479e-13
1.48088e-13
1.50743e-13
1.53446e-13
1.56198e-13
1.58999e-13
1.6185e-13
1.64752e-13
1.67707e-13
1.70714e-13
)
;
    }
    axis
    {
        type            calculated;
        value           uniform 0;
    }
    frontAndBack
    {
        type            empty;
        value           nonuniform 0();
    }
}


// ************************************************************************* //
