/*--------------------------------*- C++ -*----------------------------------*\
  =========                 |
  \\      /  F ield         | OpenFOAM: The Open Source CFD Toolbox
   \\    /   O peration     | Website:  https://openfoam.org
    \\  /    A nd           | Version:  7
     \\/     M anipulation  |
\*---------------------------------------------------------------------------*/
FoamFile
{
    version     2.0;
    format      ascii;
    class       volVectorField;
    location    "10000";
    object      Ua;
}
// * * * * * * * * * * * * * * * * * * * * * * * * * * * * * * * * * * * * * //

dimensions      [0 1 -1 0 0 0 0];

internalField   nonuniform List<vector> 
3200
(
(-2.45944e-07 3.55183e-07 0)
(-7.35014e-07 3.5741e-07 0)
(-1.21992e-06 3.61807e-07 0)
(-1.70353e-06 3.68372e-07 0)
(-2.18861e-06 3.77159e-07 0)
(-2.67784e-06 3.88274e-07 0)
(-3.17397e-06 4.01878e-07 0)
(-3.6798e-06 4.18197e-07 0)
(-4.1983e-06 4.37522e-07 0)
(-4.73268e-06 4.6023e-07 0)
(-5.28645e-06 4.86798e-07 0)
(-5.86353e-06 5.17827e-07 0)
(-6.4684e-06 5.54075e-07 0)
(-7.10621e-06 5.96504e-07 0)
(-7.78301e-06 6.4634e-07 0)
(-8.50599e-06 7.05162e-07 0)
(-9.28384e-06 7.75025e-07 0)
(-1.01272e-05 8.58638e-07 0)
(-1.10493e-05 9.59625e-07 0)
(-1.20668e-05 1.08291e-06 0)
(-1.32012e-05 1.23532e-06 0)
(-1.44808e-05 1.42647e-06 0)
(-1.59431e-05 1.67019e-06 0)
(-1.76395e-05 1.98683e-06 0)
(-1.96416e-05 2.40696e-06 0)
(-2.20516e-05 2.97748e-06 0)
(-2.5019e-05 3.77182e-06 0)
(-2.87672e-05 4.90726e-06 0)
(-3.36377e-05 6.57431e-06 0)
(-4.01635e-05 9.08728e-06 0)
(-4.91917e-05 1.29714e-05 0)
(-6.20904e-05 1.91139e-05 0)
(-8.10992e-05 2.9025e-05 0)
(-5.74068e-05 3.46302e-05 0)
(-1.34372e-05 4.17068e-05 0)
(-3.45195e-06 1.1828e-05 0)
(-1.89699e-06 7.06768e-06 0)
(-1.14783e-06 4.74749e-06 0)
(-6.47966e-07 3.15378e-06 0)
(-2.26286e-07 1.75223e-06 0)
(-2.42699e-07 1.06086e-06 0)
(-7.25248e-07 1.06742e-06 0)
(-1.20349e-06 1.08035e-06 0)
(-1.68012e-06 1.09965e-06 0)
(-2.15772e-06 1.12546e-06 0)
(-2.63879e-06 1.15807e-06 0)
(-3.12585e-06 1.19794e-06 0)
(-3.62146e-06 1.2457e-06 0)
(-4.12828e-06 1.30215e-06 0)
(-4.64912e-06 1.36835e-06 0)
(-5.18702e-06 1.4456e-06 0)
(-5.74531e-06 1.53554e-06 0)
(-6.32767e-06 1.64024e-06 0)
(-6.93821e-06 1.76227e-06 0)
(-7.58161e-06 1.90488e-06 0)
(-8.26318e-06 2.07217e-06 0)
(-8.98905e-06 2.26941e-06 0)
(-9.76625e-06 2.50334e-06 0)
(-1.06029e-05 2.7828e-06 0)
(-1.15082e-05 3.11938e-06 0)
(-1.24926e-05 3.52853e-06 0)
(-1.35677e-05 4.03108e-06 0)
(-1.47453e-05 4.6554e-06 0)
(-1.60361e-05 5.44071e-06 0)
(-1.74469e-05 6.44172e-06 0)
(-1.89733e-05 7.73569e-06 0)
(-2.05881e-05 9.43276e-06 0)
(-2.22164e-05 1.16912e-05 0)
(-2.36906e-05 1.47401e-05 0)
(-2.46657e-05 1.89124e-05 0)
(-2.4463e-05 2.4693e-05 0)
(-2.1784e-05 3.27877e-05 0)
(-1.41901e-05 4.42199e-05 0)
(-1.30891e-06 4.97035e-05 0)
(2.94677e-06 1.71841e-05 0)
(-3.99744e-06 1.37358e-05 0)
(-1.17439e-05 1.38647e-05 0)
(-2.04931e-05 1.56347e-05 0)
(-1.3959e-05 7.64233e-06 0)
(-1.3035e-06 9.79461e-07 0)
(-2.36397e-07 1.75276e-06 0)
(-7.06289e-07 1.76326e-06 0)
(-1.17161e-06 1.78399e-06 0)
(-1.63474e-06 1.81488e-06 0)
(-2.09792e-06 1.85614e-06 0)
(-2.56332e-06 1.90818e-06 0)
(-3.03306e-06 1.97166e-06 0)
(-3.50924e-06 2.04746e-06 0)
(-3.99397e-06 2.13676e-06 0)
(-4.48943e-06 2.24106e-06 0)
(-4.99783e-06 2.36218e-06 0)
(-5.5215e-06 2.50243e-06 0)
(-6.06284e-06 2.6646e-06 0)
(-6.62436e-06 2.85214e-06 0)
(-7.20862e-06 3.06929e-06 0)
(-7.81822e-06 3.32126e-06 0)
(-8.45572e-06 3.61447e-06 0)
(-9.12343e-06 3.9569e-06 0)
(-9.82317e-06 4.35843e-06 0)
(-1.05559e-05 4.83131e-06 0)
(-1.13209e-05 5.39081e-06 0)
(-1.21149e-05 6.05582e-06 0)
(-1.29303e-05 6.84964e-06 0)
(-1.37529e-05 7.80064e-06 0)
(-1.45583e-05 8.94266e-06 0)
(-1.53075e-05 1.03147e-05 0)
(-1.59397e-05 1.19586e-05 0)
(-1.63657e-05 1.39139e-05 0)
(-1.64607e-05 1.6205e-05 0)
(-1.60628e-05 1.8817e-05 0)
(-1.49887e-05 2.16477e-05 0)
(-1.30912e-05 2.4421e-05 0)
(-1.04097e-05 2.65298e-05 0)
(-7.51699e-06 2.67589e-05 0)
(-5.66065e-06 2.43877e-05 0)
(-5.06082e-06 2.34702e-05 0)
(-4.68227e-06 2.41318e-05 0)
(-3.52433e-06 2.64093e-05 0)
(-1.68149e-06 1.4291e-05 0)
(-1.67344e-07 5.43063e-07 0)
(-2.2739e-07 2.42254e-06 0)
(-6.79206e-07 2.43644e-06 0)
(-1.12611e-06 2.46382e-06 0)
(-1.57007e-06 2.50458e-06 0)
(-2.0129e-06 2.55891e-06 0)
(-2.4563e-06 2.62725e-06 0)
(-2.9019e-06 2.71034e-06 0)
(-3.35123e-06 2.80918e-06 0)
(-3.80575e-06 2.92507e-06 0)
(-4.26685e-06 3.05966e-06 0)
(-4.73585e-06 3.21497e-06 0)
(-5.21393e-06 3.39342e-06 0)
(-5.70216e-06 3.59797e-06 0)
(-6.20138e-06 3.83209e-06 0)
(-6.71216e-06 4.09995e-06 0)
(-7.23462e-06 4.40648e-06 0)
(-7.76829e-06 4.75747e-06 0)
(-8.31183e-06 5.15971e-06 0)
(-8.86272e-06 5.62111e-06 0)
(-9.41676e-06 6.15074e-06 0)
(-9.96746e-06 6.75887e-06 0)
(-1.05053e-05 7.45682e-06 0)
(-1.10168e-05 8.25665e-06 0)
(-1.14834e-05 9.17034e-06 0)
(-1.18803e-05 1.02086e-05 0)
(-1.21757e-05 1.13784e-05 0)
(-1.23306e-05 1.26802e-05 0)
(-1.23e-05 1.41021e-05 0)
(-1.20369e-05 1.56141e-05 0)
(-1.15006e-05 1.71596e-05 0)
(-1.06706e-05 1.86481e-05 0)
(-9.56656e-06 1.9954e-05 0)
(-8.27003e-06 2.09312e-05 0)
(-6.93033e-06 2.147e-05 0)
(-5.71023e-06 2.16413e-05 0)
(-4.64803e-06 2.17948e-05 0)
(-3.64696e-06 2.20593e-05 0)
(-2.60303e-06 2.23813e-05 0)
(-1.19906e-06 1.43547e-05 0)
(-3.87723e-08 1.25049e-07 0)
(-2.16151e-07 3.06309e-06 0)
(-6.45434e-07 3.07967e-06 0)
(-1.06946e-06 3.11232e-06 0)
(-1.4897e-06 3.16085e-06 0)
(-1.90751e-06 3.22535e-06 0)
(-2.3241e-06 3.30625e-06 0)
(-2.74054e-06 3.4042e-06 0)
(-3.1578e-06 3.52017e-06 0)
(-3.57669e-06 3.65539e-06 0)
(-3.99784e-06 3.81139e-06 0)
(-4.42172e-06 3.99003e-06 0)
(-4.84855e-06 4.1935e-06 0)
(-5.27827e-06 4.42436e-06 0)
(-5.71043e-06 4.68556e-06 0)
(-6.14412e-06 4.98048e-06 0)
(-6.57782e-06 5.31289e-06 0)
(-7.00926e-06 5.68702e-06 0)
(-7.4352e-06 6.10746e-06 0)
(-7.85119e-06 6.57912e-06 0)
(-8.25132e-06 7.10706e-06 0)
(-8.62794e-06 7.69622e-06 0)
(-8.97133e-06 8.3511e-06 0)
(-9.2695e-06 9.07511e-06 0)
(-9.50809e-06 9.86984e-06 0)
(-9.67052e-06 1.0734e-05 0)
(-9.73851e-06 1.1662e-05 0)
(-9.69324e-06 1.26428e-05 0)
(-9.51726e-06 1.3658e-05 0)
(-9.19726e-06 1.46811e-05 0)
(-8.72769e-06 1.56771e-05 0)
(-8.11455e-06 1.6605e-05 0)
(-7.37821e-06 1.74227e-05 0)
(-6.55318e-06 1.80969e-05 0)
(-5.68204e-06 1.86154e-05 0)
(-4.80257e-06 1.89984e-05 0)
(-3.9335e-06 1.92897e-05 0)
(-3.07488e-06 1.95168e-05 0)
(-2.22201e-06 1.96821e-05 0)
(-1.02031e-06 1.27932e-05 0)
(-1.6146e-08 5.54617e-08 0)
(-2.03222e-07 3.66873e-06 0)
(-6.06614e-07 3.68725e-06 0)
(-1.00443e-06 3.72367e-06 0)
(-1.39768e-06 3.77769e-06 0)
(-1.78722e-06 3.8493e-06 0)
(-2.17377e-06 3.93878e-06 0)
(-2.55794e-06 4.04666e-06 0)
(-2.94014e-06 4.1737e-06 0)
(-3.32062e-06 4.32092e-06 0)
(-3.69941e-06 4.48956e-06 0)
(-4.0763e-06 4.68109e-06 0)
(-4.45082e-06 4.8972e-06 0)
(-4.82212e-06 5.13983e-06 0)
(-5.18896e-06 5.41107e-06 0)
(-5.54963e-06 5.71323e-06 0)
(-5.90182e-06 6.04871e-06 0)
(-6.24257e-06 6.41999e-06 0)
(-6.56814e-06 6.82949e-06 0)
(-6.87391e-06 7.27947e-06 0)
(-7.15433e-06 7.77178e-06 0)
(-7.4028e-06 8.30764e-06 0)
(-7.61177e-06 8.8873e-06 0)
(-7.77275e-06 9.50965e-06 0)
(-7.87661e-06 1.01718e-05 0)
(-7.91395e-06 1.08686e-05 0)
(-7.87575e-06 1.15921e-05 0)
(-7.75414e-06 1.23315e-05 0)
(-7.54348e-06 1.30727e-05 0)
(-7.24145e-06 1.37993e-05 0)
(-6.85006e-06 1.44928e-05 0)
(-6.37624e-06 1.5135e-05 0)
(-5.83172e-06 1.57098e-05 0)
(-5.23178e-06 1.62062e-05 0)
(-4.593e-06 1.662e-05 0)
(-3.9303e-06 1.69541e-05 0)
(-3.25488e-06 1.72158e-05 0)
(-2.574e-06 1.74122e-05 0)
(-1.89258e-06 1.75477e-05 0)
(-8.76459e-07 1.12554e-05 0)
(-8.57042e-09 3.90256e-08 0)
(-1.8916e-07 4.23539e-06 0)
(-5.6443e-07 4.25511e-06 0)
(-9.33896e-07 4.29382e-06 0)
(-1.2981e-06 4.35111e-06 0)
(-1.65748e-06 4.42684e-06 0)
(-2.01234e-06 4.52111e-06 0)
(-2.36283e-06 4.63424e-06 0)
(-2.70896e-06 4.76674e-06 0)
(-3.05052e-06 4.91931e-06 0)
(-3.38713e-06 5.0928e-06 0)
(-3.71813e-06 5.28819e-06 0)
(-4.04259e-06 5.50662e-06 0)
(-4.35929e-06 5.74926e-06 0)
(-4.66661e-06 6.01738e-06 0)
(-4.96257e-06 6.31221e-06 0)
(-5.24471e-06 6.63494e-06 0)
(-5.51013e-06 6.98659e-06 0)
(-5.7554e-06 7.36792e-06 0)
(-5.97658e-06 7.77931e-06 0)
(-6.16924e-06 8.22062e-06 0)
(-6.32853e-06 8.69099e-06 0)
(-6.44926e-06 9.18863e-06 0)
(-6.52612e-06 9.71073e-06 0)
(-6.55388e-06 1.02532e-05 0)
(-6.52772e-06 1.08105e-05 0)
(-6.44365e-06 1.13758e-05 0)
(-6.29888e-06 1.19409e-05 0)
(-6.09225e-06 1.24965e-05 0)
(-5.82462e-06 1.30327e-05 0)
(-5.499e-06 1.35394e-05 0)
(-5.12051e-06 1.40077e-05 0)
(-4.69609e-06 1.44297e-05 0)
(-4.23385e-06 1.48003e-05 0)
(-3.7423e-06 1.51165e-05 0)
(-3.2295e-06 1.5378e-05 0)
(-2.7026e-06 1.55858e-05 0)
(-2.1676e-06 1.5742e-05 0)
(-1.62954e-06 1.58487e-05 0)
(-7.66868e-07 1.00008e-05 0)
(-4.53815e-09 3.09884e-08 0)
(-1.74496e-07 4.76057e-06 0)
(-5.20477e-07 4.78079e-06 0)
(-8.60529e-07 4.82045e-06 0)
(-1.1948e-06 4.879e-06 0)
(-1.52336e-06 4.95618e-06 0)
(-1.84615e-06 5.05188e-06 0)
(-2.16302e-06 5.16619e-06 0)
(-2.47362e-06 5.29934e-06 0)
(-2.77749e-06 5.45169e-06 0)
(-3.07394e-06 5.62369e-06 0)
(-3.36209e-06 5.81584e-06 0)
(-3.64081e-06 6.0287e-06 0)
(-3.90873e-06 6.26281e-06 0)
(-4.16422e-06 6.51868e-06 0)
(-4.40535e-06 6.79669e-06 0)
(-4.62989e-06 7.09708e-06 0)
(-4.83535e-06 7.41986e-06 0)
(-5.01894e-06 7.7647e-06 0)
(-5.17766e-06 8.13089e-06 0)
(-5.30832e-06 8.51723e-06 0)
(-5.40763e-06 8.92193e-06 0)
(-5.47235e-06 9.34255e-06 0)
(-5.4994e-06 9.77591e-06 0)
(-5.48602e-06 1.02181e-05 0)
(-5.43003e-06 1.06645e-05 0)
(-5.32993e-06 1.11097e-05 0)
(-5.18517e-06 1.15481e-05 0)
(-4.99622e-06 1.19734e-05 0)
(-4.76471e-06 1.23795e-05 0)
(-4.49337e-06 1.27608e-05 0)
(-4.18593e-06 1.31119e-05 0)
(-3.84692e-06 1.34287e-05 0)
(-3.48136e-06 1.3708e-05 0)
(-3.09449e-06 1.39478e-05 0)
(-2.69141e-06 1.41472e-05 0)
(-2.27689e-06 1.43061e-05 0)
(-1.85526e-06 1.4425e-05 0)
(-1.43028e-06 1.45049e-05 0)
(-6.85724e-07 9.0155e-06 0)
(-1.82429e-09 2.57683e-08 0)
(-1.59697e-07 5.2432e-06 0)
(-4.76161e-07 5.26334e-06 0)
(-7.86685e-07 5.30278e-06 0)
(-1.0911e-06 5.3609e-06 0)
(-1.38917e-06 5.43727e-06 0)
(-1.6806e-06 5.53162e-06 0)
(-1.96496e-06 5.64382e-06 0)
(-2.24174e-06 5.77381e-06 0)
(-2.51026e-06 5.92164e-06 0)
(-2.76972e-06 6.08739e-06 0)
(-3.01914e-06 6.27115e-06 0)
(-3.25738e-06 6.473e-06 0)
(-3.48312e-06 6.69295e-06 0)
(-3.69485e-06 6.93094e-06 0)
(-3.8909e-06 7.18675e-06 0)
(-4.06943e-06 7.45998e-06 0)
(-4.22848e-06 7.74999e-06 0)
(-4.36595e-06 8.05587e-06 0)
(-4.47971e-06 8.37635e-06 0)
(-4.56761e-06 8.7098e-06 0)
(-4.6276e-06 9.05418e-06 0)
(-4.65779e-06 9.407e-06 0)
(-4.65653e-06 9.76536e-06 0)
(-4.62257e-06 1.01259e-05 0)
(-4.5551e-06 1.04851e-05 0)
(-4.45387e-06 1.08389e-05 0)
(-4.31926e-06 1.11833e-05 0)
(-4.1523e-06 1.15142e-05 0)
(-3.95469e-06 1.18276e-05 0)
(-3.72873e-06 1.21201e-05 0)
(-3.47723e-06 1.23884e-05 0)
(-3.20342e-06 1.26299e-05 0)
(-2.91081e-06 1.28426e-05 0)
(-2.60301e-06 1.30253e-05 0)
(-2.28364e-06 1.3177e-05 0)
(-1.95621e-06 1.32977e-05 0)
(-1.62412e-06 1.33875e-05 0)
(-1.29059e-06 1.34467e-05 0)
(-6.31558e-07 8.22979e-06 0)
(2.42394e-10 2.20477e-08 0)
(-1.45153e-07 5.68346e-06 0)
(-4.32643e-07 5.70304e-06 0)
(-7.14295e-07 5.74134e-06 0)
(-9.89693e-07 5.79767e-06 0)
(-1.25839e-06 5.87148e-06 0)
(-1.5199e-06 5.96235e-06 0)
(-1.77364e-06 6.06994e-06 0)
(-2.01898e-06 6.19397e-06 0)
(-2.25517e-06 6.33421e-06 0)
(-2.48137e-06 6.49045e-06 0)
(-2.69662e-06 6.66244e-06 0)
(-2.89984e-06 6.8499e-06 0)
(-3.08988e-06 7.05247e-06 0)
(-3.26545e-06 7.26968e-06 0)
(-3.42519e-06 7.50093e-06 0)
(-3.56768e-06 7.74543e-06 0)
(-3.69146e-06 8.00221e-06 0)
(-3.79504e-06 8.27006e-06 0)
(-3.877e-06 8.54754e-06 0)
(-3.93601e-06 8.83293e-06 0)
(-3.97085e-06 9.12425e-06 0)
(-3.98052e-06 9.41928e-06 0)
(-3.96429e-06 9.71553e-06 0)
(-3.92173e-06 1.00104e-05 0)
(-3.85278e-06 1.03009e-05 0)
(-3.75776e-06 1.05844e-05 0)
(-3.63742e-06 1.08579e-05 0)
(-3.49293e-06 1.11186e-05 0)
(-3.32584e-06 1.1364e-05 0)
(-3.13806e-06 1.15916e-05 0)
(-2.93179e-06 1.17996e-05 0)
(-2.70945e-06 1.19861e-05 0)
(-2.47361e-06 1.21501e-05 0)
(-2.22692e-06 1.22906e-05 0)
(-1.97202e-06 1.24072e-05 0)
(-1.71152e-06 1.24998e-05 0)
(-1.44794e-06 1.25686e-05 0)
(-1.1837e-06 1.26141e-05 0)
(-5.89571e-07 7.57983e-06 0)
(1.85504e-09 1.92724e-08 0)
(-1.31163e-07 6.0825e-06 0)
(-3.9082e-07 6.10118e-06 0)
(-6.44837e-07 6.13766e-06 0)
(-8.92625e-07 6.1912e-06 0)
(-1.13359e-06 6.26118e-06 0)
(-1.36713e-06 6.34703e-06 0)
(-1.59259e-06 6.44828e-06 0)
(-1.80928e-06 6.56447e-06 0)
(-2.01643e-06 6.69516e-06 0)
(-2.21324e-06 6.83989e-06 0)
(-2.39883e-06 6.99819e-06 0)
(-2.57225e-06 7.16953e-06 0)
(-2.73254e-06 7.3533e-06 0)
(-2.87864e-06 7.54877e-06 0)
(-3.00953e-06 7.75512e-06 0)
(-3.12413e-06 7.97139e-06 0)
(-3.22142e-06 8.19645e-06 0)
(-3.30042e-06 8.42903e-06 0)
(-3.36023e-06 8.66766e-06 0)
(-3.40007e-06 8.91074e-06 0)
(-3.41932e-06 9.1565e-06 0)
(-3.41754e-06 9.40302e-06 0)
(-3.39453e-06 9.64828e-06 0)
(-3.35031e-06 9.89019e-06 0)
(-3.28519e-06 1.01266e-05 0)
(-3.19976e-06 1.03554e-05 0)
(-3.09487e-06 1.05746e-05 0)
(-2.97165e-06 1.07822e-05 0)
(-2.83146e-06 1.09765e-05 0)
(-2.67589e-06 1.11558e-05 0)
(-2.50666e-06 1.13189e-05 0)
(-2.32565e-06 1.14648e-05 0)
(-2.1348e-06 1.15925e-05 0)
(-1.93606e-06 1.17017e-05 0)
(-1.73138e-06 1.17921e-05 0)
(-1.52264e-06 1.18636e-05 0)
(-1.31161e-06 1.19165e-05 0)
(-1.0999e-06 1.19512e-05 0)
(-5.55821e-07 7.04273e-06 0)
(3.11533e-09 1.7127e-08 0)
(-1.17945e-07 6.44226e-06 0)
(-3.51332e-07 6.45978e-06 0)
(-5.79356e-07 6.49396e-06 0)
(-8.01317e-07 6.54405e-06 0)
(-1.01654e-06 6.60936e-06 0)
(-1.22435e-06 6.68923e-06 0)
(-1.42408e-06 6.78308e-06 0)
(-1.61502e-06 6.89033e-06 0)
(-1.79644e-06 7.01038e-06 0)
(-1.96762e-06 7.14263e-06 0)
(-2.12776e-06 7.28644e-06 0)
(-2.2761e-06 7.44113e-06 0)
(-2.41182e-06 7.60593e-06 0)
(-2.53414e-06 7.78001e-06 0)
(-2.64227e-06 7.96243e-06 0)
(-2.73547e-06 8.15215e-06 0)
(-2.81304e-06 8.34805e-06 0)
(-2.87438e-06 8.54887e-06 0)
(-2.91897e-06 8.75327e-06 0)
(-2.94641e-06 8.9598e-06 0)
(-2.95645e-06 9.16692e-06 0)
(-2.94901e-06 9.37306e-06 0)
(-2.92416e-06 9.57659e-06 0)
(-2.8822e-06 9.77586e-06 0)
(-2.82359e-06 9.96927e-06 0)
(-2.749e-06 1.01552e-05 0)
(-2.65928e-06 1.03323e-05 0)
(-2.55546e-06 1.04991e-05 0)
(-2.43871e-06 1.06544e-05 0)
(-2.31032e-06 1.07971e-05 0)
(-2.17171e-06 1.09264e-05 0)
(-2.02433e-06 1.10416e-05 0)
(-1.86968e-06 1.11422e-05 0)
(-1.70929e-06 1.12278e-05 0)
(-1.54465e-06 1.12985e-05 0)
(-1.37724e-06 1.13542e-05 0)
(-1.20846e-06 1.13951e-05 0)
(-1.03969e-06 1.14215e-05 0)
(-5.32297e-07 6.59098e-06 0)
(4.10505e-09 1.54293e-08 0)
(-1.05637e-07 6.76515e-06 0)
(-3.14591e-07 6.78137e-06 0)
(-5.18513e-07 6.81298e-06 0)
(-7.16648e-07 6.85923e-06 0)
(-9.08282e-07 6.91939e-06 0)
(-1.09273e-06 6.99277e-06 0)
(-1.26931e-06 7.07871e-06 0)
(-1.43736e-06 7.17653e-06 0)
(-1.59622e-06 7.28556e-06 0)
(-1.74523e-06 7.40511e-06 0)
(-1.88373e-06 7.53444e-06 0)
(-2.01108e-06 7.67278e-06 0)
(-2.12665e-06 7.81931e-06 0)
(-2.22985e-06 7.97314e-06 0)
(-2.32013e-06 8.13331e-06 0)
(-2.39698e-06 8.2988e-06 0)
(-2.45996e-06 8.46853e-06 0)
(-2.50872e-06 8.64134e-06 0)
(-2.54302e-06 8.81602e-06 0)
(-2.56271e-06 8.99132e-06 0)
(-2.56776e-06 9.16594e-06 0)
(-2.5583e-06 9.33859e-06 0)
(-2.53457e-06 9.50796e-06 0)
(-2.49695e-06 9.67278e-06 0)
(-2.446e-06 9.8318e-06 0)
(-2.38236e-06 9.98388e-06 0)
(-2.30684e-06 1.01279e-05 0)
(-2.22033e-06 1.0263e-05 0)
(-2.12383e-06 1.03881e-05 0)
(-2.01841e-06 1.05027e-05 0)
(-1.9052e-06 1.06062e-05 0)
(-1.78536e-06 1.0698e-05 0)
(-1.66008e-06 1.0778e-05 0)
(-1.53054e-06 1.08458e-05 0)
(-1.39787e-06 1.09017e-05 0)
(-1.26321e-06 1.09455e-05 0)
(-1.12761e-06 1.09776e-05 0)
(-9.92054e-07 1.09982e-05 0)
(-5.13028e-07 6.20044e-06 0)
(4.84361e-09 1.40631e-08 0)
(-9.43145e-08 7.05391e-06 0)
(-2.80812e-07 7.06876e-06 0)
(-4.62645e-07 7.09768e-06 0)
(-6.39043e-07 7.13993e-06 0)
(-8.09292e-07 7.19478e-06 0)
(-9.72716e-07 7.26151e-06 0)
(-1.12867e-06 7.33943e-06 0)
(-1.27655e-06 7.42782e-06 0)
(-1.41574e-06 7.52597e-06 0)
(-1.5457e-06 7.63313e-06 0)
(-1.66587e-06 7.74854e-06 0)
(-1.77573e-06 7.87139e-06 0)
(-1.87482e-06 8.00085e-06 0)
(-1.9627e-06 8.13603e-06 0)
(-2.039e-06 8.27601e-06 0)
(-2.10338e-06 8.41981e-06 0)
(-2.1556e-06 8.56645e-06 0)
(-2.1955e-06 8.71488e-06 0)
(-2.22298e-06 8.86404e-06 0)
(-2.23808e-06 9.01285e-06 0)
(-2.2409e-06 9.16025e-06 0)
(-2.23167e-06 9.30517e-06 0)
(-2.21072e-06 9.44656e-06 0)
(-2.17846e-06 9.58343e-06 0)
(-2.13544e-06 9.71484e-06 0)
(-2.08228e-06 9.8399e-06 0)
(-2.01968e-06 9.95784e-06 0)
(-1.94843e-06 1.00679e-05 0)
(-1.86935e-06 1.01696e-05 0)
(-1.78334e-06 1.02623e-05 0)
(-1.69132e-06 1.03457e-05 0)
(-1.5942e-06 1.04196e-05 0)
(-1.49293e-06 1.04836e-05 0)
(-1.38843e-06 1.05378e-05 0)
(-1.28159e-06 1.05823e-05 0)
(-1.17329e-06 1.0617e-05 0)
(-1.06438e-06 1.06423e-05 0)
(-9.55644e-07 1.06585e-05 0)
(-4.98163e-07 5.8566e-06 0)
(5.36561e-09 1.29466e-08 0)
(-8.39995e-08 7.31143e-06 0)
(-2.50056e-07 7.3249e-06 0)
(-4.11834e-07 7.35114e-06 0)
(-5.68579e-07 7.3894e-06 0)
(-7.196e-07 7.43899e-06 0)
(-8.64256e-07 7.49919e-06 0)
(-1.00195e-06 7.5693e-06 0)
(-1.13213e-06 7.64859e-06 0)
(-1.25428e-06 7.73634e-06 0)
(-1.36792e-06 7.83179e-06 0)
(-1.4726e-06 7.93419e-06 0)
(-1.56792e-06 8.04273e-06 0)
(-1.65353e-06 8.15659e-06 0)
(-1.72912e-06 8.27494e-06 0)
(-1.79445e-06 8.39691e-06 0)
(-1.84933e-06 8.5216e-06 0)
(-1.89365e-06 8.64811e-06 0)
(-1.92735e-06 8.77553e-06 0)
(-1.95047e-06 8.90293e-06 0)
(-1.96311e-06 9.02942e-06 0)
(-1.96547e-06 9.15408e-06 0)
(-1.95782e-06 9.27605e-06 0)
(-1.94052e-06 9.3945e-06 0)
(-1.91398e-06 9.50864e-06 0)
(-1.8787e-06 9.61775e-06 0)
(-1.83525e-06 9.72116e-06 0)
(-1.78424e-06 9.81828e-06 0)
(-1.72634e-06 9.9086e-06 0)
(-1.66225e-06 9.99171e-06 0)
(-1.59269e-06 1.00672e-05 0)
(-1.51841e-06 1.0135e-05 0)
(-1.44015e-06 1.01947e-05 0)
(-1.35866e-06 1.02464e-05 0)
(-1.27464e-06 1.02899e-05 0)
(-1.18881e-06 1.03254e-05 0)
(-1.10179e-06 1.0353e-05 0)
(-1.01416e-06 1.03729e-05 0)
(-9.26377e-07 1.03851e-05 0)
(-4.85592e-07 5.55023e-06 0)
(5.6879e-09 1.20223e-08 0)
(-7.46752e-08 7.54058e-06 0)
(-2.22269e-07 7.55273e-06 0)
(-3.65972e-07 7.57636e-06 0)
(-5.05069e-07 7.61078e-06 0)
(-6.38909e-07 7.65533e-06 0)
(-7.66901e-07 7.70931e-06 0)
(-8.88506e-07 7.77202e-06 0)
(-1.00323e-06 7.84277e-06 0)
(-1.11063e-06 7.92083e-06 0)
(-1.2103e-06 8.00548e-06 0)
(-1.3019e-06 8.09597e-06 0)
(-1.38511e-06 8.19154e-06 0)
(-1.45967e-06 8.29142e-06 0)
(-1.52538e-06 8.39482e-06 0)
(-1.5821e-06 8.50094e-06 0)
(-1.62973e-06 8.60898e-06 0)
(-1.66825e-06 8.71813e-06 0)
(-1.69767e-06 8.82759e-06 0)
(-1.71812e-06 8.93657e-06 0)
(-1.72973e-06 9.04429e-06 0)
(-1.73275e-06 9.15001e-06 0)
(-1.72745e-06 9.25302e-06 0)
(-1.71418e-06 9.35265e-06 0)
(-1.69334e-06 9.44826e-06 0)
(-1.66538e-06 9.5393e-06 0)
(-1.63079e-06 9.62526e-06 0)
(-1.5901e-06 9.70568e-06 0)
(-1.54387e-06 9.78021e-06 0)
(-1.49267e-06 9.84854e-06 0)
(-1.43711e-06 9.91043e-06 0)
(-1.37778e-06 9.96573e-06 0)
(-1.3153e-06 1.00143e-05 0)
(-1.25028e-06 1.00562e-05 0)
(-1.1833e-06 1.00915e-05 0)
(-1.11498e-06 1.01201e-05 0)
(-1.0459e-06 1.01422e-05 0)
(-9.76675e-07 1.0158e-05 0)
(-9.07916e-07 1.01675e-05 0)
(-4.78286e-07 5.27357e-06 0)
(5.84816e-09 1.12509e-08 0)
(-6.62964e-08 7.74416e-06 0)
(-1.9731e-07 7.75506e-06 0)
(-3.24814e-07 7.77624e-06 0)
(-4.48143e-07 7.80706e-06 0)
(-5.66701e-07 7.84689e-06 0)
(-6.79951e-07 7.89508e-06 0)
(-7.87411e-07 7.95095e-06 0)
(-8.88655e-07 8.01384e-06 0)
(-9.83303e-07 8.08306e-06 0)
(-1.07103e-06 8.15792e-06 0)
(-1.15155e-06 8.23771e-06 0)
(-1.22464e-06 8.32172e-06 0)
(-1.29011e-06 8.40923e-06 0)
(-1.34785e-06 8.49952e-06 0)
(-1.39776e-06 8.59186e-06 0)
(-1.43983e-06 8.68554e-06 0)
(-1.47409e-06 8.77985e-06 0)
(-1.50062e-06 8.87407e-06 0)
(-1.51955e-06 8.96754e-06 0)
(-1.53106e-06 9.05959e-06 0)
(-1.53541e-06 9.1496e-06 0)
(-1.53285e-06 9.23697e-06 0)
(-1.52373e-06 9.32117e-06 0)
(-1.50838e-06 9.40167e-06 0)
(-1.48722e-06 9.47805e-06 0)
(-1.46065e-06 9.54989e-06 0)
(-1.42913e-06 9.61686e-06 0)
(-1.39311e-06 9.67868e-06 0)
(-1.35306e-06 9.73514e-06 0)
(-1.30946e-06 9.78609e-06 0)
(-1.26279e-06 9.83142e-06 0)
(-1.21353e-06 9.87111e-06 0)
(-1.16215e-06 9.90517e-06 0)
(-1.10913e-06 9.9337e-06 0)
(-1.05492e-06 9.95681e-06 0)
(-9.99974e-07 9.97472e-06 0)
(-9.44757e-07 9.98765e-06 0)
(-8.89718e-07 9.99588e-06 0)
(-4.69792e-07 5.00935e-06 0)
(5.8497e-09 1.06014e-08 0)
(-5.87992e-08 7.92482e-06 0)
(-1.74985e-07 7.93456e-06 0)
(-2.88026e-07 7.95347e-06 0)
(-3.97317e-07 7.98099e-06 0)
(-5.02318e-07 8.0165e-06 0)
(-6.0255e-07 8.05939e-06 0)
(-6.97592e-07 8.10905e-06 0)
(-7.87076e-07 8.16484e-06 0)
(-8.70687e-07 8.22612e-06 0)
(-9.48157e-07 8.29224e-06 0)
(-1.01927e-06 8.36255e-06 0)
(-1.08386e-06 8.43639e-06 0)
(-1.14181e-06 8.51311e-06 0)
(-1.19304e-06 8.59204e-06 0)
(-1.23753e-06 8.67254e-06 0)
(-1.2753e-06 8.75396e-06 0)
(-1.30643e-06 8.83568e-06 0)
(-1.33101e-06 8.91709e-06 0)
(-1.34921e-06 8.99759e-06 0)
(-1.36123e-06 9.07663e-06 0)
(-1.36728e-06 9.15367e-06 0)
(-1.36764e-06 9.22822e-06 0)
(-1.36259e-06 9.29981e-06 0)
(-1.35245e-06 9.36804e-06 0)
(-1.33756e-06 9.43252e-06 0)
(-1.31827e-06 9.49296e-06 0)
(-1.29495e-06 9.54906e-06 0)
(-1.26795e-06 9.60063e-06 0)
(-1.23766e-06 9.64749e-06 0)
(-1.20443e-06 9.68954e-06 0)
(-1.16864e-06 9.72673e-06 0)
(-1.13064e-06 9.75904e-06 0)
(-1.09077e-06 9.78653e-06 0)
(-1.04935e-06 9.80929e-06 0)
(-1.0067e-06 9.82747e-06 0)
(-9.63084e-07 9.84125e-06 0)
(-9.18729e-07 9.85085e-06 0)
(-8.73781e-07 9.85649e-06 0)
(-4.61563e-07 4.76097e-06 0)
(5.71572e-09 1.00384e-08 0)
(-5.21087e-08 8.08499e-06 0)
(-1.55069e-07 8.09368e-06 0)
(-2.55227e-07 8.11054e-06 0)
(-3.52039e-07 8.13505e-06 0)
(-4.45027e-07 8.16666e-06 0)
(-5.33768e-07 8.2048e-06 0)
(-6.17899e-07 8.2489e-06 0)
(-6.97106e-07 8.29838e-06 0)
(-7.71131e-07 8.35263e-06 0)
(-8.3976e-07 8.41106e-06 0)
(-9.02829e-07 8.47308e-06 0)
(-9.60222e-07 8.53809e-06 0)
(-1.01187e-06 8.60548e-06 0)
(-1.05773e-06 8.67468e-06 0)
(-1.09784e-06 8.7451e-06 0)
(-1.13224e-06 8.81617e-06 0)
(-1.16102e-06 8.88733e-06 0)
(-1.18432e-06 8.95806e-06 0)
(-1.2023e-06 9.02784e-06 0)
(-1.21515e-06 9.09618e-06 0)
(-1.2231e-06 9.16262e-06 0)
(-1.22638e-06 9.22674e-06 0)
(-1.22526e-06 9.28814e-06 0)
(-1.22001e-06 9.34648e-06 0)
(-1.21092e-06 9.40142e-06 0)
(-1.19828e-06 9.45271e-06 0)
(-1.18238e-06 9.50011e-06 0)
(-1.16351e-06 9.54343e-06 0)
(-1.14195e-06 9.58254e-06 0)
(-1.11798e-06 9.61735e-06 0)
(-1.09185e-06 9.6478e-06 0)
(-1.06381e-06 9.67391e-06 0)
(-1.0341e-06 9.69572e-06 0)
(-1.00295e-06 9.71333e-06 0)
(-9.70566e-07 9.72686e-06 0)
(-9.37172e-07 9.73649e-06 0)
(-9.02987e-07 9.74242e-06 0)
(-8.68242e-07 9.74481e-06 0)
(-4.58783e-07 4.52842e-06 0)
(5.48927e-09 9.53642e-09 0)
(-4.6145e-08 8.22689e-06 0)
(-1.3732e-07 8.23463e-06 0)
(-2.2601e-07 8.24966e-06 0)
(-3.11735e-07 8.27149e-06 0)
(-3.94072e-07 8.29963e-06 0)
(-4.72657e-07 8.33356e-06 0)
(-5.47176e-07 8.37274e-06 0)
(-6.17369e-07 8.41666e-06 0)
(-6.83024e-07 8.46476e-06 0)
(-7.43974e-07 8.51651e-06 0)
(-8.00101e-07 8.57136e-06 0)
(-8.51328e-07 8.62878e-06 0)
(-8.9762e-07 8.68822e-06 0)
(-9.38984e-07 8.74917e-06 0)
(-9.75462e-07 8.81111e-06 0)
(-1.00713e-06 8.87353e-06 0)
(-1.03411e-06 8.93595e-06 0)
(-1.05653e-06 8.9979e-06 0)
(-1.07457e-06 9.05892e-06 0)
(-1.08842e-06 9.11859e-06 0)
(-1.09829e-06 9.17651e-06 0)
(-1.1044e-06 9.23231e-06 0)
(-1.10699e-06 9.28563e-06 0)
(-1.10631e-06 9.33616e-06 0)
(-1.1026e-06 9.38361e-06 0)
(-1.0961e-06 9.42774e-06 0)
(-1.08705e-06 9.46833e-06 0)
(-1.07567e-06 9.50519e-06 0)
(-1.06216e-06 9.53818e-06 0)
(-1.04672e-06 9.56719e-06 0)
(-1.02951e-06 9.59218e-06 0)
(-1.01068e-06 9.6131e-06 0)
(-9.90344e-07 9.63e-06 0)
(-9.68616e-07 9.64294e-06 0)
(-9.4558e-07 9.65205e-06 0)
(-9.21312e-07 9.65751e-06 0)
(-8.95882e-07 9.65956e-06 0)
(-8.69331e-07 9.6584e-06 0)
(-4.58821e-07 4.29595e-06 0)
(5.18442e-09 9.07232e-09 0)
(-4.0828e-08 8.35249e-06 0)
(-1.21499e-07 8.3594e-06 0)
(-1.99975e-07 8.3728e-06 0)
(-2.75834e-07 8.39227e-06 0)
(-3.48712e-07 8.41735e-06 0)
(-4.18292e-07 8.44758e-06 0)
(-4.8431e-07 8.48247e-06 0)
(-5.46551e-07 8.52155e-06 0)
(-6.04843e-07 8.56433e-06 0)
(-6.59061e-07 8.61033e-06 0)
(-7.09121e-07 8.65904e-06 0)
(-7.54982e-07 8.71001e-06 0)
(-7.96637e-07 8.76274e-06 0)
(-8.34121e-07 8.81678e-06 0)
(-8.67498e-07 8.87167e-06 0)
(-8.96866e-07 8.92697e-06 0)
(-9.22352e-07 8.98224e-06 0)
(-9.44107e-07 9.03708e-06 0)
(-9.62306e-07 9.09109e-06 0)
(-9.7714e-07 9.1439e-06 0)
(-9.88817e-07 9.19514e-06 0)
(-9.97554e-07 9.24449e-06 0)
(-1.00358e-06 9.29162e-06 0)
(-1.00711e-06 9.33625e-06 0)
(-1.00837e-06 9.3781e-06 0)
(-1.00757e-06 9.41693e-06 0)
(-1.00492e-06 9.4525e-06 0)
(-1.00059e-06 9.48463e-06 0)
(-9.94739e-07 9.51312e-06 0)
(-9.87492e-07 9.53784e-06 0)
(-9.78939e-07 9.55865e-06 0)
(-9.69136e-07 9.57548e-06 0)
(-9.58093e-07 9.58827e-06 0)
(-9.45781e-07 9.59704e-06 0)
(-9.32134e-07 9.60183e-06 0)
(-9.17058e-07 9.60279e-06 0)
(-9.00451e-07 9.60015e-06 0)
(-8.82197e-07 9.59412e-06 0)
(-4.64914e-07 4.05999e-06 0)
(4.82713e-09 8.6193e-09 0)
(-3.60807e-08 8.46356e-06 0)
(-1.07374e-07 8.46973e-06 0)
(-1.76735e-07 8.48171e-06 0)
(-2.43797e-07 8.49911e-06 0)
(-3.08244e-07 8.52153e-06 0)
(-3.69806e-07 8.54853e-06 0)
(-4.28262e-07 8.5797e-06 0)
(-4.83434e-07 8.61461e-06 0)
(-5.35188e-07 8.65282e-06 0)
(-5.83431e-07 8.69389e-06 0)
(-6.28108e-07 8.73741e-06 0)
(-6.69205e-07 8.78294e-06 0)
(-7.06741e-07 8.83006e-06 0)
(-7.40769e-07 8.87838e-06 0)
(-7.71373e-07 8.92748e-06 0)
(-7.98667e-07 8.97699e-06 0)
(-8.22788e-07 9.02653e-06 0)
(-8.43897e-07 9.07574e-06 0)
(-8.62177e-07 9.12428e-06 0)
(-8.77825e-07 9.17182e-06 0)
(-8.91051e-07 9.21804e-06 0)
(-9.02075e-07 9.26263e-06 0)
(-9.1112e-07 9.30532e-06 0)
(-9.18412e-07 9.34583e-06 0)
(-9.24172e-07 9.38388e-06 0)
(-9.2861e-07 9.41924e-06 0)
(-9.31924e-07 9.45166e-06 0)
(-9.34287e-07 9.48089e-06 0)
(-9.35846e-07 9.50672e-06 0)
(-9.3671e-07 9.52891e-06 0)
(-9.36941e-07 9.54725e-06 0)
(-9.36543e-07 9.56152e-06 0)
(-9.35449e-07 9.57153e-06 0)
(-9.33506e-07 9.57708e-06 0)
(-9.30459e-07 9.57804e-06 0)
(-9.25939e-07 9.5743e-06 0)
(-9.19444e-07 9.56588e-06 0)
(-9.10291e-07 9.55279e-06 0)
(-4.78914e-07 3.81488e-06 0)
(4.44028e-09 8.15343e-09 0)
(-3.18319e-08 8.56164e-06 0)
(-9.47322e-08 8.56717e-06 0)
(-1.55935e-07 8.57791e-06 0)
(-2.15124e-07 8.59351e-06 0)
(-2.72024e-07 8.6136e-06 0)
(-3.26409e-07 8.63781e-06 0)
(-3.78091e-07 8.66577e-06 0)
(-4.26925e-07 8.6971e-06 0)
(-4.72808e-07 8.7314e-06 0)
(-5.15671e-07 8.7683e-06 0)
(-5.55486e-07 8.80742e-06 0)
(-5.92257e-07 8.8484e-06 0)
(-6.26022e-07 8.89087e-06 0)
(-6.56851e-07 8.93448e-06 0)
(-6.84842e-07 8.97889e-06 0)
(-7.10119e-07 9.02377e-06 0)
(-7.32831e-07 9.06879e-06 0)
(-7.53149e-07 9.11366e-06 0)
(-7.71262e-07 9.15806e-06 0)
(-7.87379e-07 9.20173e-06 0)
(-8.01717e-07 9.24439e-06 0)
(-8.14508e-07 9.28576e-06 0)
(-8.25989e-07 9.32561e-06 0)
(-8.36403e-07 9.36366e-06 0)
(-8.45993e-07 9.39969e-06 0)
(-8.54998e-07 9.43343e-06 0)
(-8.63649e-07 9.46464e-06 0)
(-8.72167e-07 9.49307e-06 0)
(-8.80751e-07 9.51842e-06 0)
(-8.89573e-07 9.54042e-06 0)
(-8.98766e-07 9.55874e-06 0)
(-9.08413e-07 9.573e-06 0)
(-9.18517e-07 9.58282e-06 0)
(-9.28985e-07 9.58771e-06 0)
(-9.39576e-07 9.58715e-06 0)
(-9.49857e-07 9.58052e-06 0)
(-9.59117e-07 9.56713e-06 0)
(-9.66199e-07 9.54602e-06 0)
(-5.09043e-07 3.55963e-06 0)
(4.05112e-09 7.6608e-09 0)
(-2.80176e-08 8.64807e-06 0)
(-8.33825e-08 8.65304e-06 0)
(-1.37259e-07 8.6627e-06 0)
(-1.89371e-07 8.67673e-06 0)
(-2.39484e-07 8.69481e-06 0)
(-2.87402e-07 8.71662e-06 0)
(-3.32969e-07 8.74181e-06 0)
(-3.76066e-07 8.77005e-06 0)
(-4.16612e-07 8.80102e-06 0)
(-4.5456e-07 8.83438e-06 0)
(-4.89897e-07 8.8698e-06 0)
(-5.22645e-07 8.90698e-06 0)
(-5.52852e-07 8.9456e-06 0)
(-5.806e-07 8.98536e-06 0)
(-6.05995e-07 9.02598e-06 0)
(-6.29169e-07 9.06718e-06 0)
(-6.5028e-07 9.1087e-06 0)
(-6.69504e-07 9.15028e-06 0)
(-6.8704e-07 9.19168e-06 0)
(-7.03102e-07 9.23266e-06 0)
(-7.17922e-07 9.27299e-06 0)
(-7.31745e-07 9.31247e-06 0)
(-7.44828e-07 9.35087e-06 0)
(-7.5744e-07 9.38799e-06 0)
(-7.69859e-07 9.42361e-06 0)
(-7.8237e-07 9.45753e-06 0)
(-7.95267e-07 9.48951e-06 0)
(-8.08851e-07 9.51933e-06 0)
(-8.2343e-07 9.54671e-06 0)
(-8.39317e-07 9.57137e-06 0)
(-8.56833e-07 9.59297e-06 0)
(-8.76302e-07 9.6111e-06 0)
(-8.98046e-07 9.62527e-06 0)
(-9.22383e-07 9.63486e-06 0)
(-9.49606e-07 9.63909e-06 0)
(-9.79962e-07 9.63696e-06 0)
(-1.01361e-06 9.62716e-06 0)
(-1.05042e-06 9.60769e-06 0)
(-5.57757e-07 3.31359e-06 0)
(3.65811e-09 7.15778e-09 0)
(-2.45821e-08 8.72403e-06 0)
(-7.31584e-08 8.72852e-06 0)
(-1.20429e-07 8.73723e-06 0)
(-1.66155e-07 8.7499e-06 0)
(-2.1013e-07 8.76623e-06 0)
(-2.52187e-07 8.78594e-06 0)
(-2.92192e-07 8.80873e-06 0)
(-3.30046e-07 8.83432e-06 0)
(-3.65686e-07 8.86243e-06 0)
(-3.99077e-07 8.89276e-06 0)
(-4.30218e-07 8.92505e-06 0)
(-4.59139e-07 8.95903e-06 0)
(-4.85896e-07 8.99444e-06 0)
(-5.10573e-07 9.03103e-06 0)
(-5.33281e-07 9.06858e-06 0)
(-5.54155e-07 9.10687e-06 0)
(-5.73352e-07 9.14567e-06 0)
(-5.91052e-07 9.18479e-06 0)
(-6.07457e-07 9.22404e-06 0)
(-6.22784e-07 9.26325e-06 0)
(-6.37272e-07 9.30224e-06 0)
(-6.51175e-07 9.34085e-06 0)
(-6.64765e-07 9.37893e-06 0)
(-6.7833e-07 9.41632e-06 0)
(-6.92175e-07 9.45288e-06 0)
(-7.06624e-07 9.48846e-06 0)
(-7.22022e-07 9.5229e-06 0)
(-7.3874e-07 9.55606e-06 0)
(-7.57179e-07 9.58776e-06 0)
(-7.77785e-07 9.61783e-06 0)
(-8.0106e-07 9.64608e-06 0)
(-8.27579e-07 9.67226e-06 0)
(-8.58024e-07 9.69611e-06 0)
(-8.93215e-07 9.71729e-06 0)
(-9.34165e-07 9.73535e-06 0)
(-9.82147e-07 9.74972e-06 0)
(-1.03879e-06 9.75961e-06 0)
(-1.10603e-06 9.76356e-06 0)
(-5.93144e-07 3.09953e-06 0)
(3.13866e-09 6.68102e-09 0)
(-2.14785e-08 8.79055e-06 0)
(-6.392e-08 8.79461e-06 0)
(-1.05216e-07 8.80249e-06 0)
(-1.45155e-07 8.81395e-06 0)
(-1.83556e-07 8.82875e-06 0)
(-2.2027e-07 8.84662e-06 0)
(-2.55183e-07 8.86732e-06 0)
(-2.88209e-07 8.8906e-06 0)
(-3.19292e-07 8.91622e-06 0)
(-3.48409e-07 8.94393e-06 0)
(-3.75561e-07 8.97352e-06 0)
(-4.0078e-07 9.00476e-06 0)
(-4.24122e-07 9.03744e-06 0)
(-4.45669e-07 9.07137e-06 0)
(-4.65529e-07 9.10637e-06 0)
(-4.83829e-07 9.14226e-06 0)
(-5.00724e-07 9.1789e-06 0)
(-5.16386e-07 9.21614e-06 0)
(-5.31011e-07 9.25384e-06 0)
(-5.44812e-07 9.29188e-06 0)
(-5.58023e-07 9.33017e-06 0)
(-5.70896e-07 9.36859e-06 0)
(-5.83702e-07 9.40706e-06 0)
(-5.96731e-07 9.44549e-06 0)
(-6.10288e-07 9.48382e-06 0)
(-6.24703e-07 9.52197e-06 0)
(-6.40324e-07 9.55989e-06 0)
(-6.57525e-07 9.59755e-06 0)
(-6.76715e-07 9.63491e-06 0)
(-6.98341e-07 9.67196e-06 0)
(-7.22905e-07 9.70873e-06 0)
(-7.50987e-07 9.74529e-06 0)
(-7.83272e-07 9.78177e-06 0)
(-8.20593e-07 9.81836e-06 0)
(-8.63991e-07 9.85538e-06 0)
(-9.14798e-07 9.89329e-06 0)
(-9.74751e-07 9.93274e-06 0)
(-1.04591e-06 9.97405e-06 0)
(-5.63685e-07 2.92284e-06 0)
(2.28328e-09 6.23296e-09 0)
(-1.86683e-08 8.84853e-06 0)
(-5.55532e-08 8.85221e-06 0)
(-9.14316e-08 8.85935e-06 0)
(-1.26112e-07 8.86974e-06 0)
(-1.59433e-07 8.88317e-06 0)
(-1.91261e-07 8.89941e-06 0)
(-2.2149e-07 8.91825e-06 0)
(-2.50043e-07 8.93948e-06 0)
(-2.7687e-07 8.96288e-06 0)
(-3.01947e-07 8.98827e-06 0)
(-3.25274e-07 9.01546e-06 0)
(-3.46877e-07 9.04428e-06 0)
(-3.66807e-07 9.07455e-06 0)
(-3.85135e-07 9.10614e-06 0)
(-4.01956e-07 9.13891e-06 0)
(-4.17387e-07 9.17274e-06 0)
(-4.31565e-07 9.20752e-06 0)
(-4.44649e-07 9.24317e-06 0)
(-4.56816e-07 9.2796e-06 0)
(-4.68266e-07 9.31677e-06 0)
(-4.79214e-07 9.35462e-06 0)
(-4.89898e-07 9.39311e-06 0)
(-5.0057e-07 9.43222e-06 0)
(-5.115e-07 9.47194e-06 0)
(-5.22975e-07 9.51227e-06 0)
(-5.35292e-07 9.55321e-06 0)
(-5.48762e-07 9.59478e-06 0)
(-5.63701e-07 9.63704e-06 0)
(-5.80433e-07 9.68004e-06 0)
(-5.9928e-07 9.72388e-06 0)
(-6.20562e-07 9.76872e-06 0)
(-6.44593e-07 9.81479e-06 0)
(-6.71675e-07 9.86243e-06 0)
(-7.02094e-07 9.91211e-06 0)
(-7.36118e-07 9.96455e-06 0)
(-7.73987e-07 1.00207e-05 0)
(-8.15894e-07 1.0082e-05 0)
(-8.61707e-07 1.01493e-05 0)
(-4.64368e-07 2.77449e-06 0)
(1.03672e-09 5.76907e-09 0)
(-1.61216e-08 8.89877e-06 0)
(-4.79685e-08 8.9021e-06 0)
(-7.89288e-08 8.90858e-06 0)
(-1.08827e-07 8.918e-06 0)
(-1.37513e-07 8.93019e-06 0)
(-1.64863e-07 8.94495e-06 0)
(-1.90778e-07 8.9621e-06 0)
(-2.15182e-07 8.98145e-06 0)
(-2.38023e-07 9.00284e-06 0)
(-2.59274e-07 9.02611e-06 0)
(-2.78928e-07 9.0511e-06 0)
(-2.96999e-07 9.07767e-06 0)
(-3.13522e-07 9.10572e-06 0)
(-3.28553e-07 9.13512e-06 0)
(-3.42167e-07 9.16578e-06 0)
(-3.54459e-07 9.19764e-06 0)
(-3.65541e-07 9.23064e-06 0)
(-3.75546e-07 9.26473e-06 0)
(-3.84625e-07 9.2999e-06 0)
(-3.92948e-07 9.33614e-06 0)
(-4.00706e-07 9.37345e-06 0)
(-4.08105e-07 9.41187e-06 0)
(-4.15371e-07 9.45143e-06 0)
(-4.22746e-07 9.49218e-06 0)
(-4.30486e-07 9.53418e-06 0)
(-4.38858e-07 9.5775e-06 0)
(-4.4813e-07 9.6222e-06 0)
(-4.58565e-07 9.66835e-06 0)
(-4.7041e-07 9.71604e-06 0)
(-4.83874e-07 9.76536e-06 0)
(-4.99107e-07 9.81639e-06 0)
(-5.16175e-07 9.86925e-06 0)
(-5.35019e-07 9.92412e-06 0)
(-5.55414e-07 9.98123e-06 0)
(-5.76915e-07 1.00409e-05 0)
(-5.98792e-07 1.01037e-05 0)
(-6.1995e-07 1.01702e-05 0)
(-6.38633e-07 1.02404e-05 0)
(-3.45838e-07 2.66859e-06 0)
(-3.77754e-10 5.27098e-09 0)
(-1.3815e-08 8.942e-06 0)
(-4.10976e-08 8.94502e-06 0)
(-6.75972e-08 8.95088e-06 0)
(-9.31491e-08 8.95941e-06 0)
(-1.17612e-07 8.97045e-06 0)
(-1.40866e-07 8.98384e-06 0)
(-1.62813e-07 8.99941e-06 0)
(-1.83377e-07 9.01702e-06 0)
(-2.02501e-07 9.03651e-06 0)
(-2.20147e-07 9.05776e-06 0)
(-2.36295e-07 9.08064e-06 0)
(-2.50943e-07 9.10506e-06 0)
(-2.64108e-07 9.13091e-06 0)
(-2.75819e-07 9.15813e-06 0)
(-2.86125e-07 9.18666e-06 0)
(-2.95089e-07 9.21647e-06 0)
(-3.0279e-07 9.24753e-06 0)
(-3.09324e-07 9.27985e-06 0)
(-3.14804e-07 9.31346e-06 0)
(-3.1936e-07 9.3484e-06 0)
(-3.2314e-07 9.38474e-06 0)
(-3.26314e-07 9.42255e-06 0)
(-3.2907e-07 9.46195e-06 0)
(-3.3162e-07 9.50304e-06 0)
(-3.34196e-07 9.54595e-06 0)
(-3.37049e-07 9.5908e-06 0)
(-3.40447e-07 9.6377e-06 0)
(-3.44665e-07 9.68676e-06 0)
(-3.49973e-07 9.73805e-06 0)
(-3.56617e-07 9.79158e-06 0)
(-3.64794e-07 9.84731e-06 0)
(-3.74606e-07 9.90512e-06 0)
(-3.86021e-07 9.96479e-06 0)
(-3.98803e-07 1.0026e-05 0)
(-4.12449e-07 1.00883e-05 0)
(-4.26118e-07 1.01511e-05 0)
(-4.38558e-07 1.02139e-05 0)
(-4.47962e-07 1.0275e-05 0)
(-2.49095e-07 2.64275e-06 0)
(-1.68128e-09 4.78415e-09 0)
(-1.17315e-08 8.9789e-06 0)
(-3.48899e-08 8.98161e-06 0)
(-5.73554e-08 8.9869e-06 0)
(-7.89709e-08 8.99459e-06 0)
(-9.95999e-08 9.00456e-06 0)
(-1.19125e-07 9.01665e-06 0)
(-1.37447e-07 9.03072e-06 0)
(-1.54484e-07 9.04664e-06 0)
(-1.70172e-07 9.0643e-06 0)
(-1.84459e-07 9.08358e-06 0)
(-1.97311e-07 9.10438e-06 0)
(-2.08704e-07 9.12662e-06 0)
(-2.1863e-07 9.15023e-06 0)
(-2.2709e-07 9.17516e-06 0)
(-2.34098e-07 9.20139e-06 0)
(-2.39679e-07 9.2289e-06 0)
(-2.43869e-07 9.2577e-06 0)
(-2.46716e-07 9.28783e-06 0)
(-2.48282e-07 9.31935e-06 0)
(-2.48639e-07 9.35235e-06 0)
(-2.47882e-07 9.38695e-06 0)
(-2.46119e-07 9.42327e-06 0)
(-2.43487e-07 9.46149e-06 0)
(-2.40147e-07 9.5018e-06 0)
(-2.363e-07 9.5444e-06 0)
(-2.32183e-07 9.58953e-06 0)
(-2.28086e-07 9.63739e-06 0)
(-2.24351e-07 9.6882e-06 0)
(-2.21378e-07 9.74213e-06 0)
(-2.19625e-07 9.79925e-06 0)
(-2.19592e-07 9.85954e-06 0)
(-2.21801e-07 9.92279e-06 0)
(-2.26745e-07 9.98852e-06 0)
(-2.34816e-07 1.0056e-05 0)
(-2.46201e-07 1.01239e-05 0)
(-2.60747e-07 1.01907e-05 0)
(-2.77815e-07 1.02544e-05 0)
(-2.96127e-07 1.03115e-05 0)
(-1.77064e-07 2.72944e-06 0)
(-2.71654e-09 4.3957e-09 0)
(-9.85795e-09 9.01008e-06 0)
(-2.93072e-08 9.01251e-06 0)
(-4.81429e-08 9.01725e-06 0)
(-6.6214e-08 9.02415e-06 0)
(-8.33873e-08 9.03309e-06 0)
(-9.9546e-08 9.04393e-06 0)
(-1.14588e-07 9.05655e-06 0)
(-1.28427e-07 9.07084e-06 0)
(-1.40987e-07 9.08669e-06 0)
(-1.52204e-07 9.10401e-06 0)
(-1.62026e-07 9.1227e-06 0)
(-1.70408e-07 9.1427e-06 0)
(-1.77314e-07 9.16395e-06 0)
(-1.82713e-07 9.18642e-06 0)
(-1.86583e-07 9.21008e-06 0)
(-1.88904e-07 9.23495e-06 0)
(-1.89664e-07 9.26104e-06 0)
(-1.88852e-07 9.28841e-06 0)
(-1.86464e-07 9.31713e-06 0)
(-1.82504e-07 9.34732e-06 0)
(-1.76981e-07 9.37913e-06 0)
(-1.6992e-07 9.41272e-06 0)
(-1.6136e-07 9.44833e-06 0)
(-1.5137e-07 9.48622e-06 0)
(-1.40055e-07 9.52671e-06 0)
(-1.27576e-07 9.57016e-06 0)
(-1.14172e-07 9.61698e-06 0)
(-1.00188e-07 9.66763e-06 0)
(-8.61155e-08 9.72258e-06 0)
(-7.26342e-08 9.78231e-06 0)
(-6.06615e-08 9.84724e-06 0)
(-5.1397e-08 9.91764e-06 0)
(-4.63494e-08 9.9935e-06 0)
(-4.73164e-08 1.00744e-05 0)
(-5.62789e-08 1.0159e-05 0)
(-7.51468e-08 1.0245e-05 0)
(-1.05285e-07 1.03285e-05 0)
(-1.46786e-07 1.04031e-05 0)
(-1.10517e-07 2.96405e-06 0)
(-3.42556e-09 4.60162e-09 0)
(-8.18363e-09 9.03613e-06 0)
(-2.43184e-08 9.0383e-06 0)
(-3.99113e-08 9.04252e-06 0)
(-5.48169e-08 9.04866e-06 0)
(-6.89052e-08 9.05661e-06 0)
(-8.20601e-08 9.06625e-06 0)
(-9.41777e-08 9.07747e-06 0)
(-1.05165e-07 9.09016e-06 0)
(-1.14939e-07 9.10422e-06 0)
(-1.23423e-07 9.11956e-06 0)
(-1.30547e-07 9.1361e-06 0)
(-1.36248e-07 9.15378e-06 0)
(-1.40462e-07 9.17254e-06 0)
(-1.43131e-07 9.19235e-06 0)
(-1.44193e-07 9.21318e-06 0)
(-1.43588e-07 9.23503e-06 0)
(-1.4125e-07 9.25792e-06 0)
(-1.3711e-07 9.2819e-06 0)
(-1.31093e-07 9.30704e-06 0)
(-1.23117e-07 9.33343e-06 0)
(-1.13092e-07 9.36123e-06 0)
(-1.00922e-07 9.3906e-06 0)
(-8.65057e-08 9.42179e-06 0)
(-6.97415e-08 9.45509e-06 0)
(-5.05355e-08 9.49088e-06 0)
(-2.88168e-08 9.52962e-06 0)
(-4.56266e-09 9.57192e-06 0)
(2.21622e-08 9.61851e-06 0)
(5.11416e-08 9.67032e-06 0)
(8.1911e-08 9.72851e-06 0)
(1.13612e-07 9.79451e-06 0)
(1.44781e-07 9.87001e-06 0)
(1.73058e-07 9.95699e-06 0)
(1.94807e-07 1.00576e-05 0)
(2.04683e-07 1.01736e-05 0)
(1.95252e-07 1.03061e-05 0)
(1.56977e-07 1.04535e-05 0)
(7.91872e-08 1.06084e-05 0)
(-1.0402e-08 3.43999e-06 0)
(-3.65369e-09 1.11406e-08 0)
(-6.69856e-09 9.05762e-06 0)
(-1.98945e-08 9.05954e-06 0)
(-3.26149e-08 9.06326e-06 0)
(-4.47213e-08 9.06869e-06 0)
(-5.60881e-08 9.07569e-06 0)
(-6.66015e-08 9.08418e-06 0)
(-7.61574e-08 9.09404e-06 0)
(-8.46597e-08 9.10516e-06 0)
(-9.20188e-08 9.11746e-06 0)
(-9.81499e-08 9.13084e-06 0)
(-1.02971e-07 9.14522e-06 0)
(-1.06401e-07 9.16053e-06 0)
(-1.08359e-07 9.17671e-06 0)
(-1.0876e-07 9.1937e-06 0)
(-1.07514e-07 9.21147e-06 0)
(-1.04526e-07 9.23e-06 0)
(-9.96888e-08 9.24928e-06 0)
(-9.28811e-08 9.26932e-06 0)
(-8.39662e-08 9.29015e-06 0)
(-7.27856e-08 9.31184e-06 0)
(-5.91541e-08 9.33446e-06 0)
(-4.28539e-08 9.35813e-06 0)
(-2.36268e-08 9.38301e-06 0)
(-1.16524e-09 9.40931e-06 0)
(2.48988e-08 9.43732e-06 0)
(5.5006e-08 9.46742e-06 0)
(8.96823e-08 9.50014e-06 0)
(1.2955e-07 9.53618e-06 0)
(1.7533e-07 9.57654e-06 0)
(2.27819e-07 9.62265e-06 0)
(2.87821e-07 9.67655e-06 0)
(3.55965e-07 9.74125e-06 0)
(4.32302e-07 9.82125e-06 0)
(5.15471e-07 9.92335e-06 0)
(6.01027e-07 1.0058e-05 0)
(6.78196e-07 1.02416e-05 0)
(7.23684e-07 1.04995e-05 0)
(6.90093e-07 1.0872e-05 0)
(3.15286e-07 4.70774e-06 0)
(-1.38255e-09 1.42861e-08 0)
(-5.39176e-09 9.07508e-06 0)
(-1.60033e-08 9.07676e-06 0)
(-2.62028e-08 9.08003e-06 0)
(-3.58606e-08 9.08477e-06 0)
(-4.48583e-08 9.09089e-06 0)
(-5.30869e-08 9.09829e-06 0)
(-6.04453e-08 9.10685e-06 0)
(-6.68379e-08 9.11648e-06 0)
(-7.21734e-08 9.12708e-06 0)
(-7.63631e-08 9.13855e-06 0)
(-7.93186e-08 9.1508e-06 0)
(-8.09505e-08 9.16375e-06 0)
(-8.11661e-08 9.17732e-06 0)
(-7.98674e-08 9.19144e-06 0)
(-7.69486e-08 9.20605e-06 0)
(-7.22933e-08 9.2211e-06 0)
(-6.57716e-08 9.23653e-06 0)
(-5.72356e-08 9.25231e-06 0)
(-4.65152e-08 9.26842e-06 0)
(-3.34116e-08 9.28481e-06 0)
(-1.76897e-08 9.30149e-06 0)
(9.32669e-10 9.31844e-06 0)
(2.2799e-08 9.33567e-06 0)
(4.8334e-08 9.35318e-06 0)
(7.80724e-08 9.371e-06 0)
(1.12701e-07 9.38914e-06 0)
(1.53122e-07 9.40766e-06 0)
(2.00552e-07 9.4266e-06 0)
(2.56676e-07 9.44602e-06 0)
(3.23899e-07 9.46604e-06 0)
(4.05766e-07 9.48677e-06 0)
(5.07661e-07 9.5084e-06 0)
(6.38004e-07 9.53115e-06 0)
(8.10317e-07 9.55537e-06 0)
(1.04681e-06 9.58153e-06 0)
(1.38462e-06 9.61029e-06 0)
(1.88674e-06 9.64256e-06 0)
(2.66106e-06 9.67961e-06 0)
(2.79732e-06 6.61286e-06 0)
(1.26436e-06 3.4685e-06 0)
(-4.24993e-09 9.08901e-06 0)
(-1.26056e-08 9.09047e-06 0)
(-2.06115e-08 9.09332e-06 0)
(-2.81497e-08 9.09744e-06 0)
(-3.51122e-08 9.10275e-06 0)
(-4.13983e-08 9.10913e-06 0)
(-4.69136e-08 9.1165e-06 0)
(-5.15676e-08 9.12473e-06 0)
(-5.52725e-08 9.13373e-06 0)
(-5.79416e-08 9.1434e-06 0)
(-5.94874e-08 9.15362e-06 0)
(-5.98203e-08 9.16432e-06 0)
(-5.88469e-08 9.17538e-06 0)
(-5.64678e-08 9.18672e-06 0)
(-5.2576e-08 9.19824e-06 0)
(-4.70545e-08 9.20986e-06 0)
(-3.97738e-08 9.22148e-06 0)
(-3.05891e-08 9.23302e-06 0)
(-1.93366e-08 9.24436e-06 0)
(-5.82946e-09 9.25543e-06 0)
(1.01475e-08 9.26608e-06 0)
(2.88445e-08 9.2762e-06 0)
(5.05548e-08 9.28562e-06 0)
(7.56249e-08 9.29414e-06 0)
(1.04468e-07 9.30149e-06 0)
(1.37578e-07 9.30734e-06 0)
(1.75549e-07 9.31122e-06 0)
(2.1909e-07 9.31248e-06 0)
(2.69042e-07 9.31022e-06 0)
(3.26364e-07 9.30313e-06 0)
(3.92092e-07 9.28932e-06 0)
(4.67181e-07 9.26596e-06 0)
(5.52151e-07 9.22879e-06 0)
(6.46317e-07 9.17133e-06 0)
(7.46204e-07 9.08351e-06 0)
(8.42441e-07 8.9496e-06 0)
(9.13764e-07 8.74479e-06 0)
(9.15748e-07 8.42956e-06 0)
(7.59933e-07 7.94078e-06 0)
(4.08351e-07 7.55995e-06 0)
(-3.25654e-09 9.09985e-06 0)
(-9.6524e-09 9.10112e-06 0)
(-1.57604e-08 9.10359e-06 0)
(-2.14783e-08 9.10717e-06 0)
(-2.67115e-08 9.11175e-06 0)
(-3.13716e-08 9.11724e-06 0)
(-3.53747e-08 9.12353e-06 0)
(-3.86402e-08 9.13052e-06 0)
(-4.10887e-08 9.13808e-06 0)
(-4.26416e-08 9.14612e-06 0)
(-4.32192e-08 9.15451e-06 0)
(-4.27399e-08 9.16316e-06 0)
(-4.11186e-08 9.17193e-06 0)
(-3.82659e-08 9.18072e-06 0)
(-3.40868e-08 9.18941e-06 0)
(-2.84797e-08 9.19788e-06 0)
(-2.13353e-08 9.206e-06 0)
(-1.25359e-08 9.21364e-06 0)
(-1.95434e-09 9.22066e-06 0)
(1.05465e-08 9.2269e-06 0)
(2.51133e-08 9.23218e-06 0)
(4.19025e-08 9.23628e-06 0)
(6.10777e-08 9.23896e-06 0)
(8.28059e-08 9.23992e-06 0)
(1.07251e-07 9.23879e-06 0)
(1.34561e-07 9.2351e-06 0)
(1.64845e-07 9.22828e-06 0)
(1.98144e-07 9.21759e-06 0)
(2.34369e-07 9.2021e-06 0)
(2.73222e-07 9.18063e-06 0)
(3.14059e-07 9.15171e-06 0)
(3.5571e-07 9.11354e-06 0)
(3.96203e-07 9.06396e-06 0)
(4.32433e-07 9.00059e-06 0)
(4.59764e-07 8.9211e-06 0)
(4.71711e-07 8.82389e-06 0)
(4.59994e-07 8.70953e-06 0)
(4.15634e-07 8.58357e-06 0)
(3.32547e-07 8.46188e-06 0)
(2.16452e-07 8.38031e-06 0)
(-2.39137e-09 9.10801e-06 0)
(-7.08328e-09 9.10912e-06 0)
(-1.155e-08 9.11128e-06 0)
(-1.57079e-08 9.11439e-06 0)
(-1.94795e-08 9.11837e-06 0)
(-2.2792e-08 9.1231e-06 0)
(-2.5576e-08 9.12848e-06 0)
(-2.77644e-08 9.1344e-06 0)
(-2.92913e-08 9.14075e-06 0)
(-3.0091e-08 9.1474e-06 0)
(-3.0097e-08 9.15422e-06 0)
(-2.92418e-08 9.16111e-06 0)
(-2.74556e-08 9.16792e-06 0)
(-2.46663e-08 9.17453e-06 0)
(-2.07994e-08 9.1808e-06 0)
(-1.57774e-08 9.18659e-06 0)
(-9.52076e-09 9.19176e-06 0)
(-1.94869e-09 9.19615e-06 0)
(7.01953e-09 9.19959e-06 0)
(1.7462e-08 9.20191e-06 0)
(2.94509e-08 9.2029e-06 0)
(4.30471e-08 9.20235e-06 0)
(5.82932e-08 9.20001e-06 0)
(7.52037e-08 9.1956e-06 0)
(9.37516e-08 9.18879e-06 0)
(1.1385e-07 9.17923e-06 0)
(1.35327e-07 9.16649e-06 0)
(1.57899e-07 9.15011e-06 0)
(1.81126e-07 9.12957e-06 0)
(2.0437e-07 9.10432e-06 0)
(2.26742e-07 9.07382e-06 0)
(2.47053e-07 9.03759e-06 0)
(2.63781e-07 8.99533e-06 0)
(2.75072e-07 8.94708e-06 0)
(2.78819e-07 8.89345e-06 0)
(2.72867e-07 8.83592e-06 0)
(2.55399e-07 8.77721e-06 0)
(2.25551e-07 8.72154e-06 0)
(1.84189e-07 8.67456e-06 0)
(1.34575e-07 8.64243e-06 0)
(-1.63048e-09 9.11381e-06 0)
(-4.82673e-09 9.11481e-06 0)
(-7.86128e-09 9.11672e-06 0)
(-1.06721e-08 9.11947e-06 0)
(-1.32017e-08 9.12297e-06 0)
(-1.53958e-08 9.12711e-06 0)
(-1.72026e-08 9.13178e-06 0)
(-1.8572e-08 9.13687e-06 0)
(-1.94547e-08 9.14225e-06 0)
(-1.98014e-08 9.14781e-06 0)
(-1.9563e-08 9.1534e-06 0)
(-1.86895e-08 9.15891e-06 0)
(-1.71303e-08 9.16418e-06 0)
(-1.48341e-08 9.16908e-06 0)
(-1.17491e-08 9.17347e-06 0)
(-7.82381e-09 9.17719e-06 0)
(-3.00823e-09 9.18009e-06 0)
(2.74465e-09 9.182e-06 0)
(9.47635e-09 9.18277e-06 0)
(1.72196e-08 9.18222e-06 0)
(2.59942e-08 9.18016e-06 0)
(3.58011e-08 9.17641e-06 0)
(4.66155e-08 9.17077e-06 0)
(5.83783e-08 9.16304e-06 0)
(7.09852e-08 9.153e-06 0)
(8.42752e-08 9.14046e-06 0)
(9.80167e-08 9.12521e-06 0)
(1.11894e-07 9.10707e-06 0)
(1.25495e-07 9.0859e-06 0)
(1.38301e-07 9.0616e-06 0)
(1.49687e-07 9.03421e-06 0)
(1.58928e-07 9.00386e-06 0)
(1.65235e-07 8.97091e-06 0)
(1.67804e-07 8.93596e-06 0)
(1.65901e-07 8.8999e-06 0)
(1.58986e-07 8.86397e-06 0)
(1.46844e-07 8.82973e-06 0)
(1.29735e-07 8.79896e-06 0)
(1.08475e-07 8.77344e-06 0)
(8.44175e-08 8.75458e-06 0)
(-9.46694e-10 9.11754e-06 0)
(-2.8013e-09 9.11844e-06 0)
(-4.55852e-09 9.12019e-06 0)
(-6.1802e-09 9.12269e-06 0)
(-7.63089e-09 9.12586e-06 0)
(-8.8772e-09 9.12959e-06 0)
(-9.88715e-09 9.13377e-06 0)
(-1.06298e-08 9.13829e-06 0)
(-1.10746e-08 9.14301e-06 0)
(-1.11914e-08 9.14782e-06 0)
(-1.09501e-08 9.15257e-06 0)
(-1.03203e-08 9.15712e-06 0)
(-9.27167e-09 9.16134e-06 0)
(-7.77395e-09 9.16507e-06 0)
(-5.79744e-09 9.16818e-06 0)
(-3.31369e-09 9.17049e-06 0)
(-2.96558e-10 9.17187e-06 0)
(3.27635e-09 9.17215e-06 0)
(7.4217e-09 9.17117e-06 0)
(1.21479e-08 9.16878e-06 0)
(1.74521e-08 9.16483e-06 0)
(2.3316e-08 9.15915e-06 0)
(2.97016e-08 9.15162e-06 0)
(3.65461e-08 9.14209e-06 0)
(4.37563e-08 9.13048e-06 0)
(5.12036e-08 9.11669e-06 0)
(5.87184e-08 9.10068e-06 0)
(6.60879e-08 9.08246e-06 0)
(7.30544e-08 9.06209e-06 0)
(7.93196e-08 9.03972e-06 0)
(8.45531e-08 9.01558e-06 0)
(8.84091e-08 8.99001e-06 0)
(9.05501e-08 8.96347e-06 0)
(9.06797e-08 8.93653e-06 0)
(8.85812e-08 8.90989e-06 0)
(8.41582e-08 8.8843e-06 0)
(7.74699e-08 8.8606e-06 0)
(6.87526e-08 8.83954e-06 0)
(5.84146e-08 8.82179e-06 0)
(4.70002e-08 8.80781e-06 0)
(-3.10244e-10 9.11935e-06 0)
(-9.17813e-10 9.12021e-06 0)
(-1.49285e-09 9.12187e-06 0)
(-2.02249e-09 9.12425e-06 0)
(-2.49475e-09 9.12725e-06 0)
(-2.89835e-09 9.13078e-06 0)
(-3.2225e-09 9.13471e-06 0)
(-3.45671e-09 9.13893e-06 0)
(-3.59072e-09 9.14332e-06 0)
(-3.61434e-09 9.14774e-06 0)
(-3.51743e-09 9.15206e-06 0)
(-3.28986e-09 9.15613e-06 0)
(-2.92154e-09 9.15981e-06 0)
(-2.40254e-09 9.16296e-06 0)
(-1.72326e-09 9.16541e-06 0)
(-8.74719e-10 9.16703e-06 0)
(1.51022e-10 9.16764e-06 0)
(1.36031e-09 9.16711e-06 0)
(2.75718e-09 9.16528e-06 0)
(4.34238e-09 9.16201e-06 0)
(6.11232e-09 9.15715e-06 0)
(8.05768e-09 9.15058e-06 0)
(1.0162e-08 9.14221e-06 0)
(1.24e-08 9.13193e-06 0)
(1.4736e-08 9.1197e-06 0)
(1.71229e-08 9.10551e-06 0)
(1.95005e-08 9.08938e-06 0)
(2.17961e-08 9.07141e-06 0)
(2.39247e-08 9.05174e-06 0)
(2.57919e-08 9.03059e-06 0)
(2.72976e-08 9.00828e-06 0)
(2.83426e-08 8.98516e-06 0)
(2.88362e-08 8.96168e-06 0)
(2.8706e-08 8.93835e-06 0)
(2.79077e-08 8.91569e-06 0)
(2.64341e-08 8.89426e-06 0)
(2.4321e-08 8.87457e-06 0)
(2.16487e-08 8.85707e-06 0)
(1.85368e-08 8.84211e-06 0)
(1.51331e-08 8.82992e-06 0)
(3.28064e-08 4.98959e-07 0)
(2.00503e-07 1.26672e-06 0)
(4.45128e-07 2.1919e-06 0)
(7.61929e-07 3.36814e-06 0)
(1.25525e-06 5.17077e-06 0)
(2.20574e-06 8.62802e-06 0)
(5.37954e-06 2.09355e-05 0)
(6.68737e-05 9.78784e-05 0)
(0.000109477 4.45739e-05 0)
(8.15457e-05 2.84825e-05 0)
(6.22369e-05 1.87083e-05 0)
(4.91612e-05 1.26816e-05 0)
(4.00158e-05 8.88312e-06 0)
(3.34045e-05 6.42974e-06 0)
(2.84671e-05 4.80288e-06 0)
(2.46647e-05 3.69428e-06 0)
(2.16523e-05 2.91796e-06 0)
(1.92046e-05 2.35978e-06 0)
(1.71705e-05 1.94836e-06 0)
(1.54466e-05 1.63811e-06 0)
(1.39604e-05 1.3993e-06 0)
(1.26596e-05 1.21208e-06 0)
(1.1506e-05 1.06293e-06 0)
(1.04709e-05 9.42455e-07 0)
(9.53218e-06 8.43962e-07 0)
(8.6728e-06 7.6262e-07 0)
(7.87916e-06 6.9487e-07 0)
(7.14031e-06 6.38054e-07 0)
(6.44727e-06 5.90158e-07 0)
(5.79257e-06 5.49639e-07 0)
(5.16988e-06 5.15303e-07 0)
(4.57375e-06 4.86222e-07 0)
(3.99941e-06 4.6167e-07 0)
(3.4426e-06 4.4108e-07 0)
(2.89943e-06 4.24015e-07 0)
(2.36628e-06 4.10141e-07 0)
(1.83969e-06 3.99217e-07 0)
(1.31627e-06 3.91081e-07 0)
(7.92595e-07 3.85645e-07 0)
(2.65131e-07 3.82894e-07 0)
(1.10353e-06 5.32273e-07 0)
(8.05202e-06 3.56137e-06 0)
(1.07973e-05 1.09889e-05 0)
(4.48875e-06 1.01199e-05 0)
(-1.70983e-06 1.01692e-05 0)
(-8.12142e-06 1.12369e-05 0)
(-1.54504e-05 1.38134e-05 0)
(-1.38727e-05 4.57954e-05 0)
(2.28652e-06 6.25882e-05 0)
(1.75863e-05 4.53981e-05 0)
(2.39495e-05 3.33934e-05 0)
(2.57752e-05 2.49787e-05 0)
(2.53988e-05 1.90221e-05 0)
(2.40338e-05 1.4755e-05 0)
(2.22962e-05 1.16568e-05 0)
(2.04879e-05 9.37441e-06 0)
(1.87477e-05 7.66735e-06 0)
(1.71316e-05 6.37102e-06 0)
(1.56549e-05 5.37175e-06 0)
(1.43139e-05 4.59033e-06 0)
(1.3097e-05 3.97095e-06 0)
(1.19901e-05 3.47382e-06 0)
(1.09788e-05 3.07024e-06 0)
(1.00503e-05 2.73922e-06 0)
(9.19284e-06 2.46524e-06 0)
(8.39644e-06 2.23668e-06 0)
(7.65234e-06 2.04474e-06 0)
(6.953e-06 1.88269e-06 0)
(6.2919e-06 1.7453e-06 0)
(5.66335e-06 1.62853e-06 0)
(5.06233e-06 1.5292e-06 0)
(4.48439e-06 1.44479e-06 0)
(3.92552e-06 1.37334e-06 0)
(3.38205e-06 1.31328e-06 0)
(2.85055e-06 1.26341e-06 0)
(2.32779e-06 1.2228e-06 0)
(1.81062e-06 1.19079e-06 0)
(1.29592e-06 1.16693e-06 0)
(7.80525e-07 1.15097e-06 0)
(2.61125e-07 1.14289e-06 0)
(6.40921e-07 5.31101e-07 0)
(1.02277e-06 7.03377e-06 0)
(1.19715e-06 2.07448e-05 0)
(8.90987e-07 1.96177e-05 0)
(1.23078e-07 1.95794e-05 0)
(-5.674e-07 2.07613e-05 0)
(-5.18067e-07 2.3356e-05 0)
(1.31113e-06 2.77318e-05 0)
(5.13269e-06 3.02714e-05 0)
(9.41658e-06 2.89428e-05 0)
(1.27852e-05 2.60271e-05 0)
(1.49714e-05 2.26854e-05 0)
(1.61231e-05 1.94657e-05 0)
(1.64961e-05 1.65933e-05 0)
(1.63332e-05 1.41309e-05 0)
(1.5827e-05 1.20648e-05 0)
(1.51167e-05 1.03505e-05 0)
(1.42975e-05 8.93497e-06 0)
(1.34314e-05 7.76704e-06 0)
(1.25572e-05 6.80167e-06 0)
(1.16981e-05 6.00098e-06 0)
(1.08668e-05 5.33399e-06 0)
(1.00697e-05 4.7757e-06 0)
(9.30881e-06 4.30608e-06 0)
(8.58396e-06 3.90919e-06 0)
(7.89337e-06 3.57231e-06 0)
(7.23457e-06 3.28528e-06 0)
(6.60467e-06 3.03998e-06 0)
(6.00066e-06 2.82991e-06 0)
(5.41952e-06 2.64983e-06 0)
(4.85828e-06 2.49554e-06 0)
(4.31408e-06 2.36363e-06 0)
(3.78415e-06 2.25139e-06 0)
(3.26583e-06 2.15665e-06 0)
(2.7565e-06 2.07771e-06 0)
(2.25357e-06 2.01324e-06 0)
(1.75447e-06 1.96231e-06 0)
(1.25658e-06 1.92427e-06 0)
(7.57166e-07 1.8988e-06 0)
(2.53367e-07 1.8859e-06 0)
(2.83429e-07 2.21911e-07 0)
(3.80055e-07 7.64219e-06 0)
(6.37759e-07 2.01581e-05 0)
(9.83847e-07 2.00872e-05 0)
(1.33756e-06 2.02324e-05 0)
(1.82591e-06 2.06541e-05 0)
(2.60515e-06 2.13102e-05 0)
(3.80628e-06 2.20129e-05 0)
(5.40674e-06 2.23046e-05 0)
(7.17416e-06 2.18747e-05 0)
(8.82804e-06 2.08261e-05 0)
(1.01866e-05 1.93743e-05 0)
(1.11754e-05 1.77235e-05 0)
(1.17955e-05 1.60283e-05 0)
(1.20896e-05 1.43903e-05 0)
(1.21173e-05 1.28686e-05 0)
(1.19395e-05 1.1491e-05 0)
(1.16108e-05 1.02655e-05 0)
(1.11764e-05 9.18778e-06 0)
(1.06718e-05 8.2471e-06 0)
(1.01236e-05 7.42973e-06 0)
(9.5515e-06 6.72126e-06 0)
(8.96916e-06 6.10783e-06 0)
(8.38606e-06 5.57672e-06 0)
(7.8084e-06 5.11667e-06 0)
(7.24003e-06 4.71789e-06 0)
(6.68308e-06 4.37198e-06 0)
(6.13848e-06 4.0718e-06 0)
(5.60634e-06 3.81135e-06 0)
(5.08614e-06 3.58557e-06 0)
(4.57697e-06 3.39027e-06 0)
(4.07765e-06 3.22194e-06 0)
(3.58676e-06 3.07772e-06 0)
(3.10277e-06 2.95528e-06 0)
(2.624e-06 2.85275e-06 0)
(2.14867e-06 2.7687e-06 0)
(1.67492e-06 2.70207e-06 0)
(1.20073e-06 2.65219e-06 0)
(7.23965e-07 2.61874e-06 0)
(2.42333e-07 2.60178e-06 0)
(1.97322e-07 1.22895e-07 0)
(2.28103e-07 7.38963e-06 0)
(5.37083e-07 1.89108e-05 0)
(1.07302e-06 1.88982e-05 0)
(1.64127e-06 1.89202e-05 0)
(2.27562e-06 1.89761e-05 0)
(3.0086e-06 1.90326e-05 0)
(3.8566e-06 1.90242e-05 0)
(4.80245e-06 1.88609e-05 0)
(5.79099e-06 1.84743e-05 0)
(6.74808e-06 1.78532e-05 0)
(7.60564e-06 1.70306e-05 0)
(8.31571e-06 1.60616e-05 0)
(8.85366e-06 1.50063e-05 0)
(9.21498e-06 1.39183e-05 0)
(9.40961e-06 1.28405e-05 0)
(9.45611e-06 1.18039e-05 0)
(9.37694e-06 1.08289e-05 0)
(9.19515e-06 9.92677e-06 0)
(8.93231e-06 9.10259e-06 0)
(8.60738e-06 8.35666e-06 0)
(8.23636e-06 7.68627e-06 0)
(7.83226e-06 7.08693e-06 0)
(7.40539e-06 6.55317e-06 0)
(6.96372e-06 6.07924e-06 0)
(6.51321e-06 5.6594e-06 0)
(6.05826e-06 5.28825e-06 0)
(5.60193e-06 4.96079e-06 0)
(5.14631e-06 4.67254e-06 0)
(4.69266e-06 4.41951e-06 0)
(4.24163e-06 4.19824e-06 0)
(3.79339e-06 4.00573e-06 0)
(3.34772e-06 3.83947e-06 0)
(2.90409e-06 3.69734e-06 0)
(2.46174e-06 3.57764e-06 0)
(2.01969e-06 3.47903e-06 0)
(1.57677e-06 3.40057e-06 0)
(1.13166e-06 3.34166e-06 0)
(6.82844e-07 3.30206e-06 0)
(2.28657e-07 3.28196e-06 0)
(1.61946e-07 9.83387e-08 0)
(1.7011e-07 6.97345e-06 0)
(4.62896e-07 1.74427e-05 0)
(9.95664e-07 1.74145e-05 0)
(1.54618e-06 1.73682e-05 0)
(2.12287e-06 1.73003e-05 0)
(2.73152e-06 1.71958e-05 0)
(3.37174e-06 1.70331e-05 0)
(4.03398e-06 1.67878e-05 0)
(4.69908e-06 1.64406e-05 0)
(5.34138e-06 1.59837e-05 0)
(5.93398e-06 1.54224e-05 0)
(6.45339e-06 1.47724e-05 0)
(6.88255e-06 1.40557e-05 0)
(7.21186e-06 1.32967e-05 0)
(7.43869e-06 1.25187e-05 0)
(7.56614e-06 1.17421e-05 0)
(7.60137e-06 1.09835e-05 0)
(7.55405e-06 1.02554e-05 0)
(7.43501e-06 9.56661e-06 0)
(7.25525e-06 8.92245e-06 0)
(7.02522e-06 8.32574e-06 0)
(6.7544e-06 7.77725e-06 0)
(6.4511e-06 7.27632e-06 0)
(6.12241e-06 6.82126e-06 0)
(5.77419e-06 6.4098e-06 0)
(5.41122e-06 6.03931e-06 0)
(5.03728e-06 5.70704e-06 0)
(4.6553e-06 5.41027e-06 0)
(4.26745e-06 5.1464e-06 0)
(3.87533e-06 4.91302e-06 0)
(3.47998e-06 4.70797e-06 0)
(3.08204e-06 4.52933e-06 0)
(2.68177e-06 4.3755e-06 0)
(2.27913e-06 4.24512e-06 0)
(1.87385e-06 4.13716e-06 0)
(1.46539e-06 4.05089e-06 0)
(1.05306e-06 3.9859e-06 0)
(6.35958e-07 3.94212e-06 0)
(2.13048e-07 3.91986e-06 0)
(1.42186e-07 8.70005e-08 0)
(1.39907e-07 6.56471e-06 0)
(3.91213e-07 1.60646e-05 0)
(8.58348e-07 1.60305e-05 0)
(1.33458e-06 1.59657e-05 0)
(1.8207e-06 1.58693e-05 0)
(2.31614e-06 1.57351e-05 0)
(2.81799e-06 1.55552e-05 0)
(3.32034e-06 1.53217e-05 0)
(3.81421e-06 1.50282e-05 0)
(4.28825e-06 1.46719e-05 0)
(4.7301e-06 1.42539e-05 0)
(5.1279e-06 1.37799e-05 0)
(5.47158e-06 1.3259e-05 0)
(5.75375e-06 1.27023e-05 0)
(5.97006e-06 1.21222e-05 0)
(6.11913e-06 1.15306e-05 0)
(6.20218e-06 1.09387e-05 0)
(6.22249e-06 1.03561e-05 0)
(6.18477e-06 9.79071e-06 0)
(6.09464e-06 9.24861e-06 0)
(5.95814e-06 8.73423e-06 0)
(5.7813e-06 8.25051e-06 0)
(5.5699e-06 7.79918e-06 0)
(5.32928e-06 7.38097e-06 0)
(5.06424e-06 6.99582e-06 0)
(4.77894e-06 6.64316e-06 0)
(4.47697e-06 6.32202e-06 0)
(4.1613e-06 6.0312e-06 0)
(3.8344e-06 5.76939e-06 0)
(3.49821e-06 5.53526e-06 0)
(3.15424e-06 5.32752e-06 0)
(2.80361e-06 5.14497e-06 0)
(2.44712e-06 4.98658e-06 0)
(2.08524e-06 4.85148e-06 0)
(1.71822e-06 4.739e-06 0)
(1.34607e-06 4.64872e-06 0)
(9.68601e-07 4.58047e-06 0)
(5.8548e-07 4.53439e-06 0)
(1.96227e-07 4.51092e-06 0)
(1.29502e-07 7.9699e-08 0)
(1.19026e-07 6.20695e-06 0)
(3.24059e-07 1.48773e-05 0)
(7.16127e-07 1.48444e-05 0)
(1.11331e-06 1.47813e-05 0)
(1.51426e-06 1.46886e-05 0)
(1.91701e-06 1.45632e-05 0)
(2.31861e-06 1.44022e-05 0)
(2.715e-06 1.42026e-05 0)
(3.10095e-06 1.39621e-05 0)
(3.47031e-06 1.36799e-05 0)
(3.81643e-06 1.33567e-05 0)
(4.13266e-06 1.29951e-05 0)
(4.41291e-06 1.25996e-05 0)
(4.65212e-06 1.21759e-05 0)
(4.84655e-06 1.17306e-05 0)
(4.99394e-06 1.12709e-05 0)
(5.09351e-06 1.08039e-05 0)
(5.14581e-06 1.03363e-05 0)
(5.15249e-06 9.87414e-06 0)
(5.11612e-06 9.42272e-06 0)
(5.03983e-06 8.98635e-06 0)
(4.92714e-06 8.56846e-06 0)
(4.78171e-06 8.17164e-06 0)
(4.60721e-06 7.79773e-06 0)
(4.40712e-06 7.44791e-06 0)
(4.1847e-06 7.12283e-06 0)
(3.94293e-06 6.82273e-06 0)
(3.68444e-06 6.54752e-06 0)
(3.41151e-06 6.29691e-06 0)
(3.1261e-06 6.07044e-06 0)
(2.82985e-06 5.86761e-06 0)
(2.52409e-06 5.6879e-06 0)
(2.20989e-06 5.53083e-06 0)
(1.88804e-06 5.396e-06 0)
(1.55915e-06 5.28314e-06 0)
(1.22361e-06 5.19217e-06 0)
(8.81664e-07 5.12315e-06 0)
(5.33413e-07 5.07643e-06 0)
(1.78859e-07 5.05261e-06 0)
(1.20641e-07 7.4428e-08 0)
(1.02126e-07 5.9071e-06 0)
(2.63947e-07 1.38856e-05 0)
(5.88387e-07 1.38568e-05 0)
(9.15985e-07 1.38018e-05 0)
(1.24505e-06 1.37216e-05 0)
(1.57356e-06 1.36147e-05 0)
(1.89903e-06 1.34797e-05 0)
(2.21851e-06 1.33153e-05 0)
(2.52851e-06 1.31208e-05 0)
(2.82517e-06 1.28959e-05 0)
(3.10438e-06 1.26414e-05 0)
(3.362e-06 1.23587e-05 0)
(3.59407e-06 1.20503e-05 0)
(3.79708e-06 1.17196e-05 0)
(3.96814e-06 1.13703e-05 0)
(4.10511e-06 1.10068e-05 0)
(4.20664e-06 1.06339e-05 0)
(4.27223e-06 1.0256e-05 0)
(4.30212e-06 9.87762e-06 0)
(4.29723e-06 9.50285e-06 0)
(4.259e-06 9.13536e-06 0)
(4.18932e-06 8.77836e-06 0)
(4.09033e-06 8.43451e-06 0)
(3.96437e-06 8.106e-06 0)
(3.81381e-06 7.79454e-06 0)
(3.641e-06 7.50142e-06 0)
(3.44822e-06 7.22756e-06 0)
(3.23758e-06 6.97361e-06 0)
(3.01104e-06 6.73995e-06 0)
(2.77034e-06 6.52678e-06 0)
(2.51703e-06 6.33422e-06 0)
(2.25247e-06 6.16227e-06 0)
(1.9778e-06 6.01095e-06 0)
(1.694e-06 5.88028e-06 0)
(1.40187e-06 5.77034e-06 0)
(1.10206e-06 5.68134e-06 0)
(7.95115e-07 5.6136e-06 0)
(4.81475e-07 5.56764e-06 0)
(1.61515e-07 5.54416e-06 0)
(1.14e-07 7.04478e-08 0)
(8.85956e-08 5.66285e-06 0)
(2.13245e-07 1.30658e-05 0)
(4.80583e-07 1.30418e-05 0)
(7.50156e-07 1.2996e-05 0)
(1.0204e-06 1.29294e-05 0)
(1.28956e-06 1.28413e-05 0)
(1.55564e-06 1.27307e-05 0)
(1.8164e-06 1.25973e-05 0)
(2.06934e-06 1.24405e-05 0)
(2.31179e-06 1.22606e-05 0)
(2.54095e-06 1.20579e-05 0)
(2.75399e-06 1.18336e-05 0)
(2.94816e-06 1.15891e-05 0)
(3.12091e-06 1.13264e-05 0)
(3.27002e-06 1.10481e-05 0)
(3.39366e-06 1.07569e-05 0)
(3.49045e-06 1.04559e-05 0)
(3.55952e-06 1.01484e-05 0)
(3.60049e-06 9.83736e-06 0)
(3.61344e-06 9.52608e-06 0)
(3.5989e-06 9.21748e-06 0)
(3.55772e-06 8.91426e-06 0)
(3.49107e-06 8.61887e-06 0)
(3.40034e-06 8.33345e-06 0)
(3.28703e-06 8.05982e-06 0)
(3.15277e-06 7.79953e-06 0)
(2.99918e-06 7.55384e-06 0)
(2.82787e-06 7.32378e-06 0)
(2.64039e-06 7.11016e-06 0)
(2.43822e-06 6.91362e-06 0)
(2.2227e-06 6.73469e-06 0)
(1.99509e-06 6.57379e-06 0)
(1.75652e-06 6.43129e-06 0)
(1.50798e-06 6.30756e-06 0)
(1.2504e-06 6.20296e-06 0)
(9.84569e-07 6.11795e-06 0)
(7.11222e-07 6.05305e-06 0)
(4.31034e-07 6.0089e-06 0)
(1.44656e-07 5.98632e-06 0)
(1.08748e-07 6.7375e-08 0)
(7.77939e-08 5.46872e-06 0)
(1.71509e-07 1.23898e-05 0)
(3.91923e-07 1.23703e-05 0)
(6.14092e-07 1.23328e-05 0)
(8.36683e-07 1.22785e-05 0)
(1.05826e-06 1.22067e-05 0)
(1.27722e-06 1.2117e-05 0)
(1.49185e-06 1.20091e-05 0)
(1.70028e-06 1.18827e-05 0)
(1.90053e-06 1.1738e-05 0)
(2.09058e-06 1.15754e-05 0)
(2.26835e-06 1.13956e-05 0)
(2.43183e-06 1.11995e-05 0)
(2.5791e-06 1.09884e-05 0)
(2.70842e-06 1.07641e-05 0)
(2.81826e-06 1.05285e-05 0)
(2.90736e-06 1.02835e-05 0)
(2.97478e-06 1.00315e-05 0)
(3.01988e-06 9.77481e-06 0)
(3.04236e-06 9.5158e-06 0)
(3.04222e-06 9.25679e-06 0)
(3.01974e-06 9e-06 0)
(2.97547e-06 8.74752e-06 0)
(2.91015e-06 8.5013e-06 0)
(2.82469e-06 8.26307e-06 0)
(2.72012e-06 8.03441e-06 0)
(2.59758e-06 7.81668e-06 0)
(2.45822e-06 7.61109e-06 0)
(2.30324e-06 7.41867e-06 0)
(2.13379e-06 7.24033e-06 0)
(1.95101e-06 7.07683e-06 0)
(1.756e-06 6.92888e-06 0)
(1.54978e-06 6.7971e-06 0)
(1.33334e-06 6.6821e-06 0)
(1.1076e-06 6.58446e-06 0)
(8.73422e-07 6.50481e-06 0)
(6.3165e-07 6.44383e-06 0)
(3.83107e-07 6.40227e-06 0)
(1.28622e-07 6.38098e-06 0)
(1.04439e-07 6.49765e-08 0)
(6.91203e-08 5.31746e-06 0)
(1.3738e-07 1.18316e-05 0)
(3.19731e-07 1.18159e-05 0)
(5.03484e-07 1.17855e-05 0)
(6.87563e-07 1.17414e-05 0)
(8.70815e-07 1.16833e-05 0)
(1.05199e-06 1.16107e-05 0)
(1.22974e-06 1.15234e-05 0)
(1.40263e-06 1.14213e-05 0)
(1.56917e-06 1.13044e-05 0)
(1.72781e-06 1.11731e-05 0)
(1.87698e-06 1.10278e-05 0)
(2.01514e-06 1.08692e-05 0)
(2.14079e-06 1.06982e-05 0)
(2.25255e-06 1.05159e-05 0)
(2.34915e-06 1.03237e-05 0)
(2.42948e-06 1.01229e-05 0)
(2.49263e-06 9.91535e-06 0)
(2.5379e-06 9.70267e-06 0)
(2.56482e-06 9.48668e-06 0)
(2.57311e-06 9.26918e-06 0)
(2.56274e-06 9.05198e-06 0)
(2.53387e-06 8.83683e-06 0)
(2.48683e-06 8.62541e-06 0)
(2.42212e-06 8.41929e-06 0)
(2.34037e-06 8.21994e-06 0)
(2.24232e-06 8.02873e-06 0)
(2.12876e-06 7.84688e-06 0)
(2.00058e-06 7.67552e-06 0)
(1.85868e-06 7.51565e-06 0)
(1.70396e-06 7.36821e-06 0)
(1.53736e-06 7.23405e-06 0)
(1.35978e-06 7.11394e-06 0)
(1.17212e-06 7.00865e-06 0)
(9.75266e-07 6.91892e-06 0)
(7.70103e-07 6.84548e-06 0)
(5.57507e-07 6.7891e-06 0)
(3.38376e-07 6.75059e-06 0)
(1.13645e-07 6.73086e-06 0)
(1.00791e-07 6.3095e-08 0)
(6.25076e-08 5.20244e-06 0)
(1.10103e-07 1.13688e-05 0)
(2.61544e-07 1.13565e-05 0)
(4.14109e-07 1.13321e-05 0)
(5.66944e-07 1.12965e-05 0)
(7.19139e-07 1.12495e-05 0)
(8.6971e-07 1.11907e-05 0)
(1.0176e-06 1.112e-05 0)
(1.1617e-06 1.10373e-05 0)
(1.30084e-06 1.09425e-05 0)
(1.43382e-06 1.0836e-05 0)
(1.55941e-06 1.07179e-05 0)
(1.67642e-06 1.05888e-05 0)
(1.78364e-06 1.04493e-05 0)
(1.87995e-06 1.03001e-05 0)
(1.96429e-06 1.01424e-05 0)
(2.03571e-06 9.97701e-06 0)
(2.09339e-06 9.80527e-06 0)
(2.13662e-06 9.62845e-06 0)
(2.16487e-06 9.44793e-06 0)
(2.17776e-06 9.26512e-06 0)
(2.17507e-06 9.08148e-06 0)
(2.15673e-06 8.89846e-06 0)
(2.12283e-06 8.71747e-06 0)
(2.07359e-06 8.5399e-06 0)
(2.00936e-06 8.36708e-06 0)
(1.93059e-06 8.20027e-06 0)
(1.83782e-06 8.04066e-06 0)
(1.73167e-06 7.88938e-06 0)
(1.61282e-06 7.74746e-06 0)
(1.48199e-06 7.61588e-06 0)
(1.33993e-06 7.49556e-06 0)
(1.18744e-06 7.38737e-06 0)
(1.0253e-06 7.29215e-06 0)
(8.54355e-07 7.21072e-06 0)
(6.75438e-07 7.14387e-06 0)
(4.89428e-07 7.09244e-06 0)
(2.97244e-07 7.05725e-06 0)
(9.98632e-08 7.0392e-06 0)
(9.76478e-08 6.1618e-08 0)
(5.80301e-08 5.11834e-06 0)
(8.91607e-08 1.09839e-05 0)
(2.15308e-07 1.09745e-05 0)
(3.4237e-07 1.09551e-05 0)
(4.6967e-07 1.09265e-05 0)
(5.96489e-07 1.08886e-05 0)
(7.22049e-07 1.0841e-05 0)
(8.45519e-07 1.07837e-05 0)
(9.66018e-07 1.07164e-05 0)
(1.08263e-06 1.06393e-05 0)
(1.19439e-06 1.05525e-05 0)
(1.30035e-06 1.0456e-05 0)
(1.39953e-06 1.03504e-05 0)
(1.49097e-06 1.0236e-05 0)
(1.57375e-06 1.01134e-05 0)
(1.64698e-06 9.98332e-06 0)
(1.70985e-06 9.84652e-06 0)
(1.76162e-06 9.7039e-06 0)
(1.80164e-06 9.55648e-06 0)
(1.82938e-06 9.40529e-06 0)
(1.8444e-06 9.25148e-06 0)
(1.84642e-06 9.09621e-06 0)
(1.83522e-06 8.94066e-06 0)
(1.81076e-06 8.78604e-06 0)
(1.77307e-06 8.63353e-06 0)
(1.72231e-06 8.48432e-06 0)
(1.65875e-06 8.33953e-06 0)
(1.58271e-06 8.20028e-06 0)
(1.49464e-06 8.06762e-06 0)
(1.39503e-06 7.94258e-06 0)
(1.28443e-06 7.82612e-06 0)
(1.16346e-06 7.71918e-06 0)
(1.03278e-06 7.62265e-06 0)
(8.93099e-07 7.5374e-06 0)
(7.4515e-07 7.46426e-06 0)
(5.89728e-07 7.40408e-06 0)
(4.27672e-07 7.35767e-06 0)
(2.59884e-07 7.32588e-06 0)
(8.73366e-08 7.30954e-06 0)
(9.49105e-08 6.04649e-08 0)
(5.56765e-08 5.06088e-06 0)
(7.39577e-08 1.06631e-05 0)
(1.79205e-07 1.06561e-05 0)
(2.85229e-07 1.06408e-05 0)
(3.91483e-07 1.0618e-05 0)
(4.97393e-07 1.05875e-05 0)
(6.02337e-07 1.0549e-05 0)
(7.05651e-07 1.05024e-05 0)
(8.06632e-07 1.04476e-05 0)
(9.04544e-07 1.03847e-05 0)
(9.98626e-07 1.03136e-05 0)
(1.0881e-06 1.02346e-05 0)
(1.17218e-06 1.01478e-05 0)
(1.25008e-06 1.00536e-05 0)
(1.32104e-06 9.95244e-06 0)
(1.38433e-06 9.84476e-06 0)
(1.43923e-06 9.73118e-06 0)
(1.4851e-06 9.6124e-06 0)
(1.52137e-06 9.48917e-06 0)
(1.54753e-06 9.36233e-06 0)
(1.56313e-06 9.23277e-06 0)
(1.56785e-06 9.10144e-06 0)
(1.56144e-06 8.96931e-06 0)
(1.54374e-06 8.83739e-06 0)
(1.5147e-06 8.70669e-06 0)
(1.47434e-06 8.57824e-06 0)
(1.42279e-06 8.45304e-06 0)
(1.36025e-06 8.3321e-06 0)
(1.28701e-06 8.21639e-06 0)
(1.20343e-06 8.10688e-06 0)
(1.10993e-06 8.00449e-06 0)
(1.00701e-06 7.91013e-06 0)
(8.95207e-07 7.82466e-06 0)
(7.75135e-07 7.74895e-06 0)
(6.47453e-07 7.68382e-06 0)
(5.12884e-07 7.63011e-06 0)
(3.72213e-07 7.58862e-06 0)
(2.26294e-07 7.56016e-06 0)
(7.60676e-08 7.54553e-06 0)
(9.25391e-08 5.95774e-08 0)
(5.52139e-08 5.02654e-06 0)
(6.35985e-08 1.03953e-05 0)
(1.51475e-07 1.03904e-05 0)
(2.40036e-07 1.03785e-05 0)
(3.28834e-07 1.03603e-05 0)
(4.174e-07 1.03357e-05 0)
(5.05231e-07 1.03046e-05 0)
(5.91791e-07 1.02667e-05 0)
(6.76511e-07 1.02221e-05 0)
(7.58799e-07 1.01706e-05 0)
(8.38036e-07 1.01123e-05 0)
(9.13592e-07 1.00473e-05 0)
(9.84824e-07 9.97578e-06 0)
(1.05109e-06 9.89797e-06 0)
(1.11175e-06 9.81416e-06 0)
(1.1662e-06 9.72474e-06 0)
(1.21382e-06 9.63017e-06 0)
(1.25407e-06 9.53098e-06 0)
(1.28642e-06 9.42775e-06 0)
(1.31041e-06 9.32116e-06 0)
(1.32562e-06 9.21191e-06 0)
(1.33173e-06 9.10077e-06 0)
(1.32846e-06 8.98855e-06 0)
(1.3156e-06 8.87609e-06 0)
(1.29304e-06 8.76425e-06 0)
(1.26073e-06 8.65391e-06 0)
(1.21871e-06 8.54596e-06 0)
(1.16709e-06 8.44129e-06 0)
(1.10603e-06 8.34079e-06 0)
(1.03581e-06 8.24533e-06 0)
(9.56745e-07 8.15578e-06 0)
(8.69217e-07 8.07299e-06 0)
(7.73683e-07 7.99779e-06 0)
(6.70662e-07 7.931e-06 0)
(5.60733e-07 7.87341e-06 0)
(4.44546e-07 7.82583e-06 0)
(3.22819e-07 7.78901e-06 0)
(1.96349e-07 7.76373e-06 0)
(6.60161e-08 7.75072e-06 0)
(9.04974e-08 5.89097e-08 0)
(5.62612e-08 5.01228e-06 0)
(5.70347e-08 1.01717e-05 0)
(1.30473e-07 1.01683e-05 0)
(2.04511e-07 1.01592e-05 0)
(2.7878e-07 1.01448e-05 0)
(3.52896e-07 1.01251e-05 0)
(4.26449e-07 1.00999e-05 0)
(4.99004e-07 1.00691e-05 0)
(5.70098e-07 1.00327e-05 0)
(6.39251e-07 9.99045e-06 0)
(7.05959e-07 9.94254e-06 0)
(7.69707e-07 9.88898e-06 0)
(8.29969e-07 9.82987e-06 0)
(8.86213e-07 9.7654e-06 0)
(9.37911e-07 9.6958e-06 0)
(9.84541e-07 9.62135e-06 0)
(1.0256e-06 9.5424e-06 0)
(1.0606e-06 9.45937e-06 0)
(1.08909e-06 9.37273e-06 0)
(1.11065e-06 9.28301e-06 0)
(1.1249e-06 9.19078e-06 0)
(1.13152e-06 9.09667e-06 0)
(1.13024e-06 9.00134e-06 0)
(1.12083e-06 8.9055e-06 0)
(1.10316e-06 8.80988e-06 0)
(1.07711e-06 8.71524e-06 0)
(1.04268e-06 8.62236e-06 0)
(9.99906e-07 8.53201e-06 0)
(9.48891e-07 8.44498e-06 0)
(8.89814e-07 8.36208e-06 0)
(8.22916e-07 8.28409e-06 0)
(7.48505e-07 8.21179e-06 0)
(6.66953e-07 8.14595e-06 0)
(5.78699e-07 8.08735e-06 0)
(4.84248e-07 8.03672e-06 0)
(3.84175e-07 7.99482e-06 0)
(2.7913e-07 7.96235e-06 0)
(1.69838e-07 7.94003e-06 0)
(5.71136e-08 7.92854e-06 0)
(8.8781e-08 5.84194e-08 0)
(5.85136e-08 5.01556e-06 0)
(5.3423e-08 9.98466e-06 0)
(1.14883e-07 9.98266e-06 0)
(1.76835e-07 9.97573e-06 0)
(2.38979e-07 9.96449e-06 0)
(3.01007e-07 9.94879e-06 0)
(3.62588e-07 9.92848e-06 0)
(4.2337e-07 9.90347e-06 0)
(4.82982e-07 9.87368e-06 0)
(5.4103e-07 9.83905e-06 0)
(5.97107e-07 9.7996e-06 0)
(6.50791e-07 9.75536e-06 0)
(7.0165e-07 9.7064e-06 0)
(7.49245e-07 9.65285e-06 0)
(7.93135e-07 9.59489e-06 0)
(8.32883e-07 9.53274e-06 0)
(8.6806e-07 9.46668e-06 0)
(8.98251e-07 9.39702e-06 0)
(9.23061e-07 9.32416e-06 0)
(9.4212e-07 9.24851e-06 0)
(9.55089e-07 9.17054e-06 0)
(9.61664e-07 9.09077e-06 0)
(9.61583e-07 9.00975e-06 0)
(9.54631e-07 8.92807e-06 0)
(9.4064e-07 8.84636e-06 0)
(9.19496e-07 8.76527e-06 0)
(8.91139e-07 8.68545e-06 0)
(8.55568e-07 8.60761e-06 0)
(8.1284e-07 8.53243e-06 0)
(7.63073e-07 8.46063e-06 0)
(7.06446e-07 8.39292e-06 0)
(6.43202e-07 8.33001e-06 0)
(5.73645e-07 8.2726e-06 0)
(4.98145e-07 8.2214e-06 0)
(4.17138e-07 8.17709e-06 0)
(3.31131e-07 8.14037e-06 0)
(2.407e-07 8.11188e-06 0)
(1.46502e-07 8.09228e-06 0)
(4.92742e-08 8.08218e-06 0)
(8.7409e-08 5.80766e-08 0)
(6.19421e-08 5.03452e-06 0)
(5.24594e-08 9.82809e-06 0)
(1.03914e-07 9.8273e-06 0)
(1.5573e-07 9.82231e-06 0)
(2.07677e-07 9.8137e-06 0)
(2.59512e-07 9.80132e-06 0)
(3.10976e-07 9.78504e-06 0)
(3.61789e-07 9.76478e-06 0)
(4.1165e-07 9.74047e-06 0)
(4.60247e-07 9.71205e-06 0)
(5.07246e-07 9.67952e-06 0)
(5.52305e-07 9.6429e-06 0)
(5.95069e-07 9.60225e-06 0)
(6.35176e-07 9.55766e-06 0)
(6.72259e-07 9.50926e-06 0)
(7.05952e-07 9.45724e-06 0)
(7.35892e-07 9.40181e-06 0)
(7.61724e-07 9.34324e-06 0)
(7.83106e-07 9.28182e-06 0)
(7.99715e-07 9.2179e-06 0)
(8.11246e-07 9.15188e-06 0)
(8.17426e-07 9.08418e-06 0)
(8.18011e-07 9.01526e-06 0)
(8.12791e-07 8.94561e-06 0)
(8.01598e-07 8.87578e-06 0)
(7.84306e-07 8.8063e-06 0)
(7.60838e-07 8.73777e-06 0)
(7.31161e-07 8.67078e-06 0)
(6.953e-07 8.60594e-06 0)
(6.53328e-07 8.54388e-06 0)
(6.05379e-07 8.48524e-06 0)
(5.51641e-07 8.43064e-06 0)
(4.92364e-07 8.38073e-06 0)
(4.27858e-07 8.33615e-06 0)
(3.58498e-07 8.29752e-06 0)
(2.84726e-07 8.26545e-06 0)
(2.0705e-07 8.24055e-06 0)
(1.26055e-07 8.22341e-06 0)
(4.2403e-08 8.21458e-06 0)
(8.63877e-08 5.78618e-08 0)
(6.67243e-08 5.0681e-06 0)
(5.42768e-08 9.69716e-06 0)
(9.71861e-08 9.69754e-06 0)
(1.40344e-07 9.69429e-06 0)
(1.83576e-07 9.68793e-06 0)
(2.26696e-07 9.67834e-06 0)
(2.69502e-07 9.66542e-06 0)
(3.11774e-07 9.64908e-06 0)
(3.53274e-07 9.62926e-06 0)
(3.93751e-07 9.60592e-06 0)
(4.32937e-07 9.57905e-06 0)
(4.70554e-07 9.54867e-06 0)
(5.06311e-07 9.51481e-06 0)
(5.39909e-07 9.47756e-06 0)
(5.71045e-07 9.43702e-06 0)
(5.99411e-07 9.39333e-06 0)
(6.24702e-07 9.34667e-06 0)
(6.46613e-07 9.29726e-06 0)
(6.64851e-07 9.24534e-06 0)
(6.79132e-07 9.19121e-06 0)
(6.89189e-07 9.13518e-06 0)
(6.94774e-07 9.0776e-06 0)
(6.95665e-07 9.01888e-06 0)
(6.91665e-07 8.95943e-06 0)
(6.82611e-07 8.8997e-06 0)
(6.68375e-07 8.84017e-06 0)
(6.48867e-07 8.78133e-06 0)
(6.24039e-07 8.7237e-06 0)
(5.93891e-07 8.66782e-06 0)
(5.58466e-07 8.61425e-06 0)
(5.1786e-07 8.56354e-06 0)
(4.72221e-07 8.51625e-06 0)
(4.21752e-07 8.47296e-06 0)
(3.66713e-07 8.43423e-06 0)
(3.07424e-07 8.40064e-06 0)
(2.44267e-07 8.37272e-06 0)
(1.77689e-07 8.35103e-06 0)
(1.08205e-07 8.33609e-06 0)
(3.64028e-08 8.32839e-06 0)
(8.57391e-08 5.77602e-08 0)
(7.29926e-08 5.11583e-06 0)
(5.89872e-08 9.58844e-06 0)
(9.43901e-08 9.58991e-06 0)
(1.29973e-07 9.5882e-06 0)
(1.656e-07 9.58376e-06 0)
(2.01132e-07 9.57649e-06 0)
(2.3641e-07 9.56633e-06 0)
(2.71262e-07 9.55319e-06 0)
(3.05502e-07 9.53703e-06 0)
(3.38928e-07 9.51782e-06 0)
(3.71326e-07 9.49555e-06 0)
(4.0247e-07 9.47024e-06 0)
(4.32124e-07 9.44191e-06 0)
(4.6004e-07 9.41064e-06 0)
(4.85967e-07 9.37651e-06 0)
(5.09647e-07 9.33965e-06 0)
(5.3082e-07 9.3002e-06 0)
(5.49228e-07 9.25834e-06 0)
(5.64617e-07 9.21428e-06 0)
(5.7674e-07 9.16827e-06 0)
(5.85361e-07 9.12057e-06 0)
(5.90258e-07 9.07148e-06 0)
(5.91229e-07 9.02133e-06 0)
(5.88093e-07 8.97048e-06 0)
(5.80694e-07 8.91932e-06 0)
(5.68907e-07 8.86825e-06 0)
(5.52636e-07 8.81769e-06 0)
(5.31826e-07 8.76811e-06 0)
(5.06456e-07 8.71997e-06 0)
(4.76549e-07 8.67374e-06 0)
(4.42174e-07 8.62992e-06 0)
(4.03445e-07 8.58901e-06 0)
(3.60527e-07 8.55152e-06 0)
(3.13636e-07 8.51794e-06 0)
(2.63046e-07 8.48878e-06 0)
(2.09083e-07 8.46454e-06 0)
(1.52139e-07 8.44568e-06 0)
(9.26652e-08 8.43269e-06 0)
(3.1178e-08 8.42598e-06 0)
(8.54957e-08 5.77586e-08 0)
(8.06612e-08 5.17749e-06 0)
(6.63693e-08 9.49949e-06 0)
(9.50307e-08 9.50189e-06 0)
(1.23844e-07 9.50144e-06 0)
(1.52706e-07 9.49856e-06 0)
(1.81509e-07 9.49317e-06 0)
(2.10132e-07 9.48521e-06 0)
(2.38442e-07 9.47462e-06 0)
(2.66293e-07 9.46138e-06 0)
(2.93525e-07 9.44546e-06 0)
(3.19968e-07 9.42686e-06 0)
(3.4544e-07 9.4056e-06 0)
(3.69745e-07 9.38171e-06 0)
(3.92682e-07 9.35525e-06 0)
(4.14039e-07 9.32631e-06 0)
(4.33599e-07 9.29499e-06 0)
(4.51141e-07 9.26141e-06 0)
(4.66444e-07 9.22574e-06 0)
(4.79286e-07 9.18814e-06 0)
(4.89451e-07 9.14883e-06 0)
(4.9673e-07 9.10804e-06 0)
(5.00925e-07 9.06602e-06 0)
(5.01851e-07 9.02305e-06 0)
(4.99341e-07 8.97944e-06 0)
(4.9325e-07 8.93551e-06 0)
(4.83456e-07 8.89161e-06 0)
(4.69863e-07 8.84812e-06 0)
(4.52409e-07 8.80542e-06 0)
(4.31064e-07 8.76391e-06 0)
(4.05833e-07 8.72401e-06 0)
(3.76763e-07 8.68616e-06 0)
(3.43942e-07 8.65079e-06 0)
(3.07504e-07 8.61833e-06 0)
(2.67629e-07 8.58925e-06 0)
(2.24548e-07 8.56397e-06 0)
(1.78542e-07 8.54294e-06 0)
(1.2995e-07 8.52658e-06 0)
(7.91643e-08 8.5153e-06 0)
(2.6638e-08 8.50948e-06 0)
(8.5711e-08 5.78408e-08 0)
(8.94714e-08 5.25294e-06 0)
(7.58995e-08 9.42848e-06 0)
(9.84058e-08 9.43156e-06 0)
(1.21063e-07 9.43206e-06 0)
(1.43798e-07 9.43035e-06 0)
(1.66531e-07 9.42637e-06 0)
(1.89175e-07 9.42007e-06 0)
(2.11631e-07 9.41142e-06 0)
(2.33786e-07 9.40039e-06 0)
(2.55518e-07 9.38698e-06 0)
(2.76691e-07 9.3712e-06 0)
(2.97158e-07 9.35308e-06 0)
(3.16759e-07 9.33265e-06 0)
(3.35325e-07 9.30998e-06 0)
(3.52678e-07 9.28514e-06 0)
(3.68633e-07 9.25824e-06 0)
(3.82998e-07 9.22938e-06 0)
(3.9558e-07 9.19871e-06 0)
(4.06185e-07 9.16638e-06 0)
(4.1462e-07 9.13256e-06 0)
(4.20697e-07 9.09746e-06 0)
(4.24238e-07 9.0613e-06 0)
(4.25073e-07 9.02431e-06 0)
(4.23048e-07 8.98675e-06 0)
(4.18027e-07 8.94891e-06 0)
(4.09892e-07 8.91107e-06 0)
(3.9855e-07 8.87357e-06 0)
(3.83933e-07 8.83673e-06 0)
(3.66006e-07 8.8009e-06 0)
(3.44761e-07 8.76644e-06 0)
(3.20228e-07 8.73372e-06 0)
(2.92476e-07 8.70313e-06 0)
(2.61611e-07 8.67505e-06 0)
(2.27782e-07 8.64987e-06 0)
(1.91186e-07 8.62797e-06 0)
(1.52063e-07 8.60975e-06 0)
(1.10704e-07 8.59556e-06 0)
(6.74511e-08 8.58578e-06 0)
(2.26986e-08 8.58073e-06 0)
(8.64433e-08 5.79894e-08 0)
(9.91024e-08 5.34218e-06 0)
(8.69114e-08 9.37402e-06 0)
(1.03693e-07 9.37751e-06 0)
(1.20641e-07 9.37862e-06 0)
(1.37714e-07 9.37766e-06 0)
(1.54868e-07 9.37459e-06 0)
(1.72047e-07 9.36938e-06 0)
(1.89185e-07 9.36202e-06 0)
(2.06201e-07 9.3525e-06 0)
(2.23003e-07 9.34085e-06 0)
(2.39484e-07 9.32708e-06 0)
(2.55523e-07 9.31124e-06 0)
(2.70987e-07 9.29337e-06 0)
(2.85733e-07 9.27355e-06 0)
(2.99606e-07 9.25185e-06 0)
(3.12441e-07 9.22837e-06 0)
(3.24071e-07 9.20322e-06 0)
(3.34319e-07 9.17652e-06 0)
(3.43012e-07 9.14841e-06 0)
(3.49973e-07 9.11905e-06 0)
(3.55032e-07 9.0886e-06 0)
(3.58022e-07 9.05725e-06 0)
(3.58788e-07 9.02521e-06 0)
(3.57185e-07 8.9927e-06 0)
(3.53085e-07 8.95996e-06 0)
(3.46374e-07 8.92723e-06 0)
(3.36962e-07 8.8948e-06 0)
(3.2478e-07 8.86293e-06 0)
(3.09786e-07 8.83195e-06 0)
(2.91965e-07 8.80214e-06 0)
(2.71336e-07 8.77383e-06 0)
(2.47948e-07 8.74736e-06 0)
(2.21888e-07 8.72306e-06 0)
(1.93279e-07 8.70125e-06 0)
(1.62288e-07 8.68229e-06 0)
(1.29119e-07 8.6665e-06 0)
(9.40237e-08 8.65421e-06 0)
(5.72977e-08 8.64573e-06 0)
(1.92835e-08 8.64136e-06 0)
(8.7705e-08 5.8178e-08 0)
(1.09276e-07 5.44572e-06 0)
(9.87423e-08 9.33522e-06 0)
(1.10014e-07 9.33884e-06 0)
(1.21495e-07 9.34014e-06 0)
(1.33187e-07 9.33944e-06 0)
(1.45086e-07 9.33671e-06 0)
(1.57169e-07 9.33195e-06 0)
(1.69402e-07 9.32519e-06 0)
(1.81733e-07 9.31645e-06 0)
(1.94091e-07 9.30576e-06 0)
(2.06393e-07 9.29318e-06 0)
(2.18534e-07 9.27878e-06 0)
(2.30399e-07 9.26261e-06 0)
(2.41856e-07 9.24476e-06 0)
(2.52764e-07 9.22531e-06 0)
(2.62971e-07 9.20436e-06 0)
(2.72318e-07 9.18202e-06 0)
(2.80641e-07 9.15839e-06 0)
(2.87776e-07 9.13361e-06 0)
(2.93558e-07 9.1078e-06 0)
(2.97824e-07 9.08111e-06 0)
(3.0042e-07 9.0537e-06 0)
(3.01198e-07 9.02574e-06 0)
(3.00021e-07 8.99742e-06 0)
(2.96766e-07 8.96894e-06 0)
(2.91326e-07 8.94051e-06 0)
(2.83611e-07 8.91236e-06 0)
(2.73555e-07 8.88473e-06 0)
(2.6111e-07 8.85787e-06 0)
(2.46259e-07 8.83204e-06 0)
(2.29009e-07 8.80752e-06 0)
(2.09397e-07 8.78459e-06 0)
(1.87493e-07 8.76354e-06 0)
(1.63401e-07 8.74466e-06 0)
(1.37259e-07 8.72824e-06 0)
(1.09245e-07 8.71456e-06 0)
(7.95732e-08 8.70392e-06 0)
(4.85009e-08 8.69657e-06 0)
(1.63245e-08 8.69278e-06 0)
(8.95017e-08 5.83703e-08 0)
(1.19752e-07 5.56495e-06 0)
(1.10635e-07 9.312e-06 0)
(1.16305e-07 9.31529e-06 0)
(1.22305e-07 9.31624e-06 0)
(1.28689e-07 9.31514e-06 0)
(1.3549e-07 9.31203e-06 0)
(1.42722e-07 9.30694e-06 0)
(1.50375e-07 9.29994e-06 0)
(1.58418e-07 9.29111e-06 0)
(1.66793e-07 9.28052e-06 0)
(1.75423e-07 9.26826e-06 0)
(1.84209e-07 9.25442e-06 0)
(1.93035e-07 9.2391e-06 0)
(2.01769e-07 9.22238e-06 0)
(2.10268e-07 9.20436e-06 0)
(2.18378e-07 9.18514e-06 0)
(2.2594e-07 9.16481e-06 0)
(2.32792e-07 9.14347e-06 0)
(2.3877e-07 9.12124e-06 0)
(2.43712e-07 9.09823e-06 0)
(2.47462e-07 9.07456e-06 0)
(2.4987e-07 9.05035e-06 0)
(2.50793e-07 9.02576e-06 0)
(2.50101e-07 9.00093e-06 0)
(2.47677e-07 8.97602e-06 0)
(2.43419e-07 8.95121e-06 0)
(2.37241e-07 8.92669e-06 0)
(2.29076e-07 8.90265e-06 0)
(2.18879e-07 8.87932e-06 0)
(2.06627e-07 8.8569e-06 0)
(1.92323e-07 8.83563e-06 0)
(1.75994e-07 8.81576e-06 0)
(1.57697e-07 8.79752e-06 0)
(1.3752e-07 8.78116e-06 0)
(1.15581e-07 8.76693e-06 0)
(9.20313e-08 8.75509e-06 0)
(6.70578e-08 8.74587e-06 0)
(4.08819e-08 8.73951e-06 0)
(1.37617e-08 8.73623e-06 0)
(9.1942e-08 5.85907e-08 0)
(1.30117e-07 5.70268e-06 0)
(1.21295e-07 9.30526e-06 0)
(1.20915e-07 9.30746e-06 0)
(1.21147e-07 9.30717e-06 0)
(1.22093e-07 9.30469e-06 0)
(1.23828e-07 9.30014e-06 0)
(1.26389e-07 9.29364e-06 0)
(1.2978e-07 9.28533e-06 0)
(1.33966e-07 9.27536e-06 0)
(1.38885e-07 9.26385e-06 0)
(1.4444e-07 9.25094e-06 0)
(1.50513e-07 9.23676e-06 0)
(1.56967e-07 9.22142e-06 0)
(1.63647e-07 9.20503e-06 0)
(1.70389e-07 9.18768e-06 0)
(1.77025e-07 9.16947e-06 0)
(1.8338e-07 9.15048e-06 0)
(1.89284e-07 9.13079e-06 0)
(1.94567e-07 9.1105e-06 0)
(1.99065e-07 9.08968e-06 0)
(2.02623e-07 9.06843e-06 0)
(2.05094e-07 9.04685e-06 0)
(2.06341e-07 9.02504e-06 0)
(2.06239e-07 9.00313e-06 0)
(2.04678e-07 8.98124e-06 0)
(2.01562e-07 8.9595e-06 0)
(1.9681e-07 8.93808e-06 0)
(1.90361e-07 8.91713e-06 0)
(1.8217e-07 8.89682e-06 0)
(1.72215e-07 8.87734e-06 0)
(1.60495e-07 8.85888e-06 0)
(1.47033e-07 8.84164e-06 0)
(1.31877e-07 8.82584e-06 0)
(1.15101e-07 8.81167e-06 0)
(9.6807e-08 8.79935e-06 0)
(7.71269e-08 8.7891e-06 0)
(5.62224e-08 8.78112e-06 0)
(3.42862e-08 8.77562e-06 0)
(1.15432e-08 8.77278e-06 0)
(9.51282e-08 5.90335e-08 0)
(1.3923e-07 5.86406e-06 0)
(1.28168e-07 9.31701e-06 0)
(1.20948e-07 9.31675e-06 0)
(1.14894e-07 9.3137e-06 0)
(1.10162e-07 9.30827e-06 0)
(1.06852e-07 9.30071e-06 0)
(1.05006e-07 9.29126e-06 0)
(1.04602e-07 9.28019e-06 0)
(1.05569e-07 9.26773e-06 0)
(1.07789e-07 9.25409e-06 0)
(1.11107e-07 9.23945e-06 0)
(1.15347e-07 9.22398e-06 0)
(1.20314e-07 9.2078e-06 0)
(1.25803e-07 9.19101e-06 0)
(1.31611e-07 9.17369e-06 0)
(1.37532e-07 9.15592e-06 0)
(1.43371e-07 9.13775e-06 0)
(1.4894e-07 9.11923e-06 0)
(1.54058e-07 9.10042e-06 0)
(1.58561e-07 9.08136e-06 0)
(1.62293e-07 9.06211e-06 0)
(1.65112e-07 9.04273e-06 0)
(1.6689e-07 9.02329e-06 0)
(1.6751e-07 9.00387e-06 0)
(1.66871e-07 8.98458e-06 0)
(1.64887e-07 8.9655e-06 0)
(1.61487e-07 8.94676e-06 0)
(1.56614e-07 8.92848e-06 0)
(1.50232e-07 8.9108e-06 0)
(1.4232e-07 8.89388e-06 0)
(1.32878e-07 8.87786e-06 0)
(1.21927e-07 8.86292e-06 0)
(1.09509e-07 8.84923e-06 0)
(9.569e-08 8.83697e-06 0)
(8.05589e-08 8.82632e-06 0)
(6.42314e-08 8.81745e-06 0)
(4.68492e-08 8.81056e-06 0)
(2.85813e-08 8.8058e-06 0)
(9.6244e-09 8.80335e-06 0)
(9.87773e-08 6.00585e-08 0)
(1.44524e-07 6.05822e-06 0)
(1.26579e-07 9.35045e-06 0)
(1.11389e-07 9.3453e-06 0)
(9.83877e-08 9.33692e-06 0)
(8.77947e-08 9.32596e-06 0)
(7.97061e-08 9.31292e-06 0)
(7.40986e-08 9.29827e-06 0)
(7.08465e-08 9.28246e-06 0)
(6.97462e-08 9.26583e-06 0)
(7.05413e-08 9.24866e-06 0)
(7.29451e-08 9.23119e-06 0)
(7.66595e-08 9.21354e-06 0)
(8.13886e-08 9.19583e-06 0)
(8.68485e-08 9.17811e-06 0)
(9.27727e-08 9.16041e-06 0)
(9.89156e-08 9.14275e-06 0)
(1.05053e-07 9.12512e-06 0)
(1.10984e-07 9.10752e-06 0)
(1.16524e-07 9.08996e-06 0)
(1.21511e-07 9.07242e-06 0)
(1.25799e-07 9.05493e-06 0)
(1.2926e-07 9.0375e-06 0)
(1.31777e-07 9.02017e-06 0)
(1.33252e-07 9.00298e-06 0)
(1.33599e-07 8.98599e-06 0)
(1.32744e-07 8.96927e-06 0)
(1.30631e-07 8.95291e-06 0)
(1.27216e-07 8.93699e-06 0)
(1.22469e-07 8.92164e-06 0)
(1.16377e-07 8.90696e-06 0)
(1.08945e-07 8.8931e-06 0)
(1.00193e-07 8.88018e-06 0)
(9.01607e-08 8.86835e-06 0)
(7.89092e-08 8.85776e-06 0)
(6.65186e-08 8.84857e-06 0)
(5.30917e-08 8.84092e-06 0)
(3.87542e-08 8.83497e-06 0)
(2.36551e-08 8.83087e-06 0)
(7.96762e-09 8.82875e-06 0)
(1.0202e-07 6.20315e-08 0)
(1.41255e-07 6.30105e-06 0)
(1.08381e-07 9.41041e-06 0)
(8.35687e-08 9.39595e-06 0)
(6.29422e-08 9.37762e-06 0)
(4.67727e-08 9.35671e-06 0)
(3.50068e-08 9.33426e-06 0)
(2.73431e-08 9.31115e-06 0)
(2.33221e-08 9.28803e-06 0)
(2.24053e-08 9.26532e-06 0)
(2.40357e-08 9.2433e-06 0)
(2.76772e-08 9.2221e-06 0)
(3.28388e-08 9.20176e-06 0)
(3.90853e-08 9.18224e-06 0)
(4.60393e-08 9.1635e-06 0)
(5.33785e-08 9.14542e-06 0)
(6.083e-08 9.12793e-06 0)
(6.81637e-08 9.11092e-06 0)
(7.5185e-08 9.09431e-06 0)
(8.17297e-08 9.07804e-06 0)
(8.7658e-08 9.06204e-06 0)
(9.28504e-08 9.04628e-06 0)
(9.72047e-08 9.03074e-06 0)
(1.00633e-07 9.01541e-06 0)
(1.03062e-07 9.0003e-06 0)
(1.04429e-07 8.98545e-06 0)
(1.04682e-07 8.9709e-06 0)
(1.03781e-07 8.9567e-06 0)
(1.017e-07 8.94292e-06 0)
(9.84211e-08 8.92966e-06 0)
(9.39417e-08 8.917e-06 0)
(8.82718e-08 8.90505e-06 0)
(8.14361e-08 8.89393e-06 0)
(7.3475e-08 8.88375e-06 0)
(6.44453e-08 8.87464e-06 0)
(5.44213e-08 8.86674e-06 0)
(4.34962e-08 8.86016e-06 0)
(3.17824e-08 8.85505e-06 0)
(1.94128e-08 8.85152e-06 0)
(6.54095e-09 8.8497e-06 0)
(1.03519e-07 6.59192e-08 0)
(1.2161e-07 6.62333e-06 0)
(5.90176e-08 9.50648e-06 0)
(2.13818e-08 9.47259e-06 0)
(-7.12869e-09 9.43452e-06 0)
(-2.67603e-08 9.39542e-06 0)
(-3.85383e-08 9.35735e-06 0)
(-4.38201e-08 9.32149e-06 0)
(-4.40029e-08 9.28841e-06 0)
(-4.03628e-08 9.25824e-06 0)
(-3.39855e-08 9.23089e-06 0)
(-2.5753e-08 9.20608e-06 0)
(-1.63588e-08 9.18352e-06 0)
(-6.33721e-09 9.16286e-06 0)
(3.90658e-09 9.1438e-06 0)
(1.40669e-08 9.12605e-06 0)
(2.39136e-08 9.10936e-06 0)
(3.32722e-08 9.09352e-06 0)
(4.2009e-08 9.07835e-06 0)
(5.00199e-08 9.06372e-06 0)
(5.72222e-08 9.04952e-06 0)
(6.35488e-08 9.03567e-06 0)
(6.89446e-08 9.02211e-06 0)
(7.33638e-08 9.00882e-06 0)
(7.67684e-08 8.99578e-06 0)
(7.91276e-08 8.983e-06 0)
(8.04175e-08 8.9705e-06 0)
(8.06213e-08 8.95833e-06 0)
(7.97299e-08 8.94654e-06 0)
(7.77425e-08 8.93519e-06 0)
(7.46675e-08 8.92437e-06 0)
(7.05236e-08 8.91415e-06 0)
(6.53405e-08 8.90465e-06 0)
(5.91605e-08 8.89594e-06 0)
(5.2039e-08 8.88816e-06 0)
(4.40459e-08 8.8814e-06 0)
(3.52668e-08 8.87578e-06 0)
(2.58033e-08 8.8714e-06 0)
(1.57746e-08 8.86839e-06 0)
(5.31742e-09 8.86683e-06 0)
(9.87559e-08 8.29217e-08 0)
(6.56266e-08 7.10553e-06 0)
(-5.8214e-08 9.6614e-06 0)
(-1.13611e-07 9.57515e-06 0)
(-1.4462e-07 9.49388e-06 0)
(-1.5719e-07 9.42221e-06 0)
(-1.5699e-07 9.36109e-06 0)
(-1.48556e-07 9.30978e-06 0)
(-1.35208e-07 9.26693e-06 0)
(-1.19232e-07 9.23106e-06 0)
(-1.02139e-07 9.20083e-06 0)
(-8.48857e-08 9.17507e-06 0)
(-6.80575e-08 9.1528e-06 0)
(-5.19973e-08 9.13325e-06 0)
(-3.68949e-08 9.11581e-06 0)
(-2.28471e-08 9.09999e-06 0)
(-9.89646e-09 9.08541e-06 0)
(1.94469e-09 9.07178e-06 0)
(1.26791e-08 9.05887e-06 0)
(2.2316e-08 9.0465e-06 0)
(3.08662e-08 9.03455e-06 0)
(3.83396e-08 9.02293e-06 0)
(4.47444e-08 9.01157e-06 0)
(5.00871e-08 9.00044e-06 0)
(5.43729e-08 8.98951e-06 0)
(5.76066e-08 8.97879e-06 0)
(5.97938e-08 8.9683e-06 0)
(6.0942e-08 8.95807e-06 0)
(6.10617e-08 8.94815e-06 0)
(6.01678e-08 8.93858e-06 0)
(5.82807e-08 8.92945e-06 0)
(5.54275e-08 8.92081e-06 0)
(5.16436e-08 8.91277e-06 0)
(4.69733e-08 8.9054e-06 0)
(4.14716e-08 8.8988e-06 0)
(3.52048e-08 8.89306e-06 0)
(2.82518e-08 8.88828e-06 0)
(2.07051e-08 8.88457e-06 0)
(1.26717e-08 8.882e-06 0)
(4.27384e-09 8.88068e-06 0)
(4.14999e-08 1.00211e-07 0)
(-1.47816e-07 8.02668e-06 0)
(-4.02626e-07 9.85874e-06 0)
(-4.37632e-07 9.62885e-06 0)
(-4.18785e-07 9.47384e-06 0)
(-3.77931e-07 9.36715e-06 0)
(-3.30668e-07 9.29196e-06 0)
(-2.84171e-07 9.23759e-06 0)
(-2.41375e-07 9.19717e-06 0)
(-2.0316e-07 9.16621e-06 0)
(-1.69483e-07 9.14178e-06 0)
(-1.39931e-07 9.1219e-06 0)
(-1.13993e-07 9.10523e-06 0)
(-9.11725e-08 9.09085e-06 0)
(-7.10343e-08 9.0781e-06 0)
(-5.32159e-08 9.06653e-06 0)
(-3.7423e-08 9.05581e-06 0)
(-2.34208e-08 9.04568e-06 0)
(-1.10236e-08 9.03598e-06 0)
(-8.54345e-11 9.02658e-06 0)
(9.50787e-09 9.01739e-06 0)
(1.78457e-08 9.00835e-06 0)
(2.4998e-08 8.99941e-06 0)
(3.102e-08 8.99057e-06 0)
(3.59559e-08 8.98182e-06 0)
(3.98421e-08 8.97316e-06 0)
(4.27095e-08 8.96464e-06 0)
(4.45862e-08 8.95627e-06 0)
(4.54994e-08 8.94811e-06 0)
(4.54768e-08 8.9402e-06 0)
(4.45488e-08 8.93262e-06 0)
(4.27495e-08 8.92544e-06 0)
(4.01183e-08 8.91872e-06 0)
(3.67011e-08 8.91255e-06 0)
(3.25519e-08 8.90701e-06 0)
(2.77332e-08 8.90218e-06 0)
(2.23178e-08 8.89816e-06 0)
(1.63894e-08 8.89503e-06 0)
(1.00438e-08 8.89286e-06 0)
(3.38976e-09 8.89175e-06 0)
(-1.12216e-06 3.53895e-06 0)
(-2.14423e-06 8.17656e-06 0)
(-1.66993e-06 9.10465e-06 0)
(-1.16949e-06 9.09515e-06 0)
(-8.49781e-07 9.08739e-06 0)
(-6.38597e-07 9.08073e-06 0)
(-4.93818e-07 9.07476e-06 0)
(-3.90641e-07 9.06923e-06 0)
(-3.14263e-07 9.06397e-06 0)
(-2.55701e-07 9.05886e-06 0)
(-2.09382e-07 9.05381e-06 0)
(-1.71772e-07 9.04878e-06 0)
(-1.40566e-07 9.04371e-06 0)
(-1.14221e-07 9.03857e-06 0)
(-9.16785e-08 9.03334e-06 0)
(-7.21932e-08 9.02798e-06 0)
(-5.52284e-08 9.02248e-06 0)
(-4.03908e-08 9.01684e-06 0)
(-2.73873e-08 9.01104e-06 0)
(-1.59963e-08 9.00508e-06 0)
(-6.04821e-09 8.99896e-06 0)
(2.58808e-09 8.9927e-06 0)
(1.00152e-08 8.98631e-06 0)
(1.63145e-08 8.9798e-06 0)
(2.15515e-08 8.97322e-06 0)
(2.57803e-08 8.96658e-06 0)
(2.90464e-08 8.95994e-06 0)
(3.13902e-08 8.95334e-06 0)
(3.28485e-08 8.94682e-06 0)
(3.34568e-08 8.94045e-06 0)
(3.32513e-08 8.9343e-06 0)
(3.22697e-08 8.92842e-06 0)
(3.05532e-08 8.9229e-06 0)
(2.81473e-08 8.9178e-06 0)
(2.51034e-08 8.9132e-06 0)
(2.14797e-08 8.90919e-06 0)
(1.73422e-08 8.90583e-06 0)
(1.27659e-08 8.90321e-06 0)
(7.83546e-09 8.9014e-06 0)
(2.64649e-09 8.90047e-06 0)
(-2.15227e-08 7.58219e-06 0)
(-3.33603e-07 7.99011e-06 0)
(-4.63397e-07 8.32751e-06 0)
(-4.8495e-07 8.54724e-06 0)
(-4.57609e-07 8.69204e-06 0)
(-4.11315e-07 8.78866e-06 0)
(-3.60519e-07 8.85393e-06 0)
(-3.11702e-07 8.89852e-06 0)
(-2.67374e-07 8.92925e-06 0)
(-2.28158e-07 8.95053e-06 0)
(-1.93846e-07 8.96526e-06 0)
(-1.63924e-07 8.97535e-06 0)
(-1.37809e-07 8.98208e-06 0)
(-1.14955e-07 8.98633e-06 0)
(-9.4891e-08 8.98871e-06 0)
(-7.72238e-08 8.98963e-06 0)
(-6.16328e-08 8.9894e-06 0)
(-4.78588e-08 8.98825e-06 0)
(-3.56931e-08 8.98633e-06 0)
(-2.49676e-08 8.98378e-06 0)
(-1.55462e-08 8.98068e-06 0)
(-7.31843e-09 8.97712e-06 0)
(-1.93852e-10 8.97318e-06 0)
(5.90241e-09 8.96891e-06 0)
(1.1033e-08 8.96437e-06 0)
(1.52515e-08 8.95963e-06 0)
(1.86043e-08 8.95473e-06 0)
(2.11332e-08 8.94974e-06 0)
(2.28765e-08 8.94473e-06 0)
(2.38713e-08 8.93975e-06 0)
(2.41541e-08 8.93486e-06 0)
(2.37623e-08 8.93015e-06 0)
(2.27357e-08 8.92568e-06 0)
(2.11171e-08 8.92153e-06 0)
(1.89536e-08 8.91776e-06 0)
(1.62975e-08 8.91445e-06 0)
(1.32071e-08 8.91167e-06 0)
(9.74803e-09 8.9095e-06 0)
(5.99363e-09 8.90799e-06 0)
(2.02615e-09 8.90721e-06 0)
(8.78932e-08 8.37476e-06 0)
(-2.76349e-08 8.42482e-06 0)
(-1.14048e-07 8.50314e-06 0)
(-1.69453e-07 8.58544e-06 0)
(-1.99167e-07 8.6609e-06 0)
(-2.10026e-07 8.72561e-06 0)
(-2.08137e-07 8.77909e-06 0)
(-1.98239e-07 8.82229e-06 0)
(-1.83728e-07 8.85671e-06 0)
(-1.66907e-07 8.88387e-06 0)
(-1.49271e-07 8.90515e-06 0)
(-1.31748e-07 8.92171e-06 0)
(-1.14889e-07 8.9345e-06 0)
(-9.89987e-08 8.94426e-06 0)
(-8.42267e-08 8.95158e-06 0)
(-7.06296e-08 8.95693e-06 0)
(-5.82085e-08 8.96065e-06 0)
(-4.69337e-08 8.96302e-06 0)
(-3.67598e-08 8.96426e-06 0)
(-2.76347e-08 8.96455e-06 0)
(-1.95049e-08 8.96403e-06 0)
(-1.23185e-08 8.96282e-06 0)
(-6.02627e-09 8.96102e-06 0)
(-5.82544e-10 8.95871e-06 0)
(4.05496e-09 8.95598e-06 0)
(7.92538e-09 8.95289e-06 0)
(1.10652e-08 8.94953e-06 0)
(1.3509e-08 8.94596e-06 0)
(1.52897e-08 8.94225e-06 0)
(1.64401e-08 8.93847e-06 0)
(1.69927e-08 8.9347e-06 0)
(1.6981e-08 8.93099e-06 0)
(1.64404e-08 8.92742e-06 0)
(1.54084e-08 8.92407e-06 0)
(1.39261e-08 8.92101e-06 0)
(1.20381e-08 8.9183e-06 0)
(9.79428e-09 8.91602e-06 0)
(7.24967e-09 8.91422e-06 0)
(4.46576e-09 8.91297e-06 0)
(1.51103e-09 8.91232e-06 0)
(8.15124e-08 8.63722e-06 0)
(2.99395e-08 8.64112e-06 0)
(-1.57635e-08 8.65891e-06 0)
(-5.27861e-08 8.68551e-06 0)
(-8.02675e-08 8.71645e-06 0)
(-9.86946e-08 8.74843e-06 0)
(-1.09287e-07 8.77927e-06 0)
(-1.13541e-07 8.80772e-06 0)
(-1.1294e-07 8.83316e-06 0)
(-1.08806e-07 8.85542e-06 0)
(-1.02242e-07 8.87457e-06 0)
(-9.41228e-08 8.89083e-06 0)
(-8.51204e-08 8.90448e-06 0)
(-7.57336e-08 8.9158e-06 0)
(-6.63235e-08 8.92508e-06 0)
(-5.71448e-08 8.93257e-06 0)
(-4.83712e-08 8.9385e-06 0)
(-4.01172e-08 8.94307e-06 0)
(-3.24538e-08 8.94644e-06 0)
(-2.5421e-08 8.94876e-06 0)
(-1.90372e-08 8.95017e-06 0)
(-1.33058e-08 8.95076e-06 0)
(-8.21979e-09 8.95064e-06 0)
(-3.76568e-09 8.94991e-06 0)
(7.44293e-11 8.94864e-06 0)
(3.32114e-09 8.94692e-06 0)
(5.99672e-09 8.94482e-06 0)
(8.12452e-09 8.94242e-06 0)
(9.7287e-09 8.93979e-06 0)
(1.08342e-08 8.937e-06 0)
(1.14668e-08 8.93413e-06 0)
(1.16536e-08 8.93125e-06 0)
(1.14232e-08 8.92843e-06 0)
(1.08062e-08 8.92574e-06 0)
(9.83556e-09 8.92325e-06 0)
(8.54757e-09 8.92103e-06 0)
(6.98195e-09 8.91914e-06 0)
(5.18261e-09 8.91765e-06 0)
(3.1983e-09 8.91661e-06 0)
(1.08315e-09 8.91607e-06 0)
(5.90128e-08 8.75172e-06 0)
(3.35588e-08 8.7472e-06 0)
(9.45885e-09 8.74927e-06 0)
(-1.19858e-08 8.75685e-06 0)
(-2.99288e-08 8.76857e-06 0)
(-4.39862e-08 8.78308e-06 0)
(-5.41599e-08 8.79915e-06 0)
(-6.07282e-08 8.81579e-06 0)
(-6.41371e-08 8.83226e-06 0)
(-6.491e-08 8.84803e-06 0)
(-6.35815e-08 8.86275e-06 0)
(-6.06546e-08 8.87621e-06 0)
(-5.65762e-08 8.88832e-06 0)
(-5.17265e-08 8.89904e-06 0)
(-4.64183e-08 8.9084e-06 0)
(-4.09009e-08 8.91645e-06 0)
(-3.53678e-08 8.92325e-06 0)
(-2.99647e-08 8.92889e-06 0)
(-2.47986e-08 8.93346e-06 0)
(-1.99449e-08 8.93703e-06 0)
(-1.54544e-08 8.93968e-06 0)
(-1.13591e-08 8.94151e-06 0)
(-7.67677e-09 8.94259e-06 0)
(-4.41443e-09 8.943e-06 0)
(-1.57154e-09 8.94282e-06 0)
(8.58033e-10 8.94212e-06 0)
(2.88435e-09 8.94098e-06 0)
(4.52029e-09 8.93947e-06 0)
(5.78083e-09 8.93766e-06 0)
(6.68255e-09 8.93563e-06 0)
(7.2434e-09 8.93346e-06 0)
(7.48269e-09 8.93121e-06 0)
(7.42116e-09 8.92895e-06 0)
(7.08113e-09 8.92676e-06 0)
(6.48683e-09 8.92471e-06 0)
(5.66467e-09 8.92286e-06 0)
(4.64363e-09 8.92128e-06 0)
(3.45563e-09 8.92002e-06 0)
(2.13602e-09 8.91914e-06 0)
(7.23976e-10 8.91868e-06 0)
(3.50072e-08 8.8065e-06 0)
(2.28347e-08 8.80015e-06 0)
(1.09738e-08 8.7975e-06 0)
(-3.6645e-11 8.79834e-06 0)
(-9.76618e-09 8.80225e-06 0)
(-1.79244e-08 8.8087e-06 0)
(-2.43667e-08 8.81711e-06 0)
(-2.9079e-08 8.82691e-06 0)
(-3.21514e-08 8.83758e-06 0)
(-3.37474e-08 8.84864e-06 0)
(-3.40738e-08 8.85973e-06 0)
(-3.33558e-08 8.87052e-06 0)
(-3.18176e-08 8.8808e-06 0)
(-2.96687e-08 8.89038e-06 0)
(-2.70964e-08 8.89916e-06 0)
(-2.42609e-08 8.90705e-06 0)
(-2.12955e-08 8.91402e-06 0)
(-1.83071e-08 8.92005e-06 0)
(-1.53792e-08 8.92517e-06 0)
(-1.25747e-08 8.92939e-06 0)
(-9.93974e-09 8.93276e-06 0)
(-7.50611e-09 8.93533e-06 0)
(-5.29471e-09 8.93715e-06 0)
(-3.31779e-09 8.93829e-06 0)
(-1.58099e-09 8.93882e-06 0)
(-8.50488e-11 8.93879e-06 0)
(1.17295e-09 8.93828e-06 0)
(2.1986e-09 8.93736e-06 0)
(2.99949e-09 8.93611e-06 0)
(3.58474e-09 8.93459e-06 0)
(3.96468e-09 8.93289e-06 0)
(4.1507e-09 8.93106e-06 0)
(4.15526e-09 8.92919e-06 0)
(3.99185e-09 8.92734e-06 0)
(3.6752e-09 8.92558e-06 0)
(3.22136e-09 8.92398e-06 0)
(2.64793e-09 8.9226e-06 0)
(1.9743e-09 8.9215e-06 0)
(1.22188e-09 8.92073e-06 0)
(4.14392e-10 8.92032e-06 0)
(1.15637e-08 8.82934e-06 0)
(7.92246e-09 8.82258e-06 0)
(4.33421e-09 8.81852e-06 0)
(9.46247e-10 8.81712e-06 0)
(-2.11467e-09 8.81821e-06 0)
(-4.7528e-09 8.82155e-06 0)
(-6.9084e-09 8.82681e-06 0)
(-8.55765e-09 8.83361e-06 0)
(-9.70852e-09 8.84158e-06 0)
(-1.03942e-08 8.85033e-06 0)
(-1.06658e-08 8.85952e-06 0)
(-1.05846e-08 8.86883e-06 0)
(-1.02162e-08 8.87801e-06 0)
(-9.62524e-09 8.88684e-06 0)
(-8.87199e-09 8.89515e-06 0)
(-8.01014e-09 8.90281e-06 0)
(-7.08572e-09 8.90973e-06 0)
(-6.13685e-09 8.91586e-06 0)
(-5.19411e-09 8.92117e-06 0)
(-4.28124e-09 8.92566e-06 0)
(-3.41602e-09 8.92934e-06 0)
(-2.61127e-09 8.93225e-06 0)
(-1.87574e-09 8.93442e-06 0)
(-1.21492e-09 8.93591e-06 0)
(-6.31822e-10 8.93678e-06 0)
(-1.27505e-10 8.93708e-06 0)
(2.98401e-10 8.93689e-06 0)
(6.47342e-10 8.93627e-06 0)
(9.21566e-10 8.93529e-06 0)
(1.12393e-09 8.93403e-06 0)
(1.25778e-09 8.93256e-06 0)
(1.32686e-09 8.93095e-06 0)
(1.33531e-09 8.92927e-06 0)
(1.28764e-09 8.92759e-06 0)
(1.18877e-09 8.92599e-06 0)
(1.0441e-09 8.92451e-06 0)
(8.59517e-10 8.92324e-06 0)
(6.41528e-10 8.92221e-06 0)
(3.97303e-10 8.92149e-06 0)
(1.34787e-10 8.92112e-06 0)
)
;

boundaryField
{
    top
    {
        type            zeroGradient;
    }
    inlet
    {
        type            fixedValue;
        value           uniform (0 0 0);
    }
    axis
    {
        type            fixedValue;
        value           uniform (0 0 0);
    }
    frontAndBack
    {
        type            empty;
    }
}


// ************************************************************************* //
