/*--------------------------------*- C++ -*----------------------------------*\
  =========                 |
  \\      /  F ield         | OpenFOAM: The Open Source CFD Toolbox
   \\    /   O peration     | Website:  https://openfoam.org
    \\  /    A nd           | Version:  7
     \\/     M anipulation  |
\*---------------------------------------------------------------------------*/
FoamFile
{
    version     2.0;
    format      ascii;
    class       volVectorField;
    location    "10000";
    object      Ub;
}
// * * * * * * * * * * * * * * * * * * * * * * * * * * * * * * * * * * * * * //

dimensions      [0 1 -1 0 0 0 0];

internalField   nonuniform List<vector> 
3200
(
(-4.38095e-21 -9.87892e-16 0)
(-1.30927e-20 -9.87892e-16 0)
(-2.17302e-20 -9.87892e-16 0)
(-3.03447e-20 -9.87892e-16 0)
(-3.89852e-20 -9.87892e-16 0)
(-4.76998e-20 -9.87892e-16 0)
(-5.65372e-20 -9.87892e-16 0)
(-6.55475e-20 -9.87891e-16 0)
(-7.47835e-20 -9.87891e-16 0)
(-8.43023e-20 -9.8789e-16 0)
(-9.41665e-20 -9.8789e-16 0)
(-1.04446e-19 -9.87889e-16 0)
(-1.1522e-19 -9.87889e-16 0)
(-1.26581e-19 -9.87888e-16 0)
(-1.38637e-19 -9.87887e-16 0)
(-1.51515e-19 -9.87886e-16 0)
(-1.65371e-19 -9.87885e-16 0)
(-1.80393e-19 -9.87883e-16 0)
(-1.96818e-19 -9.87882e-16 0)
(-2.14943e-19 -9.87879e-16 0)
(-2.35151e-19 -9.87877e-16 0)
(-2.57944e-19 -9.87873e-16 0)
(-2.83991e-19 -9.87869e-16 0)
(-3.14208e-19 -9.87863e-16 0)
(-3.49871e-19 -9.87856e-16 0)
(-3.92801e-19 -9.87846e-16 0)
(-4.45659e-19 -9.87831e-16 0)
(-5.12425e-19 -9.87811e-16 0)
(-5.99182e-19 -9.87782e-16 0)
(-7.15425e-19 -9.87737e-16 0)
(-8.76242e-19 -9.87668e-16 0)
(-1.10605e-18 -9.87558e-16 0)
(-2.65703e-10 -9.87418e-16 0)
(-4.83748e-05 -9.65993e-08 0)
(-0.000107296 -3.7347e-05 0)
(-0.000119613 -9.99234e-06 0)
(-0.00012238 -5.61917e-06 0)
(-0.000124078 -3.57467e-06 0)
(-0.000123483 -7.45664e-06 0)
(-7.56958e-05 -0.000136614 0)
(-4.32314e-21 -9.8788e-16 0)
(-1.29187e-20 -9.87879e-16 0)
(-2.14375e-20 -9.87879e-16 0)
(-2.99276e-20 -9.87879e-16 0)
(-3.84349e-20 -9.87878e-16 0)
(-4.70042e-20 -9.87878e-16 0)
(-5.56801e-20 -9.87877e-16 0)
(-6.45083e-20 -9.87876e-16 0)
(-7.35361e-20 -9.87875e-16 0)
(-8.28138e-20 -9.87874e-16 0)
(-9.23954e-20 -9.87873e-16 0)
(-1.0234e-19 -9.87871e-16 0)
(-1.12713e-19 -9.87869e-16 0)
(-1.23589e-19 -9.87867e-16 0)
(-1.3505e-19 -9.87865e-16 0)
(-1.4719e-19 -9.87862e-16 0)
(-1.6012e-19 -9.87858e-16 0)
(-1.73964e-19 -9.87854e-16 0)
(-1.88867e-19 -9.87849e-16 0)
(-2.04992e-19 -9.87843e-16 0)
(-2.22528e-19 -9.87836e-16 0)
(-2.41678e-19 -9.87827e-16 0)
(-2.62654e-19 -9.87816e-16 0)
(-2.85648e-19 -9.87802e-16 0)
(-3.10778e-19 -9.87784e-16 0)
(-3.37968e-19 -9.87761e-16 0)
(-3.66732e-19 -9.8773e-16 0)
(-3.95735e-19 -9.8769e-16 0)
(-4.21995e-19 -9.87636e-16 0)
(-4.39365e-19 -9.87562e-16 0)
(-4.35755e-19 -9.87459e-16 0)
(-3.88034e-19 -9.87314e-16 0)
(-2.52766e-19 -9.87111e-16 0)
(-2.33154e-20 -9.86614e-16 0)
(5.24902e-20 -9.40822e-16 0)
(-7.12055e-20 -9.00313e-16 0)
(-2.55557e-19 -8.62779e-16 0)
(-2.34993e-08 -9.37869e-16 0)
(-1.51928e-05 -5.27347e-06 0)
(-1.47504e-05 -0.000319706 0)
(-4.21089e-21 -9.87867e-16 0)
(-1.2581e-20 -9.87867e-16 0)
(-2.08696e-20 -9.87867e-16 0)
(-2.91192e-20 -9.87866e-16 0)
(-3.73698e-20 -9.87865e-16 0)
(-4.566e-20 -9.87865e-16 0)
(-5.40273e-20 -9.87863e-16 0)
(-6.25094e-20 -9.87862e-16 0)
(-7.11438e-20 -9.8786e-16 0)
(-7.99693e-20 -9.87859e-16 0)
(-8.90254e-20 -9.87856e-16 0)
(-9.83534e-20 -9.87854e-16 0)
(-1.07996e-19 -9.87851e-16 0)
(-1.17998e-19 -9.87848e-16 0)
(-1.28406e-19 -9.87844e-16 0)
(-1.39264e-19 -9.87839e-16 0)
(-1.5062e-19 -9.87834e-16 0)
(-1.62514e-19 -9.87828e-16 0)
(-1.74978e-19 -9.87821e-16 0)
(-1.8803e-19 -9.87812e-16 0)
(-2.01657e-19 -9.87802e-16 0)
(-2.158e-19 -9.87791e-16 0)
(-2.30324e-19 -9.87776e-16 0)
(-2.44977e-19 -9.8776e-16 0)
(-2.59325e-19 -9.87739e-16 0)
(-2.72669e-19 -9.87715e-16 0)
(-2.8393e-19 -9.87685e-16 0)
(-2.91518e-19 -9.87651e-16 0)
(-2.9321e-19 -9.8761e-16 0)
(-2.86122e-19 -9.87563e-16 0)
(-2.66991e-19 -9.87513e-16 0)
(-2.3319e-19 -9.87464e-16 0)
(-1.85425e-19 -9.87426e-16 0)
(-1.33899e-19 -9.87422e-16 0)
(-1.00832e-19 -9.87464e-16 0)
(-9.01474e-20 -9.8748e-16 0)
(-8.34239e-20 -9.87469e-16 0)
(-6.08784e-12 -9.87896e-16 0)
(-1.22686e-06 -1.35739e-07 0)
(-5.54323e-07 -0.000375414 0)
(-4.05045e-21 -9.87855e-16 0)
(-1.20986e-20 -9.87855e-16 0)
(-2.00592e-20 -9.87855e-16 0)
(-2.79673e-20 -9.87854e-16 0)
(-3.58553e-20 -9.87853e-16 0)
(-4.37536e-20 -9.87852e-16 0)
(-5.1691e-20 -9.8785e-16 0)
(-5.96948e-20 -9.87848e-16 0)
(-6.7791e-20 -9.87846e-16 0)
(-7.60046e-20 -9.87844e-16 0)
(-8.43586e-20 -9.87841e-16 0)
(-9.28746e-20 -9.87838e-16 0)
(-1.01571e-19 -9.87834e-16 0)
(-1.10464e-19 -9.8783e-16 0)
(-1.19562e-19 -9.87825e-16 0)
(-1.28869e-19 -9.8782e-16 0)
(-1.38375e-19 -9.87814e-16 0)
(-1.48057e-19 -9.87807e-16 0)
(-1.5787e-19 -9.87798e-16 0)
(-1.67739e-19 -9.87789e-16 0)
(-1.77548e-19 -9.87778e-16 0)
(-1.87129e-19 -9.87766e-16 0)
(-1.9624e-19 -9.87751e-16 0)
(-2.04551e-19 -9.87735e-16 0)
(-2.11621e-19 -9.87717e-16 0)
(-2.16884e-19 -9.87696e-16 0)
(-2.19643e-19 -9.87673e-16 0)
(-2.19098e-19 -9.87647e-16 0)
(-2.14411e-19 -9.8762e-16 0)
(-2.04858e-19 -9.87593e-16 0)
(-1.90073e-19 -9.87566e-16 0)
(-1.70407e-19 -9.87543e-16 0)
(-1.47312e-19 -9.87526e-16 0)
(-1.23449e-19 -9.87516e-16 0)
(-1.01715e-19 -9.87513e-16 0)
(-8.27944e-20 -9.8751e-16 0)
(-6.49751e-20 -9.87506e-16 0)
(-3.19783e-12 -9.87994e-16 0)
(-6.03962e-07 -1.17026e-07 0)
(-1.38546e-07 -0.000386091 0)
(-3.85025e-21 -9.87844e-16 0)
(-1.1497e-20 -9.87844e-16 0)
(-1.905e-20 -9.87843e-16 0)
(-2.65358e-20 -9.87842e-16 0)
(-3.39781e-20 -9.87841e-16 0)
(-4.13987e-20 -9.8784e-16 0)
(-4.88168e-20 -9.87838e-16 0)
(-5.62493e-20 -9.87836e-16 0)
(-6.37108e-20 -9.87833e-16 0)
(-7.12127e-20 -9.87831e-16 0)
(-7.87632e-20 -9.87827e-16 0)
(-8.63663e-20 -9.87824e-16 0)
(-9.40207e-20 -9.8782e-16 0)
(-1.01719e-19 -9.87815e-16 0)
(-1.09444e-19 -9.8781e-16 0)
(-1.17169e-19 -9.87804e-16 0)
(-1.24854e-19 -9.87797e-16 0)
(-1.32442e-19 -9.8779e-16 0)
(-1.39852e-19 -9.87781e-16 0)
(-1.46979e-19 -9.87772e-16 0)
(-1.53688e-19 -9.87761e-16 0)
(-1.59804e-19 -9.8775e-16 0)
(-1.65116e-19 -9.87737e-16 0)
(-1.69366e-19 -9.87723e-16 0)
(-1.72259e-19 -9.87707e-16 0)
(-1.7347e-19 -9.87691e-16 0)
(-1.72664e-19 -9.87673e-16 0)
(-1.69529e-19 -9.87655e-16 0)
(-1.63829e-19 -9.87637e-16 0)
(-1.55464e-19 -9.87619e-16 0)
(-1.44543e-19 -9.87603e-16 0)
(-1.31427e-19 -9.87588e-16 0)
(-1.1673e-19 -9.87576e-16 0)
(-1.01213e-19 -9.87567e-16 0)
(-8.55471e-20 -9.8756e-16 0)
(-7.00667e-20 -9.87555e-16 0)
(-5.47853e-20 -9.87551e-16 0)
(-3.08729e-12 -9.88143e-16 0)
(-4.78196e-07 -1.30833e-07 0)
(-6.32846e-08 -0.000393212 0)
(-3.61995e-21 -9.87833e-16 0)
(-1.08055e-20 -9.87833e-16 0)
(-1.78918e-20 -9.87832e-16 0)
(-2.48966e-20 -9.87831e-16 0)
(-3.18353e-20 -9.8783e-16 0)
(-3.8721e-20 -9.87828e-16 0)
(-4.55641e-20 -9.87826e-16 0)
(-5.23721e-20 -9.87824e-16 0)
(-5.91495e-20 -9.87822e-16 0)
(-6.58968e-20 -9.87819e-16 0)
(-7.26104e-20 -9.87815e-16 0)
(-7.92815e-20 -9.87811e-16 0)
(-8.58954e-20 -9.87807e-16 0)
(-9.24299e-20 -9.87802e-16 0)
(-9.88544e-20 -9.87797e-16 0)
(-1.05128e-19 -9.87791e-16 0)
(-1.11198e-19 -9.87784e-16 0)
(-1.16997e-19 -9.87777e-16 0)
(-1.22444e-19 -9.87769e-16 0)
(-1.27439e-19 -9.8776e-16 0)
(-1.31865e-19 -9.87751e-16 0)
(-1.35587e-19 -9.8774e-16 0)
(-1.38454e-19 -9.87729e-16 0)
(-1.40304e-19 -9.87717e-16 0)
(-1.4097e-19 -9.87705e-16 0)
(-1.40289e-19 -9.87692e-16 0)
(-1.38123e-19 -9.87679e-16 0)
(-1.3437e-19 -9.87666e-16 0)
(-1.28991e-19 -9.87653e-16 0)
(-1.22019e-19 -9.8764e-16 0)
(-1.13579e-19 -9.87629e-16 0)
(-1.03879e-19 -9.87619e-16 0)
(-9.31926e-20 -9.8761e-16 0)
(-8.18141e-20 -9.87602e-16 0)
(-7.00097e-20 -9.87597e-16 0)
(-5.79784e-20 -9.87592e-16 0)
(-4.58631e-20 -9.87588e-16 0)
(-3.08484e-12 -9.88277e-16 0)
(-4.25775e-07 -1.48354e-07 0)
(-3.63729e-08 -0.000399343 0)
(-3.36947e-21 -9.87823e-16 0)
(-1.00541e-20 -9.87823e-16 0)
(-1.66353e-20 -9.87822e-16 0)
(-2.31228e-20 -9.87821e-16 0)
(-2.95244e-20 -9.8782e-16 0)
(-3.58453e-20 -9.87818e-16 0)
(-4.20886e-20 -9.87816e-16 0)
(-4.82541e-20 -9.87814e-16 0)
(-5.43383e-20 -9.87811e-16 0)
(-6.03342e-20 -9.87808e-16 0)
(-6.62302e-20 -9.87804e-16 0)
(-7.20099e-20 -9.878e-16 0)
(-7.76511e-20 -9.87796e-16 0)
(-8.31254e-20 -9.87791e-16 0)
(-8.83972e-20 -9.87786e-16 0)
(-9.3423e-20 -9.8778e-16 0)
(-9.81508e-20 -9.87774e-16 0)
(-1.0252e-19 -9.87767e-16 0)
(-1.0646e-19 -9.8776e-16 0)
(-1.09891e-19 -9.87752e-16 0)
(-1.12729e-19 -9.87744e-16 0)
(-1.14879e-19 -9.87735e-16 0)
(-1.16248e-19 -9.87726e-16 0)
(-1.16743e-19 -9.87716e-16 0)
(-1.16277e-19 -9.87706e-16 0)
(-1.14779e-19 -9.87696e-16 0)
(-1.12201e-19 -9.87686e-16 0)
(-1.0852e-19 -9.87676e-16 0)
(-1.03753e-19 -9.87666e-16 0)
(-9.79525e-20 -9.87657e-16 0)
(-9.12105e-20 -9.87649e-16 0)
(-8.36504e-20 -9.87641e-16 0)
(-7.54167e-20 -9.87635e-16 0)
(-6.66607e-20 -9.87629e-16 0)
(-5.75265e-20 -9.87625e-16 0)
(-4.81408e-20 -9.87621e-16 0)
(-3.86236e-20 -9.87618e-16 0)
(-3.10104e-12 -9.88387e-16 0)
(-3.95431e-07 -1.65194e-07 0)
(-2.06977e-08 -0.000404956 0)
(-3.10826e-21 -9.87814e-16 0)
(-9.27115e-21 -9.87813e-16 0)
(-1.53284e-20 -9.87813e-16 0)
(-2.12828e-20 -9.87812e-16 0)
(-2.71353e-20 -9.8781e-16 0)
(-3.28851e-20 -9.87809e-16 0)
(-3.85293e-20 -9.87806e-16 0)
(-4.40622e-20 -9.87804e-16 0)
(-4.94749e-20 -9.87801e-16 0)
(-5.47555e-20 -9.87798e-16 0)
(-5.98882e-20 -9.87795e-16 0)
(-6.4853e-20 -9.87791e-16 0)
(-6.96254e-20 -9.87787e-16 0)
(-7.41764e-20 -9.87782e-16 0)
(-7.84715e-20 -9.87777e-16 0)
(-8.24713e-20 -9.87772e-16 0)
(-8.61311e-20 -9.87766e-16 0)
(-8.94014e-20 -9.8776e-16 0)
(-9.22286e-20 -9.87754e-16 0)
(-9.4556e-20 -9.87747e-16 0)
(-9.63251e-20 -9.8774e-16 0)
(-9.74779e-20 -9.87732e-16 0)
(-9.79596e-20 -9.87724e-16 0)
(-9.77214e-20 -9.87716e-16 0)
(-9.6724e-20 -9.87709e-16 0)
(-9.4941e-20 -9.87701e-16 0)
(-9.23623e-20 -9.87693e-16 0)
(-8.89967e-20 -9.87685e-16 0)
(-8.48729e-20 -9.87678e-16 0)
(-8.00395e-20 -9.87671e-16 0)
(-7.45631e-20 -9.87665e-16 0)
(-6.85243e-20 -9.87659e-16 0)
(-6.20128e-20 -9.87654e-16 0)
(-5.51215e-20 -9.8765e-16 0)
(-4.79414e-20 -9.87647e-16 0)
(-4.05577e-20 -9.87644e-16 0)
(-3.30592e-20 -9.87642e-16 0)
(-3.08738e-12 -9.88499e-16 0)
(-3.75739e-07 -1.84296e-07 0)
(-8.89927e-09 -0.000410248 0)
(-2.84466e-21 -9.87805e-16 0)
(-8.48175e-21 -9.87805e-16 0)
(-1.40131e-20 -9.87804e-16 0)
(-1.94355e-20 -9.87803e-16 0)
(-2.4745e-20 -9.87802e-16 0)
(-2.99361e-20 -9.878e-16 0)
(-3.50014e-20 -9.87798e-16 0)
(-3.99316e-20 -9.87796e-16 0)
(-4.47147e-20 -9.87793e-16 0)
(-4.93364e-20 -9.8779e-16 0)
(-5.37793e-20 -9.87787e-16 0)
(-5.8023e-20 -9.87783e-16 0)
(-6.2044e-20 -9.87779e-16 0)
(-6.58155e-20 -9.87775e-16 0)
(-6.93078e-20 -9.8777e-16 0)
(-7.2488e-20 -9.87766e-16 0)
(-7.5321e-20 -9.8776e-16 0)
(-7.77697e-20 -9.87755e-16 0)
(-7.97961e-20 -9.87749e-16 0)
(-8.13619e-20 -9.87743e-16 0)
(-8.24306e-20 -9.87737e-16 0)
(-8.29682e-20 -9.87731e-16 0)
(-8.29458e-20 -9.87725e-16 0)
(-8.23409e-20 -9.87718e-16 0)
(-8.1139e-20 -9.87712e-16 0)
(-7.93358e-20 -9.87705e-16 0)
(-7.69381e-20 -9.87699e-16 0)
(-7.39641e-20 -9.87693e-16 0)
(-7.04441e-20 -9.87688e-16 0)
(-6.6419e-20 -9.87683e-16 0)
(-6.19391e-20 -9.87678e-16 0)
(-5.70619e-20 -9.87674e-16 0)
(-5.18497e-20 -9.8767e-16 0)
(-4.63669e-20 -9.87666e-16 0)
(-4.06779e-20 -9.87664e-16 0)
(-3.48456e-20 -9.87662e-16 0)
(-2.89422e-20 -9.8766e-16 0)
(-3.27545e-12 -9.8865e-16 0)
(-3.62188e-07 -2.10269e-07 0)
(1.26085e-09 -0.000415327 0)
(-2.58558e-21 -9.87797e-16 0)
(-7.70657e-21 -9.87797e-16 0)
(-1.27236e-20 -9.87796e-16 0)
(-1.76292e-20 -9.87795e-16 0)
(-2.24155e-20 -9.87794e-16 0)
(-2.70736e-20 -9.87792e-16 0)
(-3.15935e-20 -9.8779e-16 0)
(-3.59637e-20 -9.87788e-16 0)
(-4.0171e-20 -9.87786e-16 0)
(-4.42001e-20 -9.87783e-16 0)
(-4.80343e-20 -9.8778e-16 0)
(-5.16543e-20 -9.87776e-16 0)
(-5.50394e-20 -9.87773e-16 0)
(-5.81668e-20 -9.87769e-16 0)
(-6.10123e-20 -9.87765e-16 0)
(-6.35504e-20 -9.87761e-16 0)
(-6.57551e-20 -9.87756e-16 0)
(-6.76003e-20 -9.87751e-16 0)
(-6.90603e-20 -9.87746e-16 0)
(-7.01113e-20 -9.87741e-16 0)
(-7.07319e-20 -9.87736e-16 0)
(-7.09042e-20 -9.87731e-16 0)
(-7.06151e-20 -9.87725e-16 0)
(-6.9857e-20 -9.8772e-16 0)
(-6.86287e-20 -9.87715e-16 0)
(-6.69362e-20 -9.8771e-16 0)
(-6.47926e-20 -9.87705e-16 0)
(-6.22188e-20 -9.877e-16 0)
(-5.92425e-20 -9.87696e-16 0)
(-5.58976e-20 -9.87692e-16 0)
(-5.22233e-20 -9.87688e-16 0)
(-4.82629e-20 -9.87685e-16 0)
(-4.4062e-20 -9.87682e-16 0)
(-3.96677e-20 -9.8768e-16 0)
(-3.51272e-20 -9.87678e-16 0)
(-3.04869e-20 -9.87676e-16 0)
(-2.58044e-20 -9.87675e-16 0)
(-3.59336e-12 -9.88815e-16 0)
(-3.52646e-07 -2.4025e-07 0)
(1.0268e-08 -0.000420263 0)
(-2.33639e-21 -9.8779e-16 0)
(-6.96159e-21 -9.8779e-16 0)
(-1.14863e-20 -9.87789e-16 0)
(-1.59001e-20 -9.87788e-16 0)
(-2.01925e-20 -9.87787e-16 0)
(-2.43525e-20 -9.87785e-16 0)
(-2.83685e-20 -9.87784e-16 0)
(-3.22283e-20 -9.87782e-16 0)
(-3.59183e-20 -9.87779e-16 0)
(-3.9424e-20 -9.87777e-16 0)
(-4.27298e-20 -9.87774e-16 0)
(-4.5819e-20 -9.87771e-16 0)
(-4.86741e-20 -9.87768e-16 0)
(-5.12767e-20 -9.87764e-16 0)
(-5.3608e-20 -9.8776e-16 0)
(-5.56495e-20 -9.87757e-16 0)
(-5.73825e-20 -9.87753e-16 0)
(-5.87897e-20 -9.87748e-16 0)
(-5.98551e-20 -9.87744e-16 0)
(-6.05648e-20 -9.8774e-16 0)
(-6.09076e-20 -9.87735e-16 0)
(-6.0876e-20 -9.87731e-16 0)
(-6.0466e-20 -9.87727e-16 0)
(-5.96783e-20 -9.87722e-16 0)
(-5.85184e-20 -9.87718e-16 0)
(-5.69966e-20 -9.87714e-16 0)
(-5.51283e-20 -9.8771e-16 0)
(-5.29334e-20 -9.87706e-16 0)
(-5.04363e-20 -9.87703e-16 0)
(-4.7665e-20 -9.877e-16 0)
(-4.46506e-20 -9.87697e-16 0)
(-4.14264e-20 -9.87694e-16 0)
(-3.80267e-20 -9.87692e-16 0)
(-3.44866e-20 -9.8769e-16 0)
(-3.08407e-20 -9.87688e-16 0)
(-2.71225e-20 -9.87687e-16 0)
(-2.33767e-20 -9.87686e-16 0)
(-3.92975e-12 -9.89015e-16 0)
(-3.45799e-07 -2.76219e-07 0)
(1.83241e-08 -0.0004251 0)
(-2.10093e-21 -9.87784e-16 0)
(-6.25821e-21 -9.87783e-16 0)
(-1.03199e-20 -9.87783e-16 0)
(-1.42737e-20 -9.87782e-16 0)
(-1.81074e-20 -9.87781e-16 0)
(-2.18092e-20 -9.87779e-16 0)
(-2.53668e-20 -9.87778e-16 0)
(-2.87679e-20 -9.87776e-16 0)
(-3.19997e-20 -9.87774e-16 0)
(-3.50487e-20 -9.87771e-16 0)
(-3.79014e-20 -9.87769e-16 0)
(-4.05436e-20 -9.87766e-16 0)
(-4.29613e-20 -9.87763e-16 0)
(-4.514e-20 -9.8776e-16 0)
(-4.70661e-20 -9.87757e-16 0)
(-4.87263e-20 -9.87753e-16 0)
(-5.01081e-20 -9.8775e-16 0)
(-5.12008e-20 -9.87746e-16 0)
(-5.1995e-20 -9.87743e-16 0)
(-5.24838e-20 -9.87739e-16 0)
(-5.26627e-20 -9.87735e-16 0)
(-5.25301e-20 -9.87732e-16 0)
(-5.20875e-20 -9.87728e-16 0)
(-5.13401e-20 -9.87724e-16 0)
(-5.02961e-20 -9.87721e-16 0)
(-4.89674e-20 -9.87718e-16 0)
(-4.73693e-20 -9.87714e-16 0)
(-4.55199e-20 -9.87711e-16 0)
(-4.34402e-20 -9.87709e-16 0)
(-4.11533e-20 -9.87706e-16 0)
(-3.86842e-20 -9.87704e-16 0)
(-3.60589e-20 -9.87702e-16 0)
(-3.33043e-20 -9.877e-16 0)
(-3.04473e-20 -9.87699e-16 0)
(-2.75146e-20 -9.87697e-16 0)
(-2.45325e-20 -9.87696e-16 0)
(-2.15407e-20 -9.87696e-16 0)
(-4.48669e-12 -9.89269e-16 0)
(-3.40682e-07 -3.20901e-07 0)
(2.56337e-08 -0.000429867 0)
(-1.88169e-21 -9.87778e-16 0)
(-5.60374e-21 -9.87778e-16 0)
(-9.23616e-21 -9.87777e-16 0)
(-1.27655e-20 -9.87776e-16 0)
(-1.6179e-20 -9.87775e-16 0)
(-1.94645e-20 -9.87774e-16 0)
(-2.26099e-20 -9.87772e-16 0)
(-2.56034e-20 -9.87771e-16 0)
(-2.84331e-20 -9.87769e-16 0)
(-3.10874e-20 -9.87767e-16 0)
(-3.35544e-20 -9.87764e-16 0)
(-3.58229e-20 -9.87762e-16 0)
(-3.78816e-20 -9.87759e-16 0)
(-3.97199e-20 -9.87756e-16 0)
(-4.1328e-20 -9.87754e-16 0)
(-4.26968e-20 -9.87751e-16 0)
(-4.38187e-20 -9.87748e-16 0)
(-4.46874e-20 -9.87745e-16 0)
(-4.52983e-20 -9.87741e-16 0)
(-4.5649e-20 -9.87738e-16 0)
(-4.5739e-20 -9.87735e-16 0)
(-4.55705e-20 -9.87732e-16 0)
(-4.51477e-20 -9.87729e-16 0)
(-4.44777e-20 -9.87726e-16 0)
(-4.35701e-20 -9.87723e-16 0)
(-4.24366e-20 -9.87721e-16 0)
(-4.10913e-20 -9.87718e-16 0)
(-3.95503e-20 -9.87716e-16 0)
(-3.78313e-20 -9.87713e-16 0)
(-3.59535e-20 -9.87711e-16 0)
(-3.39369e-20 -9.8771e-16 0)
(-3.18023e-20 -9.87708e-16 0)
(-2.95707e-20 -9.87707e-16 0)
(-2.72631e-20 -9.87705e-16 0)
(-2.49e-20 -9.87704e-16 0)
(-2.25013e-20 -9.87704e-16 0)
(-2.01022e-20 -9.87703e-16 0)
(-5.16216e-12 -9.89597e-16 0)
(-3.36712e-07 -3.7637e-07 0)
(3.20882e-08 -0.00043458 0)
(-1.68e-21 -9.87773e-16 0)
(-5.00204e-21 -9.87773e-16 0)
(-8.24099e-21 -9.87772e-16 0)
(-1.13831e-20 -9.87771e-16 0)
(-1.44158e-20 -9.8777e-16 0)
(-1.73268e-20 -9.87769e-16 0)
(-2.01048e-20 -9.87768e-16 0)
(-2.27389e-20 -9.87766e-16 0)
(-2.52184e-20 -9.87764e-16 0)
(-2.75332e-20 -9.87763e-16 0)
(-2.96737e-20 -9.8776e-16 0)
(-3.16308e-20 -9.87758e-16 0)
(-3.33958e-20 -9.87756e-16 0)
(-3.49613e-20 -9.87754e-16 0)
(-3.63202e-20 -9.87751e-16 0)
(-3.7467e-20 -9.87749e-16 0)
(-3.83972e-20 -9.87746e-16 0)
(-3.91079e-20 -9.87743e-16 0)
(-3.95976e-20 -9.87741e-16 0)
(-3.98665e-20 -9.87738e-16 0)
(-3.99168e-20 -9.87735e-16 0)
(-3.97523e-20 -9.87733e-16 0)
(-3.9379e-20 -9.8773e-16 0)
(-3.88045e-20 -9.87728e-16 0)
(-3.80382e-20 -9.87725e-16 0)
(-3.70912e-20 -9.87723e-16 0)
(-3.59762e-20 -9.87721e-16 0)
(-3.47069e-20 -9.87719e-16 0)
(-3.32984e-20 -9.87717e-16 0)
(-3.17664e-20 -9.87716e-16 0)
(-3.01271e-20 -9.87714e-16 0)
(-2.83972e-20 -9.87713e-16 0)
(-2.65933e-20 -9.87712e-16 0)
(-2.47317e-20 -9.87711e-16 0)
(-2.28287e-20 -9.8771e-16 0)
(-2.08996e-20 -9.87709e-16 0)
(-1.89785e-20 -9.87709e-16 0)
(-6.11594e-12 -9.9e-16 0)
(-3.33346e-07 -4.42832e-07 0)
(3.76926e-08 -0.000439248 0)
(-1.49627e-21 -9.87768e-16 0)
(-4.4542e-21 -9.87768e-16 0)
(-7.33592e-21 -9.87768e-16 0)
(-1.0128e-20 -9.87767e-16 0)
(-1.28181e-20 -9.87766e-16 0)
(-1.53948e-20 -9.87765e-16 0)
(-1.78476e-20 -9.87764e-16 0)
(-2.01665e-20 -9.87762e-16 0)
(-2.23423e-20 -9.87761e-16 0)
(-2.43664e-20 -9.87759e-16 0)
(-2.6231e-20 -9.87757e-16 0)
(-2.7929e-20 -9.87755e-16 0)
(-2.94539e-20 -9.87753e-16 0)
(-3.08005e-20 -9.87751e-16 0)
(-3.19642e-20 -9.87749e-16 0)
(-3.29418e-20 -9.87747e-16 0)
(-3.37311e-20 -9.87744e-16 0)
(-3.43315e-20 -9.87742e-16 0)
(-3.47432e-20 -9.8774e-16 0)
(-3.49685e-20 -9.87738e-16 0)
(-3.50106e-20 -9.87735e-16 0)
(-3.48743e-20 -9.87733e-16 0)
(-3.4566e-20 -9.87731e-16 0)
(-3.40933e-20 -9.87729e-16 0)
(-3.34649e-20 -9.87727e-16 0)
(-3.26909e-20 -9.87725e-16 0)
(-3.17824e-20 -9.87724e-16 0)
(-3.0751e-20 -9.87722e-16 0)
(-2.96094e-20 -9.87721e-16 0)
(-2.83703e-20 -9.87719e-16 0)
(-2.70472e-20 -9.87718e-16 0)
(-2.56531e-20 -9.87717e-16 0)
(-2.42015e-20 -9.87716e-16 0)
(-2.2705e-20 -9.87715e-16 0)
(-2.1176e-20 -9.87715e-16 0)
(-1.96259e-20 -9.87714e-16 0)
(-1.80869e-20 -9.87714e-16 0)
(-7.20793e-12 -9.90516e-16 0)
(-3.30176e-07 -5.24254e-07 0)
(4.23502e-08 -0.000443873 0)
(-1.33017e-21 -9.87764e-16 0)
(-3.95922e-21 -9.87764e-16 0)
(-6.51898e-21 -9.87764e-16 0)
(-8.99669e-21 -9.87763e-16 0)
(-1.13808e-20 -9.87762e-16 0)
(-1.36607e-20 -9.87761e-16 0)
(-1.58268e-20 -9.8776e-16 0)
(-1.78703e-20 -9.87759e-16 0)
(-1.97834e-20 -9.87757e-16 0)
(-2.15589e-20 -9.87756e-16 0)
(-2.31904e-20 -9.87754e-16 0)
(-2.46726e-20 -9.87753e-16 0)
(-2.60008e-20 -9.87751e-16 0)
(-2.71714e-20 -9.87749e-16 0)
(-2.81817e-20 -9.87747e-16 0)
(-2.90301e-20 -9.87745e-16 0)
(-2.97161e-20 -9.87743e-16 0)
(-3.02403e-20 -9.87741e-16 0)
(-3.06044e-20 -9.87739e-16 0)
(-3.08113e-20 -9.87737e-16 0)
(-3.0865e-20 -9.87736e-16 0)
(-3.07707e-20 -9.87734e-16 0)
(-3.05343e-20 -9.87732e-16 0)
(-3.01631e-20 -9.8773e-16 0)
(-2.96651e-20 -9.87729e-16 0)
(-2.90489e-20 -9.87727e-16 0)
(-2.83241e-20 -9.87726e-16 0)
(-2.75006e-20 -9.87724e-16 0)
(-2.65886e-20 -9.87723e-16 0)
(-2.55989e-20 -9.87722e-16 0)
(-2.45421e-20 -9.87721e-16 0)
(-2.34292e-20 -9.8772e-16 0)
(-2.22709e-20 -9.87719e-16 0)
(-2.10779e-20 -9.87719e-16 0)
(-1.98609e-20 -9.87718e-16 0)
(-1.86305e-20 -9.87718e-16 0)
(-1.74237e-20 -9.87718e-16 0)
(-8.79775e-12 -9.91274e-16 0)
(-3.26738e-07 -6.31977e-07 0)
(4.61309e-08 -0.000448452 0)
(-1.18092e-21 -9.87761e-16 0)
(-3.51464e-21 -9.8776e-16 0)
(-5.78584e-21 -9.8776e-16 0)
(-7.98269e-21 -9.87759e-16 0)
(-1.00945e-20 -9.87759e-16 0)
(-1.21118e-20 -9.87758e-16 0)
(-1.4026e-20 -9.87757e-16 0)
(-1.58294e-20 -9.87756e-16 0)
(-1.75154e-20 -9.87755e-16 0)
(-1.9078e-20 -9.87753e-16 0)
(-2.05123e-20 -9.87752e-16 0)
(-2.18142e-20 -9.8775e-16 0)
(-2.29805e-20 -9.87749e-16 0)
(-2.40089e-20 -9.87747e-16 0)
(-2.4898e-20 -9.87745e-16 0)
(-2.56474e-20 -9.87744e-16 0)
(-2.62577e-20 -9.87742e-16 0)
(-2.67302e-20 -9.8774e-16 0)
(-2.70674e-20 -9.87739e-16 0)
(-2.72725e-20 -9.87737e-16 0)
(-2.73499e-20 -9.87736e-16 0)
(-2.73044e-20 -9.87734e-16 0)
(-2.71418e-20 -9.87732e-16 0)
(-2.68685e-20 -9.87731e-16 0)
(-2.64915e-20 -9.8773e-16 0)
(-2.60183e-20 -9.87728e-16 0)
(-2.54568e-20 -9.87727e-16 0)
(-2.48152e-20 -9.87726e-16 0)
(-2.41018e-20 -9.87725e-16 0)
(-2.33251e-20 -9.87724e-16 0)
(-2.24938e-20 -9.87723e-16 0)
(-2.16164e-20 -9.87723e-16 0)
(-2.07012e-20 -9.87722e-16 0)
(-1.97567e-20 -9.87722e-16 0)
(-1.8791e-20 -9.87721e-16 0)
(-1.78123e-20 -9.87721e-16 0)
(-1.68619e-20 -9.87721e-16 0)
(-1.09446e-11 -9.92216e-16 0)
(-3.22768e-07 -7.60703e-07 0)
(4.88587e-08 -0.000452973 0)
(-1.04738e-21 -9.87757e-16 0)
(-3.11698e-21 -9.87757e-16 0)
(-5.13055e-21 -9.87757e-16 0)
(-7.07733e-21 -9.87756e-16 0)
(-8.94768e-21 -9.87756e-16 0)
(-1.07331e-20 -9.87755e-16 0)
(-1.24261e-20 -9.87754e-16 0)
(-1.402e-20 -9.87753e-16 0)
(-1.55094e-20 -9.87752e-16 0)
(-1.68893e-20 -9.87751e-16 0)
(-1.81561e-20 -9.8775e-16 0)
(-1.93066e-20 -9.87748e-16 0)
(-2.03388e-20 -9.87747e-16 0)
(-2.12514e-20 -9.87745e-16 0)
(-2.20439e-20 -9.87744e-16 0)
(-2.27167e-20 -9.87743e-16 0)
(-2.32711e-20 -9.87741e-16 0)
(-2.3709e-20 -9.8774e-16 0)
(-2.40333e-20 -9.87738e-16 0)
(-2.42473e-20 -9.87737e-16 0)
(-2.43551e-20 -9.87735e-16 0)
(-2.43614e-20 -9.87734e-16 0)
(-2.42715e-20 -9.87733e-16 0)
(-2.40909e-20 -9.87732e-16 0)
(-2.38257e-20 -9.8773e-16 0)
(-2.34821e-20 -9.87729e-16 0)
(-2.30666e-20 -9.87728e-16 0)
(-2.25857e-20 -9.87727e-16 0)
(-2.20461e-20 -9.87727e-16 0)
(-2.14543e-20 -9.87726e-16 0)
(-2.08167e-20 -9.87725e-16 0)
(-2.01398e-20 -9.87725e-16 0)
(-1.94296e-20 -9.87724e-16 0)
(-1.86919e-20 -9.87724e-16 0)
(-1.79322e-20 -9.87723e-16 0)
(-1.71552e-20 -9.87723e-16 0)
(-1.64055e-20 -9.87723e-16 0)
(-1.33712e-11 -9.93393e-16 0)
(-3.17986e-07 -9.13559e-07 0)
(5.05148e-08 -0.000457426 0)
(-9.28202e-22 -9.87754e-16 0)
(-2.76221e-21 -9.87754e-16 0)
(-4.5463e-21 -9.87754e-16 0)
(-6.2708e-21 -9.87754e-16 0)
(-7.92717e-21 -9.87753e-16 0)
(-9.5079e-21 -9.87752e-16 0)
(-1.10065e-20 -9.87752e-16 0)
(-1.24174e-20 -9.87751e-16 0)
(-1.3736e-20 -9.8775e-16 0)
(-1.49585e-20 -9.87749e-16 0)
(-1.60819e-20 -9.87748e-16 0)
(-1.71042e-20 -9.87746e-16 0)
(-1.80242e-20 -9.87745e-16 0)
(-1.88412e-20 -9.87744e-16 0)
(-1.95556e-20 -9.87743e-16 0)
(-2.01683e-20 -9.87741e-16 0)
(-2.0681e-20 -9.8774e-16 0)
(-2.1096e-20 -9.87739e-16 0)
(-2.14163e-20 -9.87738e-16 0)
(-2.16452e-20 -9.87736e-16 0)
(-2.17868e-20 -9.87735e-16 0)
(-2.18452e-20 -9.87734e-16 0)
(-2.18253e-20 -9.87733e-16 0)
(-2.17318e-20 -9.87732e-16 0)
(-2.15699e-20 -9.87731e-16 0)
(-2.13448e-20 -9.8773e-16 0)
(-2.10616e-20 -9.87729e-16 0)
(-2.07254e-20 -9.87729e-16 0)
(-2.03414e-20 -9.87728e-16 0)
(-1.99143e-20 -9.87727e-16 0)
(-1.94488e-20 -9.87727e-16 0)
(-1.89494e-20 -9.87726e-16 0)
(-1.84202e-20 -9.87726e-16 0)
(-1.78653e-20 -9.87725e-16 0)
(-1.72885e-20 -9.87725e-16 0)
(-1.66937e-20 -9.87725e-16 0)
(-1.61355e-20 -9.87725e-16 0)
(-1.67754e-11 -9.9509e-16 0)
(-3.12123e-07 -1.11098e-06 0)
(5.12891e-08 -0.000461792 0)
(-8.21971e-22 -9.87752e-16 0)
(-2.44606e-21 -9.87752e-16 0)
(-4.02587e-21 -9.87752e-16 0)
(-5.55287e-21 -9.87751e-16 0)
(-7.01952e-21 -9.87751e-16 0)
(-8.41933e-21 -9.8775e-16 0)
(-9.74673e-21 -9.87749e-16 0)
(-1.09971e-20 -9.87749e-16 0)
(-1.21666e-20 -9.87748e-16 0)
(-1.32523e-20 -9.87747e-16 0)
(-1.4252e-20 -9.87746e-16 0)
(-1.51645e-20 -9.87745e-16 0)
(-1.59891e-20 -9.87744e-16 0)
(-1.67259e-20 -9.87743e-16 0)
(-1.73757e-20 -9.87742e-16 0)
(-1.79399e-20 -9.8774e-16 0)
(-1.84204e-20 -9.87739e-16 0)
(-1.88198e-20 -9.87738e-16 0)
(-1.91412e-20 -9.87737e-16 0)
(-1.93878e-20 -9.87736e-16 0)
(-1.95636e-20 -9.87735e-16 0)
(-1.96725e-20 -9.87734e-16 0)
(-1.97187e-20 -9.87733e-16 0)
(-1.97065e-20 -9.87732e-16 0)
(-1.96404e-20 -9.87731e-16 0)
(-1.95247e-20 -9.87731e-16 0)
(-1.93634e-20 -9.8773e-16 0)
(-1.91607e-20 -9.87729e-16 0)
(-1.89201e-20 -9.87729e-16 0)
(-1.8645e-20 -9.87728e-16 0)
(-1.83384e-20 -9.87728e-16 0)
(-1.8003e-20 -9.87727e-16 0)
(-1.76408e-20 -9.87727e-16 0)
(-1.72538e-20 -9.87727e-16 0)
(-1.68434e-20 -9.87727e-16 0)
(-1.64111e-20 -9.87726e-16 0)
(-1.60249e-20 -9.87726e-16 0)
(-2.16163e-11 -9.97459e-16 0)
(-3.05242e-07 -1.36554e-06 0)
(5.11567e-08 -0.000466056 0)
(-7.2726e-22 -9.8775e-16 0)
(-2.16423e-21 -9.8775e-16 0)
(-3.5621e-21 -9.87749e-16 0)
(-4.91338e-21 -9.87749e-16 0)
(-6.21153e-21 -9.87749e-16 0)
(-7.45095e-21 -9.87748e-16 0)
(-8.62692e-21 -9.87747e-16 0)
(-9.73559e-21 -9.87747e-16 0)
(-1.07739e-20 -9.87746e-16 0)
(-1.17397e-20 -9.87745e-16 0)
(-1.26314e-20 -9.87744e-16 0)
(-1.34483e-20 -9.87743e-16 0)
(-1.41903e-20 -9.87742e-16 0)
(-1.4858e-20 -9.87741e-16 0)
(-1.54526e-20 -9.8774e-16 0)
(-1.59757e-20 -9.87739e-16 0)
(-1.64297e-20 -9.87739e-16 0)
(-1.68172e-20 -9.87738e-16 0)
(-1.71414e-20 -9.87737e-16 0)
(-1.74056e-20 -9.87736e-16 0)
(-1.76136e-20 -9.87735e-16 0)
(-1.77692e-20 -9.87734e-16 0)
(-1.78765e-20 -9.87733e-16 0)
(-1.79394e-20 -9.87732e-16 0)
(-1.79618e-20 -9.87731e-16 0)
(-1.79477e-20 -9.87731e-16 0)
(-1.79004e-20 -9.8773e-16 0)
(-1.78233e-20 -9.8773e-16 0)
(-1.77191e-20 -9.87729e-16 0)
(-1.759e-20 -9.87729e-16 0)
(-1.74376e-20 -9.87728e-16 0)
(-1.7263e-20 -9.87728e-16 0)
(-1.70663e-20 -9.87728e-16 0)
(-1.6847e-20 -9.87728e-16 0)
(-1.66039e-20 -9.87727e-16 0)
(-1.63354e-20 -9.87727e-16 0)
(-1.61288e-20 -9.87728e-16 0)
(-2.85795e-11 -1.00095e-15 0)
(-2.97603e-07 -1.70258e-06 0)
(5.02369e-08 -0.000470203 0)
(-6.42698e-22 -9.87748e-16 0)
(-1.91263e-21 -9.87748e-16 0)
(-3.14814e-21 -9.87747e-16 0)
(-4.3427e-21 -9.87747e-16 0)
(-5.49068e-21 -9.87747e-16 0)
(-6.58728e-21 -9.87746e-16 0)
(-7.62855e-21 -9.87746e-16 0)
(-8.61132e-21 -9.87745e-16 0)
(-9.5332e-21 -9.87744e-16 0)
(-1.03925e-20 -9.87744e-16 0)
(-1.11884e-20 -9.87743e-16 0)
(-1.19204e-20 -9.87742e-16 0)
(-1.2589e-20 -9.87741e-16 0)
(-1.31952e-20 -9.8774e-16 0)
(-1.37403e-20 -9.87739e-16 0)
(-1.42265e-20 -9.87739e-16 0)
(-1.46561e-20 -9.87738e-16 0)
(-1.50322e-20 -9.87737e-16 0)
(-1.53578e-20 -9.87736e-16 0)
(-1.56365e-20 -9.87735e-16 0)
(-1.58721e-20 -9.87734e-16 0)
(-1.60685e-20 -9.87734e-16 0)
(-1.62296e-20 -9.87733e-16 0)
(-1.63595e-20 -9.87732e-16 0)
(-1.64621e-20 -9.87731e-16 0)
(-1.65411e-20 -9.87731e-16 0)
(-1.66002e-20 -9.8773e-16 0)
(-1.66423e-20 -9.8773e-16 0)
(-1.667e-20 -9.87729e-16 0)
(-1.66854e-20 -9.87729e-16 0)
(-1.66895e-20 -9.87728e-16 0)
(-1.66825e-20 -9.87728e-16 0)
(-1.6663e-20 -9.87728e-16 0)
(-1.66283e-20 -9.87728e-16 0)
(-1.65741e-20 -9.87728e-16 0)
(-1.64936e-20 -9.87728e-16 0)
(-1.65049e-20 -9.87728e-16 0)
(-3.95357e-11 -1.00622e-15 0)
(-2.89826e-07 -2.15681e-06 0)
(4.86682e-08 -0.000474226 0)
(-5.67016e-22 -9.87746e-16 0)
(-1.68745e-21 -9.87746e-16 0)
(-2.77764e-21 -9.87746e-16 0)
(-3.83195e-21 -9.87745e-16 0)
(-4.84551e-21 -9.87745e-16 0)
(-5.81425e-21 -9.87745e-16 0)
(-6.73485e-21 -9.87744e-16 0)
(-7.60473e-21 -9.87744e-16 0)
(-8.42203e-21 -9.87743e-16 0)
(-9.18554e-21 -9.87742e-16 0)
(-9.89475e-21 -9.87742e-16 0)
(-1.05498e-20 -9.87741e-16 0)
(-1.11512e-20 -9.8774e-16 0)
(-1.17004e-20 -9.87739e-16 0)
(-1.21989e-20 -9.87739e-16 0)
(-1.26492e-20 -9.87738e-16 0)
(-1.30538e-20 -9.87737e-16 0)
(-1.34157e-20 -9.87736e-16 0)
(-1.37383e-20 -9.87735e-16 0)
(-1.40254e-20 -9.87735e-16 0)
(-1.42808e-20 -9.87734e-16 0)
(-1.45087e-20 -9.87733e-16 0)
(-1.47132e-20 -9.87732e-16 0)
(-1.48987e-20 -9.87732e-16 0)
(-1.50695e-20 -9.87731e-16 0)
(-1.52299e-20 -9.8773e-16 0)
(-1.5384e-20 -9.8773e-16 0)
(-1.55357e-20 -9.87729e-16 0)
(-1.56886e-20 -9.87729e-16 0)
(-1.58458e-20 -9.87729e-16 0)
(-1.60095e-20 -9.87728e-16 0)
(-1.61814e-20 -9.87728e-16 0)
(-1.63614e-20 -9.87728e-16 0)
(-1.65478e-20 -9.87728e-16 0)
(-1.67365e-20 -9.87728e-16 0)
(-1.69196e-20 -9.87728e-16 0)
(-1.72726e-20 -9.87728e-16 0)
(-5.76548e-11 -1.01437e-15 0)
(-2.82854e-07 -2.79117e-06 0)
(4.66937e-08 -0.000478128 0)
(-4.99072e-22 -9.87744e-16 0)
(-1.48528e-21 -9.87744e-16 0)
(-2.44496e-21 -9.87744e-16 0)
(-3.37322e-21 -9.87744e-16 0)
(-4.26587e-21 -9.87744e-16 0)
(-5.11943e-21 -9.87743e-16 0)
(-5.9311e-21 -9.87743e-16 0)
(-6.69878e-21 -9.87742e-16 0)
(-7.42102e-21 -9.87742e-16 0)
(-8.09698e-21 -9.87741e-16 0)
(-8.72644e-21 -9.87741e-16 0)
(-9.30976e-21 -9.8774e-16 0)
(-9.84784e-21 -9.87739e-16 0)
(-1.03421e-20 -9.87738e-16 0)
(-1.07945e-20 -9.87738e-16 0)
(-1.12073e-20 -9.87737e-16 0)
(-1.15833e-20 -9.87736e-16 0)
(-1.19257e-20 -9.87736e-16 0)
(-1.22381e-20 -9.87735e-16 0)
(-1.25242e-20 -9.87734e-16 0)
(-1.27882e-20 -9.87733e-16 0)
(-1.30344e-20 -9.87733e-16 0)
(-1.32675e-20 -9.87732e-16 0)
(-1.34921e-20 -9.87731e-16 0)
(-1.37133e-20 -9.87731e-16 0)
(-1.39362e-20 -9.8773e-16 0)
(-1.41659e-20 -9.87729e-16 0)
(-1.44079e-20 -9.87729e-16 0)
(-1.46676e-20 -9.87728e-16 0)
(-1.49506e-20 -9.87728e-16 0)
(-1.52626e-20 -9.87728e-16 0)
(-1.56094e-20 -9.87727e-16 0)
(-1.59967e-20 -9.87727e-16 0)
(-1.64302e-20 -9.87727e-16 0)
(-1.69151e-20 -9.87727e-16 0)
(-1.74559e-20 -9.87727e-16 0)
(-1.835e-20 -9.87727e-16 0)
(-9.03919e-11 -1.02787e-15 0)
(-2.78076e-07 -3.71178e-06 0)
(4.42779e-08 -0.000481926 0)
(-4.37876e-22 -9.87743e-16 0)
(-1.30316e-21 -9.87743e-16 0)
(-2.14519e-21 -9.87743e-16 0)
(-2.95968e-21 -9.87743e-16 0)
(-3.743e-21 -9.87742e-16 0)
(-4.49215e-21 -9.87742e-16 0)
(-5.20475e-21 -9.87742e-16 0)
(-5.87905e-21 -9.87741e-16 0)
(-6.51388e-21 -9.87741e-16 0)
(-7.10867e-21 -9.8774e-16 0)
(-7.66339e-21 -9.8774e-16 0)
(-8.17855e-21 -9.87739e-16 0)
(-8.65516e-21 -9.87738e-16 0)
(-9.09473e-21 -9.87738e-16 0)
(-9.49922e-21 -9.87737e-16 0)
(-9.87104e-21 -9.87736e-16 0)
(-1.0213e-20 -9.87736e-16 0)
(-1.05283e-20 -9.87735e-16 0)
(-1.08205e-20 -9.87734e-16 0)
(-1.10935e-20 -9.87734e-16 0)
(-1.13516e-20 -9.87733e-16 0)
(-1.15992e-20 -9.87732e-16 0)
(-1.18413e-20 -9.87731e-16 0)
(-1.20829e-20 -9.87731e-16 0)
(-1.23296e-20 -9.8773e-16 0)
(-1.25869e-20 -9.87729e-16 0)
(-1.28612e-20 -9.87729e-16 0)
(-1.3159e-20 -9.87728e-16 0)
(-1.34875e-20 -9.87728e-16 0)
(-1.38545e-20 -9.87727e-16 0)
(-1.42691e-20 -9.87727e-16 0)
(-1.47415e-20 -9.87726e-16 0)
(-1.52838e-20 -9.87726e-16 0)
(-1.59107e-20 -9.87725e-16 0)
(-1.66401e-20 -9.87725e-16 0)
(-1.74948e-20 -9.87725e-16 0)
(-1.8973e-20 -9.87725e-16 0)
(-1.43166e-10 -1.04883e-15 0)
(-2.77841e-07 -4.93283e-06 0)
(3.98538e-08 -0.000485657 0)
(-3.82591e-22 -9.87742e-16 0)
(-1.13859e-21 -9.87742e-16 0)
(-1.8742e-21 -9.87742e-16 0)
(-2.58561e-21 -9.87742e-16 0)
(-3.26964e-21 -9.87741e-16 0)
(-3.92363e-21 -9.87741e-16 0)
(-4.54552e-21 -9.87741e-16 0)
(-5.1338e-21 -9.8774e-16 0)
(-5.68749e-21 -9.8774e-16 0)
(-6.20614e-21 -9.87739e-16 0)
(-6.6898e-21 -9.87739e-16 0)
(-7.13901e-21 -9.87738e-16 0)
(-7.5548e-21 -9.87738e-16 0)
(-7.93862e-21 -9.87737e-16 0)
(-8.29236e-21 -9.87736e-16 0)
(-8.61835e-21 -9.87736e-16 0)
(-8.9193e-21 -9.87735e-16 0)
(-9.19829e-21 -9.87734e-16 0)
(-9.45879e-21 -9.87734e-16 0)
(-9.70462e-21 -9.87733e-16 0)
(-9.93995e-21 -9.87732e-16 0)
(-1.01693e-20 -9.87732e-16 0)
(-1.03974e-20 -9.87731e-16 0)
(-1.06294e-20 -9.8773e-16 0)
(-1.08709e-20 -9.8773e-16 0)
(-1.11277e-20 -9.87729e-16 0)
(-1.1406e-20 -9.87728e-16 0)
(-1.17124e-20 -9.87728e-16 0)
(-1.20542e-20 -9.87727e-16 0)
(-1.24394e-20 -9.87726e-16 0)
(-1.2877e-20 -9.87726e-16 0)
(-1.33772e-20 -9.87725e-16 0)
(-1.39523e-20 -9.87724e-16 0)
(-1.46171e-20 -9.87724e-16 0)
(-1.53901e-20 -9.87723e-16 0)
(-1.62951e-20 -9.87722e-16 0)
(-1.80322e-20 -9.87722e-16 0)
(-1.97761e-10 -1.0743e-15 0)
(-2.85173e-07 -6.19743e-06 0)
(3.04004e-08 -0.000489376 0)
(-3.32535e-22 -9.87741e-16 0)
(-9.89558e-22 -9.87741e-16 0)
(-1.62865e-21 -9.87741e-16 0)
(-2.24642e-21 -9.87741e-16 0)
(-2.83995e-21 -9.8774e-16 0)
(-3.40689e-21 -9.8774e-16 0)
(-3.94536e-21 -9.8774e-16 0)
(-4.45397e-21 -9.87739e-16 0)
(-4.93183e-21 -9.87739e-16 0)
(-5.37852e-21 -9.87738e-16 0)
(-5.79404e-21 -9.87738e-16 0)
(-6.17886e-21 -9.87737e-16 0)
(-6.53386e-21 -9.87737e-16 0)
(-6.86033e-21 -9.87736e-16 0)
(-7.15996e-21 -9.87736e-16 0)
(-7.43483e-21 -9.87735e-16 0)
(-7.68738e-21 -9.87734e-16 0)
(-7.92044e-21 -9.87734e-16 0)
(-8.13717e-21 -9.87733e-16 0)
(-8.34112e-21 -9.87733e-16 0)
(-8.53614e-21 -9.87732e-16 0)
(-8.72645e-21 -9.87731e-16 0)
(-8.91654e-21 -9.8773e-16 0)
(-9.11125e-21 -9.8773e-16 0)
(-9.31564e-21 -9.87729e-16 0)
(-9.53504e-21 -9.87728e-16 0)
(-9.77498e-21 -9.87728e-16 0)
(-1.00411e-20 -9.87727e-16 0)
(-1.03391e-20 -9.87726e-16 0)
(-1.06748e-20 -9.87725e-16 0)
(-1.1054e-20 -9.87725e-16 0)
(-1.1482e-20 -9.87724e-16 0)
(-1.19644e-20 -9.87723e-16 0)
(-1.25063e-20 -9.87722e-16 0)
(-1.31123e-20 -9.87721e-16 0)
(-1.37869e-20 -9.8772e-16 0)
(-1.52863e-20 -9.87719e-16 0)
(-2.10615e-10 -1.09439e-15 0)
(-3.01884e-07 -7.05866e-06 0)
(1.44787e-08 -0.000493152 0)
(-2.8717e-22 -9.8774e-16 0)
(-8.54453e-22 -9.8774e-16 0)
(-1.40594e-21 -9.8774e-16 0)
(-1.93851e-21 -9.8774e-16 0)
(-2.4495e-21 -9.87739e-16 0)
(-2.93668e-21 -9.87739e-16 0)
(-3.39829e-21 -9.87739e-16 0)
(-3.83299e-21 -9.87739e-16 0)
(-4.23986e-21 -9.87738e-16 0)
(-4.6184e-21 -9.87738e-16 0)
(-4.96848e-21 -9.87737e-16 0)
(-5.29037e-21 -9.87737e-16 0)
(-5.5847e-21 -9.87736e-16 0)
(-5.85245e-21 -9.87736e-16 0)
(-6.09496e-21 -9.87735e-16 0)
(-6.3139e-21 -9.87735e-16 0)
(-6.5113e-21 -9.87734e-16 0)
(-6.68952e-21 -9.87733e-16 0)
(-6.85124e-21 -9.87733e-16 0)
(-6.99951e-21 -9.87732e-16 0)
(-7.13769e-21 -9.87732e-16 0)
(-7.26948e-21 -9.87731e-16 0)
(-7.39891e-21 -9.8773e-16 0)
(-7.53029e-21 -9.87729e-16 0)
(-7.66817e-21 -9.87729e-16 0)
(-7.81729e-21 -9.87728e-16 0)
(-7.98244e-21 -9.87727e-16 0)
(-8.16833e-21 -9.87726e-16 0)
(-8.37932e-21 -9.87725e-16 0)
(-8.61914e-21 -9.87725e-16 0)
(-8.89049e-21 -9.87724e-16 0)
(-9.19452e-21 -9.87723e-16 0)
(-9.53018e-21 -9.87722e-16 0)
(-9.89348e-21 -9.87721e-16 0)
(-1.02765e-20 -9.8772e-16 0)
(-1.06662e-20 -9.87719e-16 0)
(-1.16903e-20 -9.87717e-16 0)
(-1.71566e-10 -1.09915e-15 0)
(-3.27278e-07 -7.2195e-06 0)
(-5.54128e-09 -0.000497065 0)
(-2.46084e-22 -9.87739e-16 0)
(-7.32064e-22 -9.87739e-16 0)
(-1.20409e-21 -9.87739e-16 0)
(-1.65925e-21 -9.87739e-16 0)
(-2.09499e-21 -9.87739e-16 0)
(-2.50921e-21 -9.87738e-16 0)
(-2.90016e-21 -9.87738e-16 0)
(-3.26646e-21 -9.87738e-16 0)
(-3.60711e-21 -9.87738e-16 0)
(-3.92143e-21 -9.87737e-16 0)
(-4.20907e-21 -9.87737e-16 0)
(-4.47e-21 -9.87736e-16 0)
(-4.70449e-21 -9.87736e-16 0)
(-4.91311e-21 -9.87735e-16 0)
(-5.09668e-21 -9.87735e-16 0)
(-5.25635e-21 -9.87734e-16 0)
(-5.39353e-21 -9.87734e-16 0)
(-5.50993e-21 -9.87733e-16 0)
(-5.60754e-21 -9.87733e-16 0)
(-5.68869e-21 -9.87732e-16 0)
(-5.75602e-21 -9.87731e-16 0)
(-5.81256e-21 -9.87731e-16 0)
(-5.86166e-21 -9.8773e-16 0)
(-5.90708e-21 -9.87729e-16 0)
(-5.95296e-21 -9.87728e-16 0)
(-6.00379e-21 -9.87728e-16 0)
(-6.06431e-21 -9.87727e-16 0)
(-6.13944e-21 -9.87726e-16 0)
(-6.23399e-21 -9.87725e-16 0)
(-6.35235e-21 -9.87724e-16 0)
(-6.49799e-21 -9.87723e-16 0)
(-6.67278e-21 -9.87722e-16 0)
(-6.8761e-21 -9.87721e-16 0)
(-7.10379e-21 -9.8772e-16 0)
(-7.34688e-21 -9.87719e-16 0)
(-7.59035e-21 -9.87718e-16 0)
(-8.24943e-21 -9.87717e-16 0)
(-1.14659e-10 -1.08586e-15 0)
(-3.59631e-07 -6.67567e-06 0)
(-2.59672e-08 -0.000501197 0)
(-2.08971e-22 -9.87739e-16 0)
(-6.21487e-22 -9.87739e-16 0)
(-1.02166e-21 -9.87738e-16 0)
(-1.40669e-21 -9.87738e-16 0)
(-1.77415e-21 -9.87738e-16 0)
(-2.12195e-21 -9.87738e-16 0)
(-2.44831e-21 -9.87738e-16 0)
(-2.7518e-21 -9.87737e-16 0)
(-3.03123e-21 -9.87737e-16 0)
(-3.28573e-21 -9.87737e-16 0)
(-3.51465e-21 -9.87736e-16 0)
(-3.7176e-21 -9.87736e-16 0)
(-3.89441e-21 -9.87736e-16 0)
(-4.0451e-21 -9.87735e-16 0)
(-4.16993e-21 -9.87735e-16 0)
(-4.26935e-21 -9.87734e-16 0)
(-4.34399e-21 -9.87734e-16 0)
(-4.39471e-21 -9.87733e-16 0)
(-4.42259e-21 -9.87733e-16 0)
(-4.42896e-21 -9.87732e-16 0)
(-4.41546e-21 -9.87731e-16 0)
(-4.38407e-21 -9.87731e-16 0)
(-4.33718e-21 -9.8773e-16 0)
(-4.2777e-21 -9.87729e-16 0)
(-4.20916e-21 -9.87728e-16 0)
(-4.13584e-21 -9.87728e-16 0)
(-4.06286e-21 -9.87727e-16 0)
(-3.99632e-21 -9.87726e-16 0)
(-3.94337e-21 -9.87725e-16 0)
(-3.91213e-21 -9.87724e-16 0)
(-3.91155e-21 -9.87723e-16 0)
(-3.9509e-21 -9.87722e-16 0)
(-4.03896e-21 -9.87721e-16 0)
(-4.18273e-21 -9.87719e-16 0)
(-4.38552e-21 -9.87718e-16 0)
(-4.64464e-21 -9.87717e-16 0)
(-5.17451e-21 -9.87716e-16 0)
(-6.46129e-11 -1.05905e-15 0)
(-3.97757e-07 -5.55313e-06 0)
(-4.43314e-08 -0.00050563 0)
(-1.75598e-22 -9.87738e-16 0)
(-5.22042e-22 -9.87738e-16 0)
(-8.57559e-22 -9.87738e-16 0)
(-1.17946e-21 -9.87738e-16 0)
(-1.48536e-21 -9.87738e-16 0)
(-1.77319e-21 -9.87737e-16 0)
(-2.04114e-21 -9.87737e-16 0)
(-2.28764e-21 -9.87737e-16 0)
(-2.51137e-21 -9.87737e-16 0)
(-2.71118e-21 -9.87736e-16 0)
(-2.88614e-21 -9.87736e-16 0)
(-3.03544e-21 -9.87736e-16 0)
(-3.15845e-21 -9.87735e-16 0)
(-3.25463e-21 -9.87735e-16 0)
(-3.32356e-21 -9.87734e-16 0)
(-3.36491e-21 -9.87734e-16 0)
(-3.37844e-21 -9.87734e-16 0)
(-3.36397e-21 -9.87733e-16 0)
(-3.32145e-21 -9.87733e-16 0)
(-3.2509e-21 -9.87732e-16 0)
(-3.15253e-21 -9.87731e-16 0)
(-3.02674e-21 -9.87731e-16 0)
(-2.87427e-21 -9.8773e-16 0)
(-2.69632e-21 -9.8773e-16 0)
(-2.49477e-21 -9.87729e-16 0)
(-2.27248e-21 -9.87728e-16 0)
(-2.03371e-21 -9.87727e-16 0)
(-1.78463e-21 -9.87726e-16 0)
(-1.53396e-21 -9.87725e-16 0)
(-1.29382e-21 -9.87724e-16 0)
(-1.08055e-21 -9.87723e-16 0)
(-9.15525e-22 -9.87722e-16 0)
(-8.25612e-22 -9.8772e-16 0)
(-8.42838e-22 -9.87719e-16 0)
(-1.00248e-21 -9.87718e-16 0)
(-1.33857e-21 -9.87716e-16 0)
(-1.93713e-21 -9.87715e-16 0)
(-2.55466e-11 -1.0283e-15 0)
(-4.39611e-07 -3.94596e-06 0)
(-5.93415e-08 -0.000510437 0)
(-1.45773e-22 -9.87738e-16 0)
(-4.33178e-22 -9.87738e-16 0)
(-7.10931e-22 -9.87737e-16 0)
(-9.76441e-22 -9.87737e-16 0)
(-1.22739e-21 -9.87737e-16 0)
(-1.46172e-21 -9.87737e-16 0)
(-1.67757e-21 -9.87737e-16 0)
(-1.87329e-21 -9.87737e-16 0)
(-2.04738e-21 -9.87736e-16 0)
(-2.19851e-21 -9.87736e-16 0)
(-2.32542e-21 -9.87736e-16 0)
(-2.42696e-21 -9.87735e-16 0)
(-2.50203e-21 -9.87735e-16 0)
(-2.54956e-21 -9.87735e-16 0)
(-2.56848e-21 -9.87734e-16 0)
(-2.5577e-21 -9.87734e-16 0)
(-2.51605e-21 -9.87734e-16 0)
(-2.44231e-21 -9.87733e-16 0)
(-2.33513e-21 -9.87733e-16 0)
(-2.19305e-21 -9.87732e-16 0)
(-2.01448e-21 -9.87732e-16 0)
(-1.7977e-21 -9.87731e-16 0)
(-1.54091e-21 -9.87731e-16 0)
(-1.24229e-21 -9.8773e-16 0)
(-9.00178e-22 -9.87729e-16 0)
(-5.13309e-22 -9.87729e-16 0)
(-8.12737e-23 -9.87728e-16 0)
(3.9477e-22 -9.87727e-16 0)
(9.10974e-22 -9.87726e-16 0)
(1.45906e-21 -9.87725e-16 0)
(2.02375e-21 -9.87724e-16 0)
(2.57895e-21 -9.87723e-16 0)
(3.08265e-21 -9.87721e-16 0)
(3.47006e-21 -9.87719e-16 0)
(3.64597e-21 -9.87717e-16 0)
(3.47798e-21 -9.87715e-16 0)
(2.7962e-21 -9.87712e-16 0)
(1.41729e-21 -1.00504e-15 0)
(-4.61127e-07 -1.92386e-06 0)
(-6.75748e-08 -0.000515551 0)
(-1.1932e-22 -9.87737e-16 0)
(-3.54376e-22 -9.87737e-16 0)
(-5.80963e-22 -9.87737e-16 0)
(-7.96611e-22 -9.87737e-16 0)
(-9.99086e-22 -9.87737e-16 0)
(-1.18636e-21 -9.87737e-16 0)
(-1.35658e-21 -9.87737e-16 0)
(-1.50803e-21 -9.87736e-16 0)
(-1.63911e-21 -9.87736e-16 0)
(-1.74832e-21 -9.87736e-16 0)
(-1.8342e-21 -9.87736e-16 0)
(-1.8953e-21 -9.87735e-16 0)
(-1.93017e-21 -9.87735e-16 0)
(-1.93731e-21 -9.87735e-16 0)
(-1.91513e-21 -9.87734e-16 0)
(-1.86191e-21 -9.87734e-16 0)
(-1.77574e-21 -9.87734e-16 0)
(-1.65447e-21 -9.87733e-16 0)
(-1.49567e-21 -9.87733e-16 0)
(-1.29651e-21 -9.87733e-16 0)
(-1.0537e-21 -9.87732e-16 0)
(-7.63347e-22 -9.87732e-16 0)
(-4.2086e-22 -9.87731e-16 0)
(-2.07562e-23 -9.87731e-16 0)
(4.43518e-22 -9.8773e-16 0)
(9.7981e-22 -9.8773e-16 0)
(1.59749e-21 -9.87729e-16 0)
(2.30765e-21 -9.87729e-16 0)
(3.12311e-21 -9.87728e-16 0)
(4.05809e-21 -9.87727e-16 0)
(5.1269e-21 -9.87726e-16 0)
(6.34073e-21 -9.87725e-16 0)
(7.7005e-21 -9.87724e-16 0)
(9.18197e-21 -9.87722e-16 0)
(1.0706e-20 -9.87719e-16 0)
(1.20806e-20 -9.87716e-16 0)
(1.28908e-20 -9.87711e-16 0)
(1.23446e-20 -9.92178e-16 0)
(-1.4949e-07 -4.09717e-07 0)
(-2.74603e-08 -0.000259079 0)
(-9.60424e-23 -9.87737e-16 0)
(-2.85063e-22 -9.87737e-16 0)
(-4.66746e-22 -9.87737e-16 0)
(-6.38778e-22 -9.87737e-16 0)
(-7.99051e-22 -9.87737e-16 0)
(-9.45627e-22 -9.87736e-16 0)
(-1.0767e-21 -9.87736e-16 0)
(-1.19057e-21 -9.87736e-16 0)
(-1.28561e-21 -9.87736e-16 0)
(-1.36024e-21 -9.87736e-16 0)
(-1.41289e-21 -9.87736e-16 0)
(-1.44195e-21 -9.87735e-16 0)
(-1.44579e-21 -9.87735e-16 0)
(-1.42266e-21 -9.87735e-16 0)
(-1.37067e-21 -9.87735e-16 0)
(-1.28775e-21 -9.87734e-16 0)
(-1.17158e-21 -9.87734e-16 0)
(-1.01953e-21 -9.87734e-16 0)
(-8.28566e-22 -9.87733e-16 0)
(-5.95154e-22 -9.87733e-16 0)
(-3.15103e-22 -9.87733e-16 0)
(1.66134e-23 -9.87733e-16 0)
(4.06113e-22 -9.87732e-16 0)
(8.60963e-22 -9.87732e-16 0)
(1.39069e-21 -9.87732e-16 0)
(2.00752e-21 -9.87731e-16 0)
(2.72754e-21 -9.87731e-16 0)
(3.57239e-21 -9.87731e-16 0)
(4.57211e-21 -9.8773e-16 0)
(5.76955e-21 -9.8773e-16 0)
(7.22783e-21 -9.8773e-16 0)
(9.04286e-21 -9.87729e-16 0)
(1.13646e-20 -9.87729e-16 0)
(1.4434e-20 -9.87728e-16 0)
(1.86466e-20 -9.87728e-16 0)
(2.46639e-20 -9.87727e-16 0)
(3.36081e-20 -9.87727e-16 0)
(4.74008e-20 -9.87726e-16 0)
(4.98281e-20 -9.87725e-16 0)
(2.25218e-20 -9.87624e-16 0)
(-7.57032e-23 -9.87737e-16 0)
(-2.24542e-22 -9.87737e-16 0)
(-3.67148e-22 -9.87737e-16 0)
(-5.01425e-22 -9.87736e-16 0)
(-6.25446e-22 -9.87736e-16 0)
(-7.3742e-22 -9.87736e-16 0)
(-8.35663e-22 -9.87736e-16 0)
(-9.18563e-22 -9.87736e-16 0)
(-9.84558e-22 -9.87736e-16 0)
(-1.0321e-21 -9.87736e-16 0)
(-1.05964e-21 -9.87735e-16 0)
(-1.06557e-21 -9.87735e-16 0)
(-1.04823e-21 -9.87735e-16 0)
(-1.00585e-21 -9.87735e-16 0)
(-9.36526e-22 -9.87735e-16 0)
(-8.38173e-22 -9.87734e-16 0)
(-7.08483e-22 -9.87734e-16 0)
(-5.44877e-22 -9.87734e-16 0)
(-3.44439e-22 -9.87734e-16 0)
(-1.03839e-22 -9.87734e-16 0)
(1.80756e-22 -9.87733e-16 0)
(5.13802e-22 -9.87733e-16 0)
(9.00521e-22 -9.87733e-16 0)
(1.34709e-21 -9.87733e-16 0)
(1.86086e-21 -9.87733e-16 0)
(2.45065e-21 -9.87733e-16 0)
(3.12701e-21 -9.87733e-16 0)
(3.90261e-21 -9.87733e-16 0)
(4.79238e-21 -9.87733e-16 0)
(5.81346e-21 -9.87733e-16 0)
(6.98426e-21 -9.87733e-16 0)
(8.3218e-21 -9.87733e-16 0)
(9.83536e-21 -9.87734e-16 0)
(1.15127e-20 -9.87735e-16 0)
(1.3292e-20 -9.87737e-16 0)
(1.50062e-20 -9.87739e-16 0)
(1.62767e-20 -9.87743e-16 0)
(1.6312e-20 -9.87748e-16 0)
(1.35365e-20 -9.87757e-16 0)
(7.27387e-21 -9.87764e-16 0)
(-5.80081e-23 -9.87736e-16 0)
(-1.71936e-22 -9.87736e-16 0)
(-2.80737e-22 -9.87736e-16 0)
(-3.82588e-22 -9.87736e-16 0)
(-4.75806e-22 -9.87736e-16 0)
(-5.58815e-22 -9.87736e-16 0)
(-6.30123e-22 -9.87736e-16 0)
(-6.88289e-22 -9.87736e-16 0)
(-7.31904e-22 -9.87736e-16 0)
(-7.59566e-22 -9.87736e-16 0)
(-7.69855e-22 -9.87735e-16 0)
(-7.61317e-22 -9.87735e-16 0)
(-7.32437e-22 -9.87735e-16 0)
(-6.81622e-22 -9.87735e-16 0)
(-6.07181e-22 -9.87735e-16 0)
(-5.07303e-22 -9.87735e-16 0)
(-3.80042e-22 -9.87735e-16 0)
(-2.233e-22 -9.87734e-16 0)
(-3.48123e-23 -9.87734e-16 0)
(1.87862e-22 -9.87734e-16 0)
(4.47339e-22 -9.87734e-16 0)
(7.46401e-22 -9.87734e-16 0)
(1.08796e-21 -9.87734e-16 0)
(1.47501e-21 -9.87734e-16 0)
(1.91044e-21 -9.87734e-16 0)
(2.3969e-21 -9.87734e-16 0)
(2.93636e-21 -9.87734e-16 0)
(3.5295e-21 -9.87734e-16 0)
(4.17478e-21 -9.87735e-16 0)
(4.86684e-21 -9.87735e-16 0)
(5.59428e-21 -9.87735e-16 0)
(6.33618e-21 -9.87736e-16 0)
(7.05749e-21 -9.87737e-16 0)
(7.70284e-21 -9.87738e-16 0)
(8.18968e-21 -9.8774e-16 0)
(8.4025e-21 -9.87741e-16 0)
(8.19377e-21 -9.87743e-16 0)
(7.4036e-21 -9.87746e-16 0)
(5.92359e-21 -9.87748e-16 0)
(3.85562e-21 -9.87749e-16 0)
(-4.25969e-23 -9.87736e-16 0)
(-1.26173e-22 -9.87736e-16 0)
(-2.05738e-22 -9.87736e-16 0)
(-2.79801e-22 -9.87736e-16 0)
(-3.46983e-22 -9.87736e-16 0)
(-4.05988e-22 -9.87736e-16 0)
(-4.5558e-22 -9.87736e-16 0)
(-4.94562e-22 -9.87736e-16 0)
(-5.21761e-22 -9.87736e-16 0)
(-5.36005e-22 -9.87736e-16 0)
(-5.36112e-22 -9.87735e-16 0)
(-5.20878e-22 -9.87735e-16 0)
(-4.8906e-22 -9.87735e-16 0)
(-4.39376e-22 -9.87735e-16 0)
(-3.70495e-22 -9.87735e-16 0)
(-2.81039e-22 -9.87735e-16 0)
(-1.69591e-22 -9.87735e-16 0)
(-3.47116e-23 -9.87735e-16 0)
(1.25037e-22 -9.87735e-16 0)
(3.11048e-22 -9.87735e-16 0)
(5.24603e-22 -9.87735e-16 0)
(7.66789e-22 -9.87735e-16 0)
(1.03836e-21 -9.87735e-16 0)
(1.33959e-21 -9.87735e-16 0)
(1.66998e-21 -9.87735e-16 0)
(2.02798e-21 -9.87735e-16 0)
(2.41056e-21 -9.87735e-16 0)
(2.81263e-21 -9.87736e-16 0)
(3.22637e-21 -9.87736e-16 0)
(3.6404e-21 -9.87736e-16 0)
(4.03891e-21 -9.87737e-16 0)
(4.40071e-21 -9.87738e-16 0)
(4.69868e-21 -9.87738e-16 0)
(4.8998e-21 -9.87739e-16 0)
(4.96654e-21 -9.8774e-16 0)
(4.86052e-21 -9.87741e-16 0)
(4.54937e-21 -9.87742e-16 0)
(4.01769e-21 -9.87743e-16 0)
(3.28092e-21 -9.87744e-16 0)
(2.39715e-21 -9.87745e-16 0)
(-2.90434e-23 -9.87736e-16 0)
(-8.59775e-23 -9.87736e-16 0)
(-1.40031e-22 -9.87736e-16 0)
(-1.901e-22 -9.87736e-16 0)
(-2.35159e-22 -9.87736e-16 0)
(-2.74242e-22 -9.87736e-16 0)
(-3.06427e-22 -9.87736e-16 0)
(-3.3082e-22 -9.87736e-16 0)
(-3.46542e-22 -9.87736e-16 0)
(-3.52718e-22 -9.87736e-16 0)
(-3.48471e-22 -9.87735e-16 0)
(-3.32912e-22 -9.87735e-16 0)
(-3.05139e-22 -9.87735e-16 0)
(-2.64236e-22 -9.87735e-16 0)
(-2.09284e-22 -9.87735e-16 0)
(-1.39364e-22 -9.87735e-16 0)
(-5.35849e-23 -9.87735e-16 0)
(4.88899e-23 -9.87735e-16 0)
(1.688e-22 -9.87735e-16 0)
(3.0673e-22 -9.87735e-16 0)
(4.6303e-22 -9.87735e-16 0)
(6.37717e-22 -9.87735e-16 0)
(8.30353e-22 -9.87735e-16 0)
(1.03988e-21 -9.87735e-16 0)
(1.26445e-21 -9.87735e-16 0)
(1.50118e-21 -9.87736e-16 0)
(1.74595e-21 -9.87736e-16 0)
(1.99315e-21 -9.87736e-16 0)
(2.23542e-21 -9.87737e-16 0)
(2.46353e-21 -9.87737e-16 0)
(2.66634e-21 -9.87738e-16 0)
(2.83096e-21 -9.87738e-16 0)
(2.94331e-21 -9.87739e-16 0)
(2.98906e-21 -9.87739e-16 0)
(2.95517e-21 -9.8774e-16 0)
(2.83198e-21 -9.87741e-16 0)
(2.61571e-21 -9.87741e-16 0)
(2.31094e-21 -9.87742e-16 0)
(1.93224e-21 -9.87742e-16 0)
(1.50371e-21 -9.87743e-16 0)
(-1.68633e-23 -9.87736e-16 0)
(-4.98991e-23 -9.87736e-16 0)
(-8.12e-23 -9.87736e-16 0)
(-1.10087e-22 -9.87736e-16 0)
(-1.35928e-22 -9.87736e-16 0)
(-1.58128e-22 -9.87736e-16 0)
(-1.76118e-22 -9.87736e-16 0)
(-1.89346e-22 -9.87736e-16 0)
(-1.97269e-22 -9.87736e-16 0)
(-1.9935e-22 -9.87736e-16 0)
(-1.95052e-22 -9.87735e-16 0)
(-1.83833e-22 -9.87735e-16 0)
(-1.65154e-22 -9.87735e-16 0)
(-1.38476e-22 -9.87735e-16 0)
(-1.03269e-22 -9.87735e-16 0)
(-5.90261e-23 -9.87735e-16 0)
(-5.28252e-24 -9.87735e-16 0)
(5.83609e-23 -9.87735e-16 0)
(1.32201e-22 -9.87735e-16 0)
(2.16389e-22 -9.87735e-16 0)
(3.10871e-22 -9.87735e-16 0)
(4.15323e-22 -9.87735e-16 0)
(5.29068e-22 -9.87735e-16 0)
(6.50988e-22 -9.87736e-16 0)
(7.79423e-22 -9.87736e-16 0)
(9.12079e-22 -9.87736e-16 0)
(1.04594e-21 -9.87736e-16 0)
(1.17721e-21 -9.87737e-16 0)
(1.3013e-21 -9.87737e-16 0)
(1.4129e-21 -9.87737e-16 0)
(1.50613e-21 -9.87738e-16 0)
(1.57481e-21 -9.87738e-16 0)
(1.61295e-21 -9.87739e-16 0)
(1.61526e-21 -9.87739e-16 0)
(1.57788e-21 -9.8774e-16 0)
(1.49909e-21 -9.8774e-16 0)
(1.37996e-21 -9.87741e-16 0)
(1.22468e-21 -9.87741e-16 0)
(1.04053e-21 -9.87741e-16 0)
(8.37205e-22 -9.87742e-16 0)
(-5.52631e-24 -9.87736e-16 0)
(-1.63488e-23 -9.87736e-16 0)
(-2.65919e-23 -9.87736e-16 0)
(-3.60261e-23 -9.87736e-16 0)
(-4.44385e-23 -9.87736e-16 0)
(-5.16278e-23 -9.87736e-16 0)
(-5.74017e-23 -9.87736e-16 0)
(-6.15737e-23 -9.87736e-16 0)
(-6.39608e-23 -9.87736e-16 0)
(-6.43815e-23 -9.87736e-16 0)
(-6.26553e-23 -9.87735e-16 0)
(-5.86015e-23 -9.87735e-16 0)
(-5.20407e-23 -9.87735e-16 0)
(-4.27959e-23 -9.87735e-16 0)
(-3.0696e-23 -9.87735e-16 0)
(-1.55812e-23 -9.87735e-16 0)
(2.69012e-24 -9.87735e-16 0)
(2.4231e-23 -9.87735e-16 0)
(4.9113e-23 -9.87735e-16 0)
(7.73499e-23 -9.87735e-16 0)
(1.08877e-22 -9.87735e-16 0)
(1.4353e-22 -9.87736e-16 0)
(1.81013e-22 -9.87736e-16 0)
(2.20878e-22 -9.87736e-16 0)
(2.6249e-22 -9.87736e-16 0)
(3.05006e-22 -9.87736e-16 0)
(3.47359e-22 -9.87737e-16 0)
(3.88249e-22 -9.87737e-16 0)
(4.26166e-22 -9.87737e-16 0)
(4.59425e-22 -9.87738e-16 0)
(4.86247e-22 -9.87738e-16 0)
(5.04861e-22 -9.87738e-16 0)
(5.13653e-22 -9.87739e-16 0)
(5.11334e-22 -9.87739e-16 0)
(4.97114e-22 -9.8774e-16 0)
(4.70865e-22 -9.8774e-16 0)
(4.33225e-22 -9.8774e-16 0)
(3.85623e-22 -9.87741e-16 0)
(3.30192e-22 -9.87741e-16 0)
(2.69564e-22 -9.87741e-16 0)
(4.32634e-05 -0.000209979 0)
(0.000135785 -5.84791e-05 0)
(0.000155496 -1.61264e-06 0)
(0.000154691 -2.60043e-06 0)
(0.000153559 -4.20702e-06 0)
(0.000151799 -7.43337e-06 0)
(0.000147503 -1.91965e-05 0)
(7.35816e-05 -6.78921e-05 0)
(1.43089e-06 -3.40821e-12 0)
(5.52454e-15 -9.85534e-13 0)
(1.10555e-15 -9.85707e-13 0)
(8.73277e-16 -9.85814e-13 0)
(7.10824e-16 -9.85882e-13 0)
(5.93382e-16 -9.85925e-13 0)
(5.05677e-16 -9.85954e-13 0)
(4.38132e-16 -9.85974e-13 0)
(3.84622e-16 -9.85988e-13 0)
(3.41141e-16 -9.85997e-13 0)
(3.05009e-16 -9.86005e-13 0)
(2.74387e-16 -9.8601e-13 0)
(2.47986e-16 -9.86015e-13 0)
(2.2488e-16 -9.86018e-13 0)
(2.04388e-16 -9.8602e-13 0)
(1.86e-16 -9.86023e-13 0)
(1.69326e-16 -9.86024e-13 0)
(1.5406e-16 -9.86026e-13 0)
(1.39962e-16 -9.86027e-13 0)
(1.26837e-16 -9.86028e-13 0)
(1.14527e-16 -9.86029e-13 0)
(1.02897e-16 -9.8603e-13 0)
(9.18355e-17 -9.8603e-13 0)
(8.12461e-17 -9.86031e-13 0)
(7.10438e-17 -9.86031e-13 0)
(6.11528e-17 -9.86032e-13 0)
(5.15042e-17 -9.86032e-13 0)
(4.20336e-17 -9.86032e-13 0)
(3.26795e-17 -9.86032e-13 0)
(2.33816e-17 -9.86032e-13 0)
(1.40793e-17 -9.86033e-13 0)
(4.70968e-18 -9.86033e-13 0)
(2.37813e-05 -0.000488734 0)
(2.37154e-05 -6.94927e-05 0)
(3.5294e-07 -3.30238e-11 0)
(7.01004e-15 -8.41112e-13 0)
(-3.03655e-17 -8.73976e-13 0)
(-1.44231e-16 -9.07988e-13 0)
(-2.74389e-16 -9.43374e-13 0)
(-2.4637e-16 -9.808e-13 0)
(4.06071e-17 -9.84809e-13 0)
(3.12321e-16 -9.85116e-13 0)
(4.25327e-16 -9.8533e-13 0)
(4.5775e-16 -9.85479e-13 0)
(4.51067e-16 -9.85585e-13 0)
(4.26825e-16 -9.85661e-13 0)
(3.95967e-16 -9.85716e-13 0)
(3.63852e-16 -9.85756e-13 0)
(3.32946e-16 -9.85787e-13 0)
(3.04245e-16 -9.8581e-13 0)
(2.7802e-16 -9.85827e-13 0)
(2.54206e-16 -9.85841e-13 0)
(2.32595e-16 -9.85852e-13 0)
(2.12936e-16 -9.85861e-13 0)
(1.94977e-16 -9.85868e-13 0)
(1.78486e-16 -9.85874e-13 0)
(1.63259e-16 -9.85879e-13 0)
(1.49115e-16 -9.85883e-13 0)
(1.35901e-16 -9.85886e-13 0)
(1.23481e-16 -9.85889e-13 0)
(1.1174e-16 -9.85892e-13 0)
(1.00577e-16 -9.85894e-13 0)
(8.99037e-17 -9.85896e-13 0)
(7.964e-17 -9.85897e-13 0)
(6.97148e-17 -9.85898e-13 0)
(6.0063e-17 -9.85899e-13 0)
(5.0624e-17 -9.859e-13 0)
(4.13401e-17 -9.85901e-13 0)
(3.21555e-17 -9.85902e-13 0)
(2.30148e-17 -9.85902e-13 0)
(1.38616e-17 -9.85902e-13 0)
(4.6374e-18 -9.85902e-13 0)
(1.67446e-06 -0.000559605 0)
(1.00263e-06 -2.20478e-05 0)
(6.99334e-10 -1.29705e-12 0)
(1.9573e-17 -9.85574e-13 0)
(2.18579e-18 -9.85575e-13 0)
(-1.00767e-17 -9.85554e-13 0)
(-9.20054e-18 -9.85508e-13 0)
(2.32848e-17 -9.8543e-13 0)
(9.11533e-17 -9.85385e-13 0)
(1.67232e-16 -9.85409e-13 0)
(2.27057e-16 -9.8546e-13 0)
(2.65882e-16 -9.8552e-13 0)
(2.86335e-16 -9.85577e-13 0)
(2.9296e-16 -9.85628e-13 0)
(2.90067e-16 -9.85672e-13 0)
(2.81077e-16 -9.85708e-13 0)
(2.68463e-16 -9.85739e-13 0)
(2.53914e-16 -9.85764e-13 0)
(2.38532e-16 -9.85785e-13 0)
(2.23008e-16 -9.85802e-13 0)
(2.0775e-16 -9.85816e-13 0)
(1.92988e-16 -9.85828e-13 0)
(1.78831e-16 -9.85838e-13 0)
(1.65319e-16 -9.85846e-13 0)
(1.52446e-16 -9.85853e-13 0)
(1.40181e-16 -9.85859e-13 0)
(1.28481e-16 -9.85864e-13 0)
(1.17295e-16 -9.85869e-13 0)
(1.06568e-16 -9.85872e-13 0)
(9.62471e-17 -9.85876e-13 0)
(8.62798e-17 -9.85878e-13 0)
(7.66152e-17 -9.85881e-13 0)
(6.72041e-17 -9.85883e-13 0)
(5.79991e-17 -9.85884e-13 0)
(4.89536e-17 -9.85886e-13 0)
(4.0022e-17 -9.85887e-13 0)
(3.11583e-17 -9.85888e-13 0)
(2.2316e-17 -9.85889e-13 0)
(1.34468e-17 -9.85889e-13 0)
(4.49963e-18 -9.85889e-13 0)
(7.83589e-07 -0.000560567 0)
(3.18393e-07 -1.95392e-05 0)
(2.16592e-10 -1.25726e-12 0)
(1.95744e-17 -9.85566e-13 0)
(2.37542e-17 -9.85563e-13 0)
(3.24269e-17 -9.85556e-13 0)
(4.62658e-17 -9.85544e-13 0)
(6.75971e-17 -9.85532e-13 0)
(9.60202e-17 -9.85527e-13 0)
(1.27408e-16 -9.85534e-13 0)
(1.5678e-16 -9.85553e-13 0)
(1.80908e-16 -9.85579e-13 0)
(1.98468e-16 -9.85608e-13 0)
(2.0948e-16 -9.85638e-13 0)
(2.14703e-16 -9.85667e-13 0)
(2.15195e-16 -9.85694e-13 0)
(2.12037e-16 -9.85719e-13 0)
(2.062e-16 -9.8574e-13 0)
(1.98486e-16 -9.8576e-13 0)
(1.89524e-16 -9.85776e-13 0)
(1.79789e-16 -9.85791e-13 0)
(1.69628e-16 -9.85803e-13 0)
(1.59286e-16 -9.85814e-13 0)
(1.48931e-16 -9.85824e-13 0)
(1.38672e-16 -9.85832e-13 0)
(1.28578e-16 -9.85839e-13 0)
(1.18687e-16 -9.85845e-13 0)
(1.09016e-16 -9.8585e-13 0)
(9.9565e-17 -9.85855e-13 0)
(9.03265e-17 -9.85859e-13 0)
(8.12841e-17 -9.85863e-13 0)
(7.24164e-17 -9.85865e-13 0)
(6.36986e-17 -9.85868e-13 0)
(5.51031e-17 -9.8587e-13 0)
(4.66005e-17 -9.85872e-13 0)
(3.8159e-17 -9.85874e-13 0)
(2.97454e-17 -9.85875e-13 0)
(2.13241e-17 -9.85876e-13 0)
(1.28572e-17 -9.85876e-13 0)
(4.30368e-18 -9.85877e-13 0)
(6.02368e-07 -0.00055941 0)
(1.87577e-07 -1.81902e-05 0)
(1.17482e-10 -1.23366e-12 0)
(2.09333e-17 -9.85587e-13 0)
(2.91479e-17 -9.85587e-13 0)
(4.04135e-17 -9.85586e-13 0)
(5.34308e-17 -9.85585e-13 0)
(6.84907e-17 -9.85585e-13 0)
(8.52884e-17 -9.85588e-13 0)
(1.02844e-16 -9.85595e-13 0)
(1.19842e-16 -9.85606e-13 0)
(1.35071e-16 -9.8562e-13 0)
(1.47682e-16 -9.85637e-13 0)
(1.57235e-16 -9.85656e-13 0)
(1.63652e-16 -9.85676e-13 0)
(1.67109e-16 -9.85695e-13 0)
(1.67934e-16 -9.85713e-13 0)
(1.66528e-16 -9.8573e-13 0)
(1.633e-16 -9.85746e-13 0)
(1.58632e-16 -9.85761e-13 0)
(1.52862e-16 -9.85774e-13 0)
(1.46272e-16 -9.85786e-13 0)
(1.39096e-16 -9.85797e-13 0)
(1.31515e-16 -9.85806e-13 0)
(1.23671e-16 -9.85815e-13 0)
(1.1567e-16 -9.85822e-13 0)
(1.07591e-16 -9.85829e-13 0)
(9.94867e-17 -9.85835e-13 0)
(9.13951e-17 -9.8584e-13 0)
(8.33386e-17 -9.85844e-13 0)
(7.53286e-17 -9.85848e-13 0)
(6.73681e-17 -9.85852e-13 0)
(5.94533e-17 -9.85855e-13 0)
(5.15747e-17 -9.85857e-13 0)
(4.37189e-17 -9.85859e-13 0)
(3.58684e-17 -9.85861e-13 0)
(2.80025e-17 -9.85862e-13 0)
(2.00975e-17 -9.85863e-13 0)
(1.21269e-17 -9.85864e-13 0)
(4.06079e-18 -9.85864e-13 0)
(5.31004e-07 -0.000557909 0)
(1.41683e-07 -1.70534e-05 0)
(7.84797e-11 -1.21078e-12 0)
(1.92298e-17 -9.85613e-13 0)
(2.74591e-17 -9.85614e-13 0)
(3.77009e-17 -9.85615e-13 0)
(4.851e-17 -9.85617e-13 0)
(5.98799e-17 -9.8562e-13 0)
(7.16409e-17 -9.85625e-13 0)
(8.34526e-17 -9.85631e-13 0)
(9.48595e-17 -9.85639e-13 0)
(1.05384e-16 -9.85649e-13 0)
(1.14608e-16 -9.8566e-13 0)
(1.2223e-16 -9.85673e-13 0)
(1.28078e-16 -9.85687e-13 0)
(1.32106e-16 -9.857e-13 0)
(1.3437e-16 -9.85714e-13 0)
(1.34995e-16 -9.85728e-13 0)
(1.34155e-16 -9.85741e-13 0)
(1.32041e-16 -9.85753e-13 0)
(1.28849e-16 -9.85764e-13 0)
(1.24763e-16 -9.85775e-13 0)
(1.19954e-16 -9.85785e-13 0)
(1.14567e-16 -9.85793e-13 0)
(1.0873e-16 -9.85802e-13 0)
(1.02546e-16 -9.85809e-13 0)
(9.60998e-17 -9.85815e-13 0)
(8.94589e-17 -9.85821e-13 0)
(8.26751e-17 -9.85827e-13 0)
(7.57872e-17 -9.85831e-13 0)
(6.88233e-17 -9.85835e-13 0)
(6.18022e-17 -9.85839e-13 0)
(5.4735e-17 -9.85842e-13 0)
(4.76264e-17 -9.85845e-13 0)
(4.04759e-17 -9.85847e-13 0)
(3.32783e-17 -9.85849e-13 0)
(2.60244e-17 -9.85851e-13 0)
(1.87016e-17 -9.85852e-13 0)
(1.12942e-17 -9.85853e-13 0)
(3.7836e-18 -9.85853e-13 0)
(4.93805e-07 -0.000556317 0)
(1.19132e-07 -1.6046e-05 0)
(5.76689e-11 -1.18943e-12 0)
(1.64456e-17 -9.85638e-13 0)
(2.37013e-17 -9.85639e-13 0)
(3.23345e-17 -9.85641e-13 0)
(4.11332e-17 -9.85643e-13 0)
(5.00457e-17 -9.85646e-13 0)
(5.89672e-17 -9.85651e-13 0)
(6.77379e-17 -9.85656e-13 0)
(7.61565e-17 -9.85662e-13 0)
(8.40036e-17 -9.8567e-13 0)
(9.10682e-17 -9.85678e-13 0)
(9.71717e-17 -9.85687e-13 0)
(1.02183e-16 -9.85697e-13 0)
(1.06024e-16 -9.85707e-13 0)
(1.08672e-16 -9.85718e-13 0)
(1.10147e-16 -9.85728e-13 0)
(1.10507e-16 -9.85739e-13 0)
(1.09837e-16 -9.85749e-13 0)
(1.08237e-16 -9.85758e-13 0)
(1.05813e-16 -9.85768e-13 0)
(1.02672e-16 -9.85776e-13 0)
(9.89178e-17 -9.85784e-13 0)
(9.46447e-17 -9.85792e-13 0)
(8.99376e-17 -9.85798e-13 0)
(8.48709e-17 -9.85805e-13 0)
(7.9508e-17 -9.8581e-13 0)
(7.39021e-17 -9.85816e-13 0)
(6.80965e-17 -9.8582e-13 0)
(6.21259e-17 -9.85824e-13 0)
(5.60172e-17 -9.85828e-13 0)
(4.97903e-17 -9.85831e-13 0)
(4.34592e-17 -9.85834e-13 0)
(3.70326e-17 -9.85837e-13 0)
(3.05145e-17 -9.85839e-13 0)
(2.39053e-17 -9.8584e-13 0)
(1.72017e-17 -9.85841e-13 0)
(1.03977e-17 -9.85842e-13 0)
(3.48487e-18 -9.85843e-13 0)
(4.72739e-07 -0.000554694 0)
(1.05946e-07 -1.51361e-05 0)
(4.31586e-11 -1.17071e-12 0)
(1.36235e-17 -9.85659e-13 0)
(1.97717e-17 -9.8566e-13 0)
(2.68923e-17 -9.85662e-13 0)
(3.40448e-17 -9.85664e-13 0)
(4.1177e-17 -9.85667e-13 0)
(4.82166e-17 -9.8567e-13 0)
(5.50708e-17 -9.85675e-13 0)
(6.16305e-17 -9.8568e-13 0)
(6.77774e-17 -9.85686e-13 0)
(7.33934e-17 -9.85692e-13 0)
(7.83705e-17 -9.85699e-13 0)
(8.26187e-17 -9.85706e-13 0)
(8.60716e-17 -9.85714e-13 0)
(8.86892e-17 -9.85723e-13 0)
(9.04575e-17 -9.85731e-13 0)
(9.13862e-17 -9.85739e-13 0)
(9.1505e-17 -9.85747e-13 0)
(9.0859e-17 -9.85755e-13 0)
(8.95041e-17 -9.85763e-13 0)
(8.75028e-17 -9.85771e-13 0)
(8.49202e-17 -9.85778e-13 0)
(8.1821e-17 -9.85784e-13 0)
(7.82676e-17 -9.8579e-13 0)
(7.43177e-17 -9.85796e-13 0)
(7.0024e-17 -9.85802e-13 0)
(6.54332e-17 -9.85806e-13 0)
(6.05862e-17 -9.85811e-13 0)
(5.55176e-17 -9.85815e-13 0)
(5.02564e-17 -9.85819e-13 0)
(4.48263e-17 -9.85822e-13 0)
(3.92462e-17 -9.85824e-13 0)
(3.35304e-17 -9.85827e-13 0)
(2.76895e-17 -9.85829e-13 0)
(2.17305e-17 -9.85831e-13 0)
(1.56578e-17 -9.85832e-13 0)
(9.47308e-18 -9.85833e-13 0)
(3.17641e-18 -9.85833e-13 0)
(4.60768e-07 -0.00055305 0)
(9.73547e-08 -1.42911e-05 0)
(3.172e-11 -1.15493e-12 0)
(1.11263e-17 -9.85677e-13 0)
(1.62673e-17 -9.85678e-13 0)
(2.21113e-17 -9.85679e-13 0)
(2.79454e-17 -9.85681e-13 0)
(3.37256e-17 -9.85683e-13 0)
(3.93992e-17 -9.85686e-13 0)
(4.49046e-17 -9.8569e-13 0)
(5.01732e-17 -9.85694e-13 0)
(5.51318e-17 -9.85698e-13 0)
(5.97069e-17 -9.85703e-13 0)
(6.38284e-17 -9.85709e-13 0)
(6.74338e-17 -9.85715e-13 0)
(7.04717e-17 -9.85721e-13 0)
(7.2904e-17 -9.85727e-13 0)
(7.47072e-17 -9.85734e-13 0)
(7.5872e-17 -9.85741e-13 0)
(7.64029e-17 -9.85747e-13 0)
(7.6316e-17 -9.85754e-13 0)
(7.56371e-17 -9.8576e-13 0)
(7.43996e-17 -9.85767e-13 0)
(7.26417e-17 -9.85773e-13 0)
(7.04046e-17 -9.85779e-13 0)
(6.77308e-17 -9.85784e-13 0)
(6.46619e-17 -9.85789e-13 0)
(6.12382e-17 -9.85794e-13 0)
(5.74974e-17 -9.85799e-13 0)
(5.34741e-17 -9.85803e-13 0)
(4.91994e-17 -9.85807e-13 0)
(4.47009e-17 -9.8581e-13 0)
(4.00024e-17 -9.85813e-13 0)
(3.51245e-17 -9.85816e-13 0)
(3.00843e-17 -9.85818e-13 0)
(2.48962e-17 -9.8582e-13 0)
(1.95718e-17 -9.85822e-13 0)
(1.41207e-17 -9.85823e-13 0)
(8.55068e-18 -9.85824e-13 0)
(2.86841e-18 -9.85824e-13 0)
(4.54164e-07 -0.000551389 0)
(9.12763e-08 -1.34901e-05 0)
(2.29907e-11 -1.14073e-12 0)
(9.04052e-18 -9.85691e-13 0)
(1.33223e-17 -9.85692e-13 0)
(1.81216e-17 -9.85693e-13 0)
(2.29017e-17 -9.85695e-13 0)
(2.76272e-17 -9.85697e-13 0)
(3.2258e-17 -9.85699e-13 0)
(3.67502e-17 -9.85702e-13 0)
(4.1056e-17 -9.85705e-13 0)
(4.51257e-17 -9.85709e-13 0)
(4.89091e-17 -9.85713e-13 0)
(5.23573e-17 -9.85717e-13 0)
(5.54253e-17 -9.85722e-13 0)
(5.80734e-17 -9.85727e-13 0)
(6.02691e-17 -9.85732e-13 0)
(6.19881e-17 -9.85737e-13 0)
(6.32147e-17 -9.85742e-13 0)
(6.39423e-17 -9.85748e-13 0)
(6.41724e-17 -9.85754e-13 0)
(6.39141e-17 -9.85759e-13 0)
(6.31828e-17 -9.85764e-13 0)
(6.19992e-17 -9.8577e-13 0)
(6.03878e-17 -9.85775e-13 0)
(5.83756e-17 -9.8578e-13 0)
(5.59911e-17 -9.85784e-13 0)
(5.32635e-17 -9.85789e-13 0)
(5.02211e-17 -9.85793e-13 0)
(4.68917e-17 -9.85796e-13 0)
(4.33011e-17 -9.858e-13 0)
(3.94737e-17 -9.85803e-13 0)
(3.54315e-17 -9.85806e-13 0)
(3.11946e-17 -9.85808e-13 0)
(2.67808e-17 -9.85811e-13 0)
(2.22063e-17 -9.85813e-13 0)
(1.74853e-17 -9.85814e-13 0)
(1.26309e-17 -9.85815e-13 0)
(7.65489e-18 -9.85816e-13 0)
(2.569e-18 -9.85816e-13 0)
(4.50844e-07 -0.000549707 0)
(8.67409e-08 -1.27225e-05 0)
(1.64172e-11 -1.12759e-12 0)
(7.33581e-18 -9.85703e-13 0)
(1.09059e-17 -9.85704e-13 0)
(1.4859e-17 -9.85705e-13 0)
(1.87939e-17 -9.85706e-13 0)
(2.26826e-17 -9.85708e-13 0)
(2.64943e-17 -9.85709e-13 0)
(3.01958e-17 -9.85712e-13 0)
(3.37522e-17 -9.85714e-13 0)
(3.71273e-17 -9.85717e-13 0)
(4.02844e-17 -9.8572e-13 0)
(4.31877e-17 -9.85724e-13 0)
(4.58032e-17 -9.85728e-13 0)
(4.80998e-17 -9.85732e-13 0)
(5.00505e-17 -9.85736e-13 0)
(5.16329e-17 -9.8574e-13 0)
(5.28302e-17 -9.85745e-13 0)
(5.36311e-17 -9.85749e-13 0)
(5.40303e-17 -9.85754e-13 0)
(5.40278e-17 -9.85758e-13 0)
(5.36287e-17 -9.85763e-13 0)
(5.28425e-17 -9.85767e-13 0)
(5.16823e-17 -9.85772e-13 0)
(5.01646e-17 -9.85776e-13 0)
(4.83076e-17 -9.8578e-13 0)
(4.61313e-17 -9.85784e-13 0)
(4.36565e-17 -9.85788e-13 0)
(4.0904e-17 -9.85791e-13 0)
(3.78947e-17 -9.85794e-13 0)
(3.46487e-17 -9.85797e-13 0)
(3.11854e-17 -9.858e-13 0)
(2.75231e-17 -9.85802e-13 0)
(2.36793e-17 -9.85804e-13 0)
(1.96702e-17 -9.85806e-13 0)
(1.55114e-17 -9.85807e-13 0)
(1.12177e-17 -9.85808e-13 0)
(6.80373e-18 -9.85809e-13 0)
(2.28424e-18 -9.85809e-13 0)
(4.49582e-07 -0.000548005 0)
(8.32814e-08 -1.19802e-05 0)
(1.14594e-11 -1.1156e-12 0)
(5.95724e-18 -9.85713e-13 0)
(8.94156e-18 -9.85713e-13 0)
(1.22107e-17 -9.85714e-13 0)
(1.54651e-17 -9.85715e-13 0)
(1.86827e-17 -9.85717e-13 0)
(2.18394e-17 -9.85718e-13 0)
(2.49099e-17 -9.8572e-13 0)
(2.78675e-17 -9.85722e-13 0)
(3.06847e-17 -9.85724e-13 0)
(3.33339e-17 -9.85727e-13 0)
(3.57875e-17 -9.8573e-13 0)
(3.80191e-17 -9.85733e-13 0)
(4.00039e-17 -9.85736e-13 0)
(4.17194e-17 -9.85739e-13 0)
(4.3146e-17 -9.85743e-13 0)
(4.42675e-17 -9.85747e-13 0)
(4.50715e-17 -9.8575e-13 0)
(4.55495e-17 -9.85754e-13 0)
(4.56968e-17 -9.85758e-13 0)
(4.55127e-17 -9.85762e-13 0)
(4.49999e-17 -9.85766e-13 0)
(4.41645e-17 -9.8577e-13 0)
(4.30153e-17 -9.85773e-13 0)
(4.15635e-17 -9.85777e-13 0)
(3.98221e-17 -9.8578e-13 0)
(3.78055e-17 -9.85783e-13 0)
(3.55291e-17 -9.85786e-13 0)
(3.30089e-17 -9.85789e-13 0)
(3.02613e-17 -9.85792e-13 0)
(2.73025e-17 -9.85794e-13 0)
(2.41488e-17 -9.85796e-13 0)
(2.08161e-17 -9.85798e-13 0)
(1.73201e-17 -9.858e-13 0)
(1.36765e-17 -9.85801e-13 0)
(9.90097e-18 -9.85802e-13 0)
(6.00934e-18 -9.85803e-13 0)
(2.01827e-18 -9.85803e-13 0)
(4.49428e-07 -0.000546285 0)
(8.06406e-08 -1.12578e-05 0)
(7.88305e-12 -1.10458e-12 0)
(4.85241e-18 -9.85721e-13 0)
(7.35432e-18 -9.85721e-13 0)
(1.00686e-17 -9.85722e-13 0)
(1.27715e-17 -9.85723e-13 0)
(1.54455e-17 -9.85724e-13 0)
(1.8072e-17 -9.85725e-13 0)
(2.06311e-17 -9.85727e-13 0)
(2.31021e-17 -9.85728e-13 0)
(2.54637e-17 -9.8573e-13 0)
(2.76942e-17 -9.85732e-13 0)
(2.97721e-17 -9.85735e-13 0)
(3.16763e-17 -9.85737e-13 0)
(3.33867e-17 -9.8574e-13 0)
(3.48845e-17 -9.85743e-13 0)
(3.6153e-17 -9.85746e-13 0)
(3.71772e-17 -9.85749e-13 0)
(3.7945e-17 -9.85752e-13 0)
(3.84467e-17 -9.85755e-13 0)
(3.86756e-17 -9.85758e-13 0)
(3.86278e-17 -9.85761e-13 0)
(3.83022e-17 -9.85765e-13 0)
(3.77001e-17 -9.85768e-13 0)
(3.68257e-17 -9.85771e-13 0)
(3.5685e-17 -9.85774e-13 0)
(3.4286e-17 -9.85777e-13 0)
(3.26385e-17 -9.8578e-13 0)
(3.07534e-17 -9.85783e-13 0)
(2.86427e-17 -9.85785e-13 0)
(2.63192e-17 -9.85787e-13 0)
(2.37964e-17 -9.8579e-13 0)
(2.10881e-17 -9.85792e-13 0)
(1.82087e-17 -9.85793e-13 0)
(1.51728e-17 -9.85795e-13 0)
(1.19953e-17 -9.85796e-13 0)
(8.69193e-18 -9.85797e-13 0)
(5.27887e-18 -9.85797e-13 0)
(1.77351e-18 -9.85798e-13 0)
(4.4972e-07 -0.000544554 0)
(7.86932e-08 -1.05532e-05 0)
(5.51491e-12 -1.09446e-12 0)
(3.97938e-18 -9.85728e-13 0)
(6.08028e-18 -9.85728e-13 0)
(8.34104e-18 -9.85729e-13 0)
(1.05933e-17 -9.85729e-13 0)
(1.28231e-17 -9.8573e-13 0)
(1.50159e-17 -9.85731e-13 0)
(1.71559e-17 -9.85732e-13 0)
(1.92267e-17 -9.85734e-13 0)
(2.12117e-17 -9.85735e-13 0)
(2.30934e-17 -9.85737e-13 0)
(2.48548e-17 -9.85739e-13 0)
(2.64787e-17 -9.85741e-13 0)
(2.79488e-17 -9.85743e-13 0)
(2.92493e-17 -9.85745e-13 0)
(3.03658e-17 -9.85748e-13 0)
(3.12852e-17 -9.8575e-13 0)
(3.19959e-17 -9.85753e-13 0)
(3.24885e-17 -9.85756e-13 0)
(3.27554e-17 -9.85758e-13 0)
(3.27911e-17 -9.85761e-13 0)
(3.25924e-17 -9.85764e-13 0)
(3.21579e-17 -9.85767e-13 0)
(3.14886e-17 -9.85769e-13 0)
(3.05872e-17 -9.85772e-13 0)
(2.94582e-17 -9.85775e-13 0)
(2.81079e-17 -9.85777e-13 0)
(2.65438e-17 -9.85779e-13 0)
(2.47747e-17 -9.85782e-13 0)
(2.28106e-17 -9.85784e-13 0)
(2.06623e-17 -9.85786e-13 0)
(1.83416e-17 -9.85787e-13 0)
(1.58609e-17 -9.85789e-13 0)
(1.32334e-17 -9.8579e-13 0)
(1.04732e-17 -9.85791e-13 0)
(7.59519e-18 -9.85792e-13 0)
(4.61537e-18 -9.85793e-13 0)
(1.55104e-18 -9.85793e-13 0)
(4.49888e-07 -0.000542818 0)
(7.73736e-08 -9.86656e-06 0)
(4.14515e-12 -1.085e-12 0)
(3.30088e-18 -9.85733e-13 0)
(5.06548e-18 -9.85734e-13 0)
(6.95248e-18 -9.85734e-13 0)
(8.83337e-18 -9.85735e-13 0)
(1.06971e-17 -9.85735e-13 0)
(1.25319e-17 -9.85736e-13 0)
(1.43253e-17 -9.85737e-13 0)
(1.60641e-17 -9.85738e-13 0)
(1.7735e-17 -9.8574e-13 0)
(1.93239e-17 -9.85741e-13 0)
(2.08172e-17 -9.85742e-13 0)
(2.22007e-17 -9.85744e-13 0)
(2.34609e-17 -9.85746e-13 0)
(2.45847e-17 -9.85748e-13 0)
(2.55598e-17 -9.8575e-13 0)
(2.63745e-17 -9.85752e-13 0)
(2.70186e-17 -9.85754e-13 0)
(2.74831e-17 -9.85756e-13 0)
(2.77602e-17 -9.85759e-13 0)
(2.78441e-17 -9.85761e-13 0)
(2.77302e-17 -9.85763e-13 0)
(2.74159e-17 -9.85766e-13 0)
(2.69001e-17 -9.85768e-13 0)
(2.61833e-17 -9.8577e-13 0)
(2.52678e-17 -9.85773e-13 0)
(2.41572e-17 -9.85775e-13 0)
(2.28565e-17 -9.85777e-13 0)
(2.13721e-17 -9.85779e-13 0)
(1.97117e-17 -9.85781e-13 0)
(1.78838e-17 -9.85782e-13 0)
(1.58983e-17 -9.85784e-13 0)
(1.37659e-17 -9.85785e-13 0)
(1.14984e-17 -9.85786e-13 0)
(9.10849e-18 -9.85787e-13 0)
(6.61026e-18 -9.85788e-13 0)
(4.01884e-18 -9.85788e-13 0)
(1.35091e-18 -9.85789e-13 0)
(4.49518e-07 -0.000541088 0)
(7.66613e-08 -9.19825e-06 0)
(3.49703e-12 -1.07614e-12 0)
(2.78172e-18 -9.85738e-13 0)
(4.26289e-18 -9.85738e-13 0)
(5.83987e-18 -9.85739e-13 0)
(7.41275e-18 -9.85739e-13 0)
(8.97258e-18 -9.8574e-13 0)
(1.05098e-17 -9.8574e-13 0)
(1.20144e-17 -9.85741e-13 0)
(1.34758e-17 -9.85742e-13 0)
(1.4883e-17 -9.85743e-13 0)
(1.62248e-17 -9.85744e-13 0)
(1.74898e-17 -9.85746e-13 0)
(1.86667e-17 -9.85747e-13 0)
(1.9744e-17 -9.85748e-13 0)
(2.07109e-17 -9.8575e-13 0)
(2.15567e-17 -9.85752e-13 0)
(2.22714e-17 -9.85753e-13 0)
(2.28459e-17 -9.85755e-13 0)
(2.3272e-17 -9.85757e-13 0)
(2.35422e-17 -9.85759e-13 0)
(2.36507e-17 -9.85761e-13 0)
(2.35925e-17 -9.85763e-13 0)
(2.33642e-17 -9.85765e-13 0)
(2.29636e-17 -9.85767e-13 0)
(2.23898e-17 -9.85769e-13 0)
(2.16435e-17 -9.85771e-13 0)
(2.07267e-17 -9.85773e-13 0)
(1.96425e-17 -9.85775e-13 0)
(1.83954e-17 -9.85776e-13 0)
(1.69912e-17 -9.85778e-13 0)
(1.54367e-17 -9.85779e-13 0)
(1.37401e-17 -9.85781e-13 0)
(1.19105e-17 -9.85782e-13 0)
(9.95826e-18 -9.85783e-13 0)
(7.89485e-18 -9.85784e-13 0)
(5.73307e-18 -9.85784e-13 0)
(3.48703e-18 -9.85785e-13 0)
(1.1724e-18 -9.85785e-13 0)
(4.48146e-07 -0.000539378 0)
(7.65333e-08 -8.54767e-06 0)
(3.29374e-12 -1.06777e-12 0)
(2.38977e-18 -9.85742e-13 0)
(3.63199e-18 -9.85742e-13 0)
(4.95095e-18 -9.85743e-13 0)
(6.2672e-18 -9.85743e-13 0)
(7.57346e-18 -9.85743e-13 0)
(8.86198e-18 -9.85744e-13 0)
(1.01246e-17 -9.85745e-13 0)
(1.13527e-17 -9.85745e-13 0)
(1.25374e-17 -9.85746e-13 0)
(1.36695e-17 -9.85747e-13 0)
(1.47397e-17 -9.85748e-13 0)
(1.57386e-17 -9.85749e-13 0)
(1.66567e-17 -9.85751e-13 0)
(1.74848e-17 -9.85752e-13 0)
(1.8214e-17 -9.85753e-13 0)
(1.88355e-17 -9.85755e-13 0)
(1.93415e-17 -9.85756e-13 0)
(1.97243e-17 -9.85758e-13 0)
(1.99775e-17 -9.85759e-13 0)
(2.00951e-17 -9.85761e-13 0)
(2.00723e-17 -9.85763e-13 0)
(1.99053e-17 -9.85765e-13 0)
(1.95913e-17 -9.85766e-13 0)
(1.91288e-17 -9.85768e-13 0)
(1.85174e-17 -9.8577e-13 0)
(1.77577e-17 -9.85771e-13 0)
(1.68517e-17 -9.85773e-13 0)
(1.58025e-17 -9.85774e-13 0)
(1.46145e-17 -9.85776e-13 0)
(1.3293e-17 -9.85777e-13 0)
(1.18447e-17 -9.85778e-13 0)
(1.02773e-17 -9.85779e-13 0)
(8.59992e-18 -9.8578e-13 0)
(6.8227e-18 -9.85781e-13 0)
(4.95716e-18 -9.85781e-13 0)
(3.01622e-18 -9.85782e-13 0)
(1.0143e-18 -9.85782e-13 0)
(4.45461e-07 -0.000537703 0)
(7.69776e-08 -7.9128e-06 0)
(3.33833e-12 -1.05971e-12 0)
(2.09928e-18 -9.85745e-13 0)
(3.14047e-18 -9.85746e-13 0)
(4.24411e-18 -9.85746e-13 0)
(5.34568e-18 -9.85746e-13 0)
(6.43933e-18 -9.85746e-13 0)
(7.51879e-18 -9.85747e-13 0)
(8.57744e-18 -9.85747e-13 0)
(9.60834e-18 -9.85748e-13 0)
(1.06042e-17 -9.85749e-13 0)
(1.15576e-17 -9.85749e-13 0)
(1.24609e-17 -9.8575e-13 0)
(1.33061e-17 -9.85751e-13 0)
(1.40856e-17 -9.85752e-13 0)
(1.47915e-17 -9.85753e-13 0)
(1.54162e-17 -9.85755e-13 0)
(1.59524e-17 -9.85756e-13 0)
(1.6393e-17 -9.85757e-13 0)
(1.67314e-17 -9.85758e-13 0)
(1.69618e-17 -9.8576e-13 0)
(1.70785e-17 -9.85761e-13 0)
(1.70771e-17 -9.85763e-13 0)
(1.69536e-17 -9.85764e-13 0)
(1.67052e-17 -9.85766e-13 0)
(1.63297e-17 -9.85767e-13 0)
(1.58261e-17 -9.85768e-13 0)
(1.51943e-17 -9.8577e-13 0)
(1.44355e-17 -9.85771e-13 0)
(1.35517e-17 -9.85772e-13 0)
(1.2546e-17 -9.85774e-13 0)
(1.14229e-17 -9.85775e-13 0)
(1.01876e-17 -9.85776e-13 0)
(8.84673e-18 -9.85777e-13 0)
(7.4081e-18 -9.85777e-13 0)
(5.88067e-18 -9.85778e-13 0)
(4.27468e-18 -9.85779e-13 0)
(2.60179e-18 -9.85779e-13 0)
(8.75077e-19 -9.85779e-13 0)
(4.41371e-07 -0.00053608 0)
(7.79789e-08 -7.29136e-06 0)
(3.55168e-12 -1.05215e-12 0)
(1.89471e-18 -9.85748e-13 0)
(2.76567e-18 -9.85748e-13 0)
(3.68821e-18 -9.85748e-13 0)
(4.60877e-18 -9.85749e-13 0)
(5.52274e-18 -9.85749e-13 0)
(6.42513e-18 -9.85749e-13 0)
(7.31065e-18 -9.8575e-13 0)
(8.17368e-18 -9.8575e-13 0)
(9.00836e-18 -9.85751e-13 0)
(9.80858e-18 -9.85751e-13 0)
(1.0568e-17 -9.85752e-13 0)
(1.12803e-17 -9.85753e-13 0)
(1.19389e-17 -9.85754e-13 0)
(1.25372e-17 -9.85755e-13 0)
(1.3069e-17 -9.85756e-13 0)
(1.35277e-17 -9.85757e-13 0)
(1.39075e-17 -9.85758e-13 0)
(1.42024e-17 -9.85759e-13 0)
(1.44072e-17 -9.8576e-13 0)
(1.4517e-17 -9.85761e-13 0)
(1.45273e-17 -9.85763e-13 0)
(1.44346e-17 -9.85764e-13 0)
(1.42359e-17 -9.85765e-13 0)
(1.39288e-17 -9.85766e-13 0)
(1.3512e-17 -9.85768e-13 0)
(1.2985e-17 -9.85769e-13 0)
(1.23481e-17 -9.8577e-13 0)
(1.16027e-17 -9.85771e-13 0)
(1.07511e-17 -9.85772e-13 0)
(9.79679e-18 -9.85773e-13 0)
(8.74406e-18 -9.85774e-13 0)
(7.59849e-18 -9.85775e-13 0)
(6.3667e-18 -9.85775e-13 0)
(5.05654e-18 -9.85776e-13 0)
(3.67708e-18 -9.85776e-13 0)
(2.23866e-18 -9.85777e-13 0)
(7.5305e-19 -9.85777e-13 0)
(4.35863e-07 -0.000534524 0)
(7.94904e-08 -6.68264e-06 0)
(3.91905e-12 -1.04517e-12 0)
(1.76881e-18 -9.8575e-13 0)
(2.49242e-18 -9.85751e-13 0)
(3.26019e-18 -9.85751e-13 0)
(4.02597e-18 -9.85751e-13 0)
(4.78618e-18 -9.85751e-13 0)
(5.5369e-18 -9.85751e-13 0)
(6.27392e-18 -9.85752e-13 0)
(6.99276e-18 -9.85752e-13 0)
(7.68869e-18 -9.85753e-13 0)
(8.35673e-18 -9.85753e-13 0)
(8.99175e-18 -9.85754e-13 0)
(9.58844e-18 -9.85754e-13 0)
(1.01414e-17 -9.85755e-13 0)
(1.06452e-17 -9.85756e-13 0)
(1.10943e-17 -9.85757e-13 0)
(1.14834e-17 -9.85758e-13 0)
(1.18073e-17 -9.85759e-13 0)
(1.20609e-17 -9.85759e-13 0)
(1.22395e-17 -9.8576e-13 0)
(1.23387e-17 -9.85762e-13 0)
(1.23546e-17 -9.85763e-13 0)
(1.22835e-17 -9.85764e-13 0)
(1.21227e-17 -9.85765e-13 0)
(1.18699e-17 -9.85766e-13 0)
(1.15235e-17 -9.85767e-13 0)
(1.10825e-17 -9.85768e-13 0)
(1.05471e-17 -9.85769e-13 0)
(9.91799e-18 -9.8577e-13 0)
(9.19686e-18 -9.85771e-13 0)
(8.38634e-18 -9.85771e-13 0)
(7.49005e-18 -9.85772e-13 0)
(6.51259e-18 -9.85773e-13 0)
(5.45966e-18 -9.85774e-13 0)
(4.33803e-18 -9.85774e-13 0)
(3.15564e-18 -9.85774e-13 0)
(1.92165e-18 -9.85775e-13 0)
(6.46491e-19 -9.85775e-13 0)
(4.2926e-07 -0.000533051 0)
(8.14532e-08 -6.088e-06 0)
(4.40575e-12 -1.0386e-12 0)
(1.71502e-18 -9.85752e-13 0)
(2.30823e-18 -9.85752e-13 0)
(2.94096e-18 -9.85753e-13 0)
(3.57197e-18 -9.85753e-13 0)
(4.19849e-18 -9.85753e-13 0)
(4.81744e-18 -9.85753e-13 0)
(5.42552e-18 -9.85753e-13 0)
(6.01914e-18 -9.85754e-13 0)
(6.59451e-18 -9.85754e-13 0)
(7.14762e-18 -9.85755e-13 0)
(7.67424e-18 -9.85755e-13 0)
(8.17002e-18 -9.85756e-13 0)
(8.63046e-18 -9.85756e-13 0)
(9.051e-18 -9.85757e-13 0)
(9.42702e-18 -9.85758e-13 0)
(9.75394e-18 -9.85758e-13 0)
(1.00272e-17 -9.85759e-13 0)
(1.02425e-17 -9.8576e-13 0)
(1.03956e-17 -9.85761e-13 0)
(1.04826e-17 -9.85762e-13 0)
(1.04999e-17 -9.85763e-13 0)
(1.04442e-17 -9.85763e-13 0)
(1.03128e-17 -9.85764e-13 0)
(1.01034e-17 -9.85765e-13 0)
(9.81446e-18 -9.85766e-13 0)
(9.44488e-18 -9.85767e-13 0)
(8.99433e-18 -9.85768e-13 0)
(8.46321e-18 -9.85769e-13 0)
(7.85273e-18 -9.85769e-13 0)
(7.16493e-18 -9.8577e-13 0)
(6.40273e-18 -9.85771e-13 0)
(5.56998e-18 -9.85771e-13 0)
(4.67152e-18 -9.85772e-13 0)
(3.71319e-18 -9.85772e-13 0)
(2.7019e-18 -9.85773e-13 0)
(1.64567e-18 -9.85773e-13 0)
(5.53702e-19 -9.85773e-13 0)
(4.22247e-07 -0.000531669 0)
(8.3797e-08 -5.50997e-06 0)
(4.93147e-12 -1.03238e-12 0)
(1.7238e-18 -9.85754e-13 0)
(2.19939e-18 -9.85754e-13 0)
(2.71196e-18 -9.85754e-13 0)
(3.22348e-18 -9.85754e-13 0)
(3.73181e-18 -9.85754e-13 0)
(4.23457e-18 -9.85754e-13 0)
(4.72918e-18 -9.85755e-13 0)
(5.21282e-18 -9.85755e-13 0)
(5.68243e-18 -9.85755e-13 0)
(6.13478e-18 -9.85756e-13 0)
(6.56643e-18 -9.85756e-13 0)
(6.97377e-18 -9.85757e-13 0)
(7.35306e-18 -9.85757e-13 0)
(7.70043e-18 -9.85758e-13 0)
(8.01198e-18 -9.85758e-13 0)
(8.28374e-18 -9.85759e-13 0)
(8.51181e-18 -9.8576e-13 0)
(8.69233e-18 -9.8576e-13 0)
(8.82161e-18 -9.85761e-13 0)
(8.8961e-18 -9.85762e-13 0)
(8.91255e-18 -9.85762e-13 0)
(8.86798e-18 -9.85763e-13 0)
(8.75981e-18 -9.85764e-13 0)
(8.58586e-18 -9.85765e-13 0)
(8.34447e-18 -9.85766e-13 0)
(8.0345e-18 -9.85766e-13 0)
(7.65541e-18 -9.85767e-13 0)
(7.20733e-18 -9.85768e-13 0)
(6.69107e-18 -9.85768e-13 0)
(6.1082e-18 -9.85769e-13 0)
(5.46108e-18 -9.8577e-13 0)
(4.75293e-18 -9.8577e-13 0)
(3.98783e-18 -9.85771e-13 0)
(3.1708e-18 -9.85771e-13 0)
(2.30783e-18 -9.85771e-13 0)
(1.40591e-18 -9.85771e-13 0)
(4.73074e-19 -9.85772e-13 0)
(4.15945e-07 -0.000530382 0)
(8.646e-08 -4.951e-06 0)
(5.40119e-12 -1.02644e-12 0)
(1.78186e-18 -9.85755e-13 0)
(2.15001e-18 -9.85755e-13 0)
(2.55375e-18 -9.85755e-13 0)
(2.95748e-18 -9.85755e-13 0)
(3.35963e-18 -9.85755e-13 0)
(3.75842e-18 -9.85756e-13 0)
(4.15189e-18 -9.85756e-13 0)
(4.53784e-18 -9.85756e-13 0)
(4.91386e-18 -9.85756e-13 0)
(5.27733e-18 -9.85757e-13 0)
(5.62543e-18 -9.85757e-13 0)
(5.95516e-18 -9.85757e-13 0)
(6.26334e-18 -9.85758e-13 0)
(6.54668e-18 -9.85758e-13 0)
(6.8018e-18 -9.85759e-13 0)
(7.02525e-18 -9.85759e-13 0)
(7.21358e-18 -9.8576e-13 0)
(7.36338e-18 -9.85761e-13 0)
(7.47131e-18 -9.85761e-13 0)
(7.53419e-18 -9.85762e-13 0)
(7.54902e-18 -9.85762e-13 0)
(7.51307e-18 -9.85763e-13 0)
(7.42389e-18 -9.85764e-13 0)
(7.27942e-18 -9.85764e-13 0)
(7.07799e-18 -9.85765e-13 0)
(6.81841e-18 -9.85766e-13 0)
(6.50002e-18 -9.85766e-13 0)
(6.12273e-18 -9.85767e-13 0)
(5.68705e-18 -9.85768e-13 0)
(5.19418e-18 -9.85768e-13 0)
(4.64604e-18 -9.85769e-13 0)
(4.04527e-18 -9.85769e-13 0)
(3.39534e-18 -9.85769e-13 0)
(2.70053e-18 -9.8577e-13 0)
(1.96603e-18 -9.8577e-13 0)
(1.19789e-18 -9.8577e-13 0)
(4.03112e-19 -9.8577e-13 0)
(4.11659e-07 -0.000529186 0)
(8.94013e-08 -4.41274e-06 0)
(5.7371e-12 -1.02078e-12 0)
(1.87398e-18 -9.85756e-13 0)
(2.1425e-18 -9.85756e-13 0)
(2.44571e-18 -9.85756e-13 0)
(2.75035e-18 -9.85756e-13 0)
(3.05545e-18 -9.85756e-13 0)
(3.3598e-18 -9.85756e-13 0)
(3.662e-18 -9.85757e-13 0)
(3.96039e-18 -9.85757e-13 0)
(4.25308e-18 -9.85757e-13 0)
(4.53792e-18 -9.85757e-13 0)
(4.81256e-18 -9.85758e-13 0)
(5.07444e-18 -9.85758e-13 0)
(5.3208e-18 -9.85758e-13 0)
(5.54876e-18 -9.85759e-13 0)
(5.75528e-18 -9.85759e-13 0)
(5.9373e-18 -9.8576e-13 0)
(6.09167e-18 -9.8576e-13 0)
(6.2153e-18 -9.85761e-13 0)
(6.30513e-18 -9.85761e-13 0)
(6.35824e-18 -9.85762e-13 0)
(6.37184e-18 -9.85762e-13 0)
(6.34338e-18 -9.85763e-13 0)
(6.27055e-18 -9.85764e-13 0)
(6.15138e-18 -9.85764e-13 0)
(5.98422e-18 -9.85765e-13 0)
(5.76788e-18 -9.85765e-13 0)
(5.50159e-18 -9.85766e-13 0)
(5.18511e-18 -9.85766e-13 0)
(4.81875e-18 -9.85767e-13 0)
(4.40339e-18 -9.85767e-13 0)
(3.94058e-18 -9.85768e-13 0)
(3.43252e-18 -9.85768e-13 0)
(2.88212e-18 -9.85769e-13 0)
(2.29307e-18 -9.85769e-13 0)
(1.6698e-18 -9.85769e-13 0)
(1.01757e-18 -9.85769e-13 0)
(3.42462e-19 -9.85769e-13 0)
(4.10153e-07 -0.000528069 0)
(9.26077e-08 -3.89591e-06 0)
(5.89395e-12 -1.01552e-12 0)
(1.98411e-18 -9.85757e-13 0)
(2.15766e-18 -9.85757e-13 0)
(2.36532e-18 -9.85757e-13 0)
(2.57663e-18 -9.85757e-13 0)
(2.79122e-18 -9.85757e-13 0)
(3.00848e-18 -9.85757e-13 0)
(3.22746e-18 -9.85757e-13 0)
(3.44694e-18 -9.85757e-13 0)
(3.6654e-18 -9.85758e-13 0)
(3.88103e-18 -9.85758e-13 0)
(4.09174e-18 -9.85758e-13 0)
(4.29521e-18 -9.85759e-13 0)
(4.48893e-18 -9.85759e-13 0)
(4.67019e-18 -9.85759e-13 0)
(4.83618e-18 -9.8576e-13 0)
(4.98401e-18 -9.8576e-13 0)
(5.11072e-18 -9.85761e-13 0)
(5.21339e-18 -9.85761e-13 0)
(5.28917e-18 -9.85761e-13 0)
(5.33527e-18 -9.85762e-13 0)
(5.34908e-18 -9.85762e-13 0)
(5.32818e-18 -9.85763e-13 0)
(5.27037e-18 -9.85763e-13 0)
(5.17375e-18 -9.85764e-13 0)
(5.03675e-18 -9.85764e-13 0)
(4.85815e-18 -9.85765e-13 0)
(4.63715e-18 -9.85765e-13 0)
(4.37341e-18 -9.85766e-13 0)
(4.06705e-18 -9.85766e-13 0)
(3.71875e-18 -9.85767e-13 0)
(3.32975e-18 -9.85767e-13 0)
(2.90189e-18 -9.85767e-13 0)
(2.43763e-18 -9.85768e-13 0)
(1.94011e-18 -9.85768e-13 0)
(1.41317e-18 -9.85768e-13 0)
(8.61344e-19 -9.85768e-13 0)
(2.89912e-19 -9.85768e-13 0)
(4.11519e-07 -0.000527017 0)
(9.61497e-08 -3.40018e-06 0)
(5.84774e-12 -1.01065e-12 0)
(2.09337e-18 -9.85757e-13 0)
(2.17206e-18 -9.85757e-13 0)
(2.28543e-18 -9.85757e-13 0)
(2.40621e-18 -9.85757e-13 0)
(2.53464e-18 -9.85757e-13 0)
(2.67057e-18 -9.85758e-13 0)
(2.8134e-18 -9.85758e-13 0)
(2.96214e-18 -9.85758e-13 0)
(3.1154e-18 -9.85758e-13 0)
(3.27143e-18 -9.85758e-13 0)
(3.42817e-18 -9.85759e-13 0)
(3.58329e-18 -9.85759e-13 0)
(3.73422e-18 -9.85759e-13 0)
(3.87825e-18 -9.8576e-13 0)
(4.01255e-18 -9.8576e-13 0)
(4.13423e-18 -9.8576e-13 0)
(4.2404e-18 -9.85761e-13 0)
(4.32817e-18 -9.85761e-13 0)
(4.39477e-18 -9.85762e-13 0)
(4.43752e-18 -9.85762e-13 0)
(4.45392e-18 -9.85762e-13 0)
(4.44164e-18 -9.85763e-13 0)
(4.39859e-18 -9.85763e-13 0)
(4.32297e-18 -9.85764e-13 0)
(4.21324e-18 -9.85764e-13 0)
(4.06824e-18 -9.85765e-13 0)
(3.88715e-18 -9.85765e-13 0)
(3.66956e-18 -9.85765e-13 0)
(3.41552e-18 -9.85766e-13 0)
(3.12553e-18 -9.85766e-13 0)
(2.8006e-18 -9.85766e-13 0)
(2.44226e-18 -9.85767e-13 0)
(2.05264e-18 -9.85767e-13 0)
(1.63442e-18 -9.85767e-13 0)
(1.1909e-18 -9.85767e-13 0)
(7.26037e-19 -9.85768e-13 0)
(2.44399e-19 -9.85768e-13 0)
(4.16347e-07 -0.000526016 0)
(1.002e-07 -2.92304e-06 0)
(5.57069e-12 -1.00597e-12 0)
(2.17193e-18 -9.85757e-13 0)
(2.15149e-18 -9.85757e-13 0)
(2.1683e-18 -9.85757e-13 0)
(2.19911e-18 -9.85758e-13 0)
(2.24459e-18 -9.85758e-13 0)
(2.3048e-18 -9.85758e-13 0)
(2.37916e-18 -9.85758e-13 0)
(2.4665e-18 -9.85758e-13 0)
(2.56516e-18 -9.85758e-13 0)
(2.67302e-18 -9.85759e-13 0)
(2.78763e-18 -9.85759e-13 0)
(2.90626e-18 -9.85759e-13 0)
(3.026e-18 -9.8576e-13 0)
(3.14385e-18 -9.8576e-13 0)
(3.25672e-18 -9.8576e-13 0)
(3.36156e-18 -9.85761e-13 0)
(3.45538e-18 -9.85761e-13 0)
(3.53527e-18 -9.85761e-13 0)
(3.59846e-18 -9.85762e-13 0)
(3.64234e-18 -9.85762e-13 0)
(3.66448e-18 -9.85762e-13 0)
(3.66267e-18 -9.85763e-13 0)
(3.63495e-18 -9.85763e-13 0)
(3.57961e-18 -9.85764e-13 0)
(3.49522e-18 -9.85764e-13 0)
(3.38068e-18 -9.85764e-13 0)
(3.23522e-18 -9.85765e-13 0)
(3.05843e-18 -9.85765e-13 0)
(2.85029e-18 -9.85765e-13 0)
(2.61122e-18 -9.85766e-13 0)
(2.34205e-18 -9.85766e-13 0)
(2.04412e-18 -9.85766e-13 0)
(1.71923e-18 -9.85766e-13 0)
(1.36972e-18 -9.85767e-13 0)
(9.98473e-19 -9.85767e-13 0)
(6.08901e-19 -9.85767e-13 0)
(2.04999e-19 -9.85767e-13 0)
(4.26356e-07 -0.00052505 0)
(1.04796e-07 -2.45834e-06 0)
(5.01277e-12 -1.00176e-12 0)
(2.16805e-18 -9.85757e-13 0)
(2.04045e-18 -9.85757e-13 0)
(1.9564e-18 -9.85757e-13 0)
(1.89763e-18 -9.85758e-13 0)
(1.86484e-18 -9.85758e-13 0)
(1.85767e-18 -9.85758e-13 0)
(1.87484e-18 -9.85758e-13 0)
(1.91426e-18 -9.85758e-13 0)
(1.97319e-18 -9.85759e-13 0)
(2.04849e-18 -9.85759e-13 0)
(2.13669e-18 -9.85759e-13 0)
(2.23418e-18 -9.85759e-13 0)
(2.33732e-18 -9.8576e-13 0)
(2.44248e-18 -9.8576e-13 0)
(2.54618e-18 -9.8576e-13 0)
(2.64507e-18 -9.85761e-13 0)
(2.73598e-18 -9.85761e-13 0)
(2.81594e-18 -9.85761e-13 0)
(2.88222e-18 -9.85762e-13 0)
(2.93229e-18 -9.85762e-13 0)
(2.96385e-18 -9.85762e-13 0)
(2.97486e-18 -9.85763e-13 0)
(2.96353e-18 -9.85763e-13 0)
(2.92829e-18 -9.85763e-13 0)
(2.8679e-18 -9.85764e-13 0)
(2.78137e-18 -9.85764e-13 0)
(2.66802e-18 -9.85764e-13 0)
(2.52751e-18 -9.85765e-13 0)
(2.35984e-18 -9.85765e-13 0)
(2.16535e-18 -9.85765e-13 0)
(1.94482e-18 -9.85766e-13 0)
(1.69939e-18 -9.85766e-13 0)
(1.43067e-18 -9.85766e-13 0)
(1.14071e-18 -9.85766e-13 0)
(8.32012e-19 -9.85766e-13 0)
(5.07586e-19 -9.85766e-13 0)
(1.70923e-19 -9.85766e-13 0)
(4.42964e-07 -0.000524086 0)
(1.09419e-07 -1.99643e-06 0)
(4.11397e-12 -9.97983e-13 0)
(1.99325e-18 -9.85757e-13 0)
(1.7473e-18 -9.85757e-13 0)
(1.55918e-18 -9.85757e-13 0)
(1.41553e-18 -9.85757e-13 0)
(1.31594e-18 -9.85758e-13 0)
(1.25819e-18 -9.85758e-13 0)
(1.23865e-18 -9.85758e-13 0)
(1.25277e-18 -9.85758e-13 0)
(1.29546e-18 -9.85759e-13 0)
(1.36142e-18 -9.85759e-13 0)
(1.44541e-18 -9.85759e-13 0)
(1.54237e-18 -9.8576e-13 0)
(1.64758e-18 -9.8576e-13 0)
(1.75668e-18 -9.8576e-13 0)
(1.86568e-18 -9.85761e-13 0)
(1.971e-18 -9.85761e-13 0)
(2.06939e-18 -9.85761e-13 0)
(2.15796e-18 -9.85762e-13 0)
(2.23412e-18 -9.85762e-13 0)
(2.29557e-18 -9.85762e-13 0)
(2.34028e-18 -9.85763e-13 0)
(2.36647e-18 -9.85763e-13 0)
(2.37262e-18 -9.85763e-13 0)
(2.35746e-18 -9.85763e-13 0)
(2.31993e-18 -9.85764e-13 0)
(2.25927e-18 -9.85764e-13 0)
(2.17497e-18 -9.85764e-13 0)
(2.06678e-18 -9.85765e-13 0)
(1.93479e-18 -9.85765e-13 0)
(1.77935e-18 -9.85765e-13 0)
(1.6012e-18 -9.85765e-13 0)
(1.40138e-18 -9.85765e-13 0)
(1.18133e-18 -9.85766e-13 0)
(9.42875e-19 -9.85766e-13 0)
(6.88249e-19 -9.85766e-13 0)
(4.20098e-19 -9.85766e-13 0)
(1.415e-19 -9.85766e-13 0)
(4.66175e-07 -0.000523076 0)
(1.12817e-07 -1.52554e-06 0)
(2.84843e-12 -9.94413e-13 0)
(1.493e-18 -9.85756e-13 0)
(1.11781e-18 -9.85756e-13 0)
(8.30653e-19 -9.85757e-13 0)
(6.21699e-19 -9.85757e-13 0)
(4.85596e-19 -9.85757e-13 0)
(4.14185e-19 -9.85758e-13 0)
(3.97904e-19 -9.85758e-13 0)
(4.26858e-19 -9.85759e-13 0)
(4.91528e-19 -9.85759e-13 0)
(5.83196e-19 -9.85759e-13 0)
(6.94129e-19 -9.8576e-13 0)
(8.17628e-19 -9.8576e-13 0)
(9.47968e-19 -9.8576e-13 0)
(1.0803e-18 -9.85761e-13 0)
(1.21054e-18 -9.85761e-13 0)
(1.33524e-18 -9.85761e-13 0)
(1.45147e-18 -9.85761e-13 0)
(1.55675e-18 -9.85762e-13 0)
(1.64896e-18 -9.85762e-13 0)
(1.72629e-18 -9.85762e-13 0)
(1.78719e-18 -9.85763e-13 0)
(1.83032e-18 -9.85763e-13 0)
(1.85459e-18 -9.85763e-13 0)
(1.85908e-18 -9.85763e-13 0)
(1.84309e-18 -9.85764e-13 0)
(1.80612e-18 -9.85764e-13 0)
(1.7479e-18 -9.85764e-13 0)
(1.66834e-18 -9.85764e-13 0)
(1.56765e-18 -9.85765e-13 0)
(1.44625e-18 -9.85765e-13 0)
(1.30487e-18 -9.85765e-13 0)
(1.14451e-18 -9.85765e-13 0)
(9.66488e-19 -9.85765e-13 0)
(7.72464e-19 -9.85765e-13 0)
(5.64435e-19 -9.85765e-13 0)
(3.44759e-19 -9.85766e-13 0)
(1.16163e-19 -9.85766e-13 0)
(4.9354e-07 -0.000521956 0)
(1.13298e-07 -1.03315e-06 0)
(1.31004e-12 -9.91018e-13 0)
(3.82108e-19 -9.85754e-13 0)
(-1.26601e-19 -9.85755e-13 0)
(-4.75246e-19 -9.85756e-13 0)
(-6.84415e-19 -9.85757e-13 0)
(-7.78216e-19 -9.85757e-13 0)
(-7.81463e-19 -9.85758e-13 0)
(-7.16817e-19 -9.85758e-13 0)
(-6.03561e-19 -9.85759e-13 0)
(-4.57356e-19 -9.85759e-13 0)
(-2.90523e-19 -9.8576e-13 0)
(-1.12545e-19 -9.8576e-13 0)
(6.93783e-20 -9.8576e-13 0)
(2.49819e-19 -9.85761e-13 0)
(4.2469e-19 -9.85761e-13 0)
(5.90893e-19 -9.85761e-13 0)
(7.46053e-19 -9.85761e-13 0)
(8.88321e-19 -9.85762e-13 0)
(1.01623e-18 -9.85762e-13 0)
(1.12859e-18 -9.85762e-13 0)
(1.22441e-18 -9.85762e-13 0)
(1.30289e-18 -9.85763e-13 0)
(1.36336e-18 -9.85763e-13 0)
(1.40525e-18 -9.85763e-13 0)
(1.42816e-18 -9.85763e-13 0)
(1.43178e-18 -9.85764e-13 0)
(1.41595e-18 -9.85764e-13 0)
(1.38066e-18 -9.85764e-13 0)
(1.32605e-18 -9.85764e-13 0)
(1.25245e-18 -9.85764e-13 0)
(1.16041e-18 -9.85765e-13 0)
(1.05065e-18 -9.85765e-13 0)
(9.24179e-19 -9.85765e-13 0)
(7.82227e-19 -9.85765e-13 0)
(6.26315e-19 -9.85765e-13 0)
(4.58251e-19 -9.85765e-13 0)
(2.80146e-19 -9.85765e-13 0)
(9.44339e-20 -9.85765e-13 0)
(4.99883e-07 -0.000520707 0)
(1.0633e-07 -5.2088e-07 0)
(-1.03461e-18 -9.88104e-13 0)
(-2.01765e-18 -9.85753e-13 0)
(-2.56835e-18 -9.85754e-13 0)
(-2.7916e-18 -9.85755e-13 0)
(-2.78804e-18 -9.85756e-13 0)
(-2.63826e-18 -9.85757e-13 0)
(-2.4012e-18 -9.85758e-13 0)
(-2.11749e-18 -9.85759e-13 0)
(-1.81392e-18 -9.85759e-13 0)
(-1.50752e-18 -9.8576e-13 0)
(-1.20866e-18 -9.8576e-13 0)
(-9.23438e-19 -9.85761e-13 0)
(-6.55229e-19 -9.85761e-13 0)
(-4.0575e-19 -9.85761e-13 0)
(-1.75755e-19 -9.85761e-13 0)
(3.45364e-20 -9.85762e-13 0)
(2.25173e-19 -9.85762e-13 0)
(3.96318e-19 -9.85762e-13 0)
(5.48164e-19 -9.85762e-13 0)
(6.80887e-19 -9.85762e-13 0)
(7.94632e-19 -9.85763e-13 0)
(8.89515e-19 -9.85763e-13 0)
(9.65627e-19 -9.85763e-13 0)
(1.02306e-18 -9.85763e-13 0)
(1.0619e-18 -9.85763e-13 0)
(1.08229e-18 -9.85764e-13 0)
(1.08442e-18 -9.85764e-13 0)
(1.06854e-18 -9.85764e-13 0)
(1.03503e-18 -9.85764e-13 0)
(9.84357e-19 -9.85764e-13 0)
(9.17156e-19 -9.85764e-13 0)
(8.34216e-19 -9.85765e-13 0)
(7.36509e-19 -9.85765e-13 0)
(6.25214e-19 -9.85765e-13 0)
(5.01733e-19 -9.85765e-13 0)
(3.6771e-19 -9.85765e-13 0)
(2.25042e-19 -9.85765e-13 0)
(7.59006e-20 -9.85765e-13 0)
(1.69935e-07 -0.000260027 0)
(4.79054e-08 -1.30866e-07 0)
(-7.15412e-18 -9.86315e-13 0)
(-7.77207e-18 -9.85752e-13 0)
(-7.43735e-18 -9.85754e-13 0)
(-6.71181e-18 -9.85756e-13 0)
(-5.87245e-18 -9.85758e-13 0)
(-5.0467e-18 -9.85759e-13 0)
(-4.28666e-18 -9.85759e-13 0)
(-3.60799e-18 -9.8576e-13 0)
(-3.0099e-18 -9.8576e-13 0)
(-2.48509e-18 -9.85761e-13 0)
(-2.02445e-18 -9.85761e-13 0)
(-1.61917e-18 -9.85761e-13 0)
(-1.26152e-18 -9.85761e-13 0)
(-9.45079e-19 -9.85762e-13 0)
(-6.64608e-19 -9.85762e-13 0)
(-4.15938e-19 -9.85762e-13 0)
(-1.95772e-19 -9.85762e-13 0)
(-1.51726e-21 -9.85762e-13 0)
(1.68854e-19 -9.85763e-13 0)
(3.16928e-19 -9.85763e-13 0)
(4.43948e-19 -9.85763e-13 0)
(5.50895e-19 -9.85763e-13 0)
(6.38554e-19 -9.85763e-13 0)
(7.0757e-19 -9.85763e-13 0)
(7.58493e-19 -9.85764e-13 0)
(7.91823e-19 -9.85764e-13 0)
(8.0804e-19 -9.85764e-13 0)
(8.07639e-19 -9.85764e-13 0)
(7.91158e-19 -9.85764e-13 0)
(7.59203e-19 -9.85764e-13 0)
(7.12475e-19 -9.85764e-13 0)
(6.51789e-19 -9.85764e-13 0)
(5.781e-19 -9.85765e-13 0)
(4.92523e-19 -9.85765e-13 0)
(3.96349e-19 -9.85765e-13 0)
(2.91065e-19 -9.85765e-13 0)
(1.78372e-19 -9.85765e-13 0)
(6.02e-20 -9.85765e-13 0)
(-2.05267e-17 -9.85728e-13 0)
(-3.80801e-17 -9.85761e-13 0)
(-2.96568e-17 -9.85761e-13 0)
(-2.07694e-17 -9.85761e-13 0)
(-1.50916e-17 -9.85761e-13 0)
(-1.13411e-17 -9.85761e-13 0)
(-8.76989e-18 -9.85762e-13 0)
(-6.93753e-18 -9.85762e-13 0)
(-5.58112e-18 -9.85762e-13 0)
(-4.54108e-18 -9.85762e-13 0)
(-3.7185e-18 -9.85762e-13 0)
(-3.05056e-18 -9.85762e-13 0)
(-2.49635e-18 -9.85762e-13 0)
(-2.02849e-18 -9.85762e-13 0)
(-1.62815e-18 -9.85762e-13 0)
(-1.2821e-18 -9.85762e-13 0)
(-9.80821e-19 -9.85762e-13 0)
(-7.17315e-19 -9.85763e-13 0)
(-4.86381e-19 -9.85763e-13 0)
(-2.84084e-19 -9.85763e-13 0)
(-1.07412e-19 -9.85763e-13 0)
(4.59626e-20 -9.85763e-13 0)
(1.77863e-19 -9.85763e-13 0)
(2.89735e-19 -9.85763e-13 0)
(3.82742e-19 -9.85763e-13 0)
(4.57841e-19 -9.85763e-13 0)
(5.15846e-19 -9.85764e-13 0)
(5.57469e-19 -9.85764e-13 0)
(5.83367e-19 -9.85764e-13 0)
(5.94172e-19 -9.85764e-13 0)
(5.90522e-19 -9.85764e-13 0)
(5.7309e-19 -9.85764e-13 0)
(5.42605e-19 -9.85764e-13 0)
(4.99878e-19 -9.85764e-13 0)
(4.4582e-19 -9.85764e-13 0)
(3.81465e-19 -9.85764e-13 0)
(3.07986e-19 -9.85765e-13 0)
(2.26713e-19 -9.85765e-13 0)
(1.39153e-19 -9.85765e-13 0)
(4.7e-20 -9.85765e-13 0)
(-2.05685e-18 -9.85788e-13 0)
(-5.92457e-18 -9.85781e-13 0)
(-8.22964e-18 -9.85775e-13 0)
(-8.6124e-18 -9.85771e-13 0)
(-8.12683e-18 -9.85768e-13 0)
(-7.30468e-18 -9.85767e-13 0)
(-6.40258e-18 -9.85765e-13 0)
(-5.53563e-18 -9.85765e-13 0)
(-4.74839e-18 -9.85764e-13 0)
(-4.05194e-18 -9.85764e-13 0)
(-3.44259e-18 -9.85763e-13 0)
(-2.91118e-18 -9.85763e-13 0)
(-2.44739e-18 -9.85763e-13 0)
(-2.04153e-18 -9.85763e-13 0)
(-1.6852e-18 -9.85763e-13 0)
(-1.37145e-18 -9.85763e-13 0)
(-1.09456e-18 -9.85763e-13 0)
(-8.49941e-19 -9.85763e-13 0)
(-6.33886e-19 -9.85763e-13 0)
(-4.43408e-19 -9.85763e-13 0)
(-2.7609e-19 -9.85763e-13 0)
(-1.29971e-19 -9.85763e-13 0)
(-3.44268e-21 -9.85763e-13 0)
(1.04823e-19 -9.85763e-13 0)
(1.9594e-19 -9.85764e-13 0)
(2.70857e-19 -9.85764e-13 0)
(3.30401e-19 -9.85764e-13 0)
(3.75311e-19 -9.85764e-13 0)
(4.06273e-19 -9.85764e-13 0)
(4.23939e-19 -9.85764e-13 0)
(4.2896e-19 -9.85764e-13 0)
(4.22003e-19 -9.85764e-13 0)
(4.03772e-19 -9.85764e-13 0)
(3.75027e-19 -9.85764e-13 0)
(3.36604e-19 -9.85764e-13 0)
(2.89433e-19 -9.85764e-13 0)
(2.3455e-19 -9.85764e-13 0)
(1.73119e-19 -9.85764e-13 0)
(1.06443e-19 -9.85765e-13 0)
(3.59831e-20 -9.85765e-13 0)
(2.12596e-19 -9.85774e-13 0)
(-4.90778e-19 -9.85773e-13 0)
(-2.02542e-18 -9.85772e-13 0)
(-3.00937e-18 -9.8577e-13 0)
(-3.53708e-18 -9.85769e-13 0)
(-3.72993e-18 -9.85768e-13 0)
(-3.69638e-18 -9.85767e-13 0)
(-3.5206e-18 -9.85766e-13 0)
(-3.26289e-18 -9.85765e-13 0)
(-2.96417e-18 -9.85765e-13 0)
(-2.65096e-18 -9.85765e-13 0)
(-2.33977e-18 -9.85764e-13 0)
(-2.04036e-18 -9.85764e-13 0)
(-1.75815e-18 -9.85764e-13 0)
(-1.49581e-18 -9.85764e-13 0)
(-1.25434e-18 -9.85764e-13 0)
(-1.03375e-18 -9.85764e-13 0)
(-8.33513e-19 -9.85764e-13 0)
(-6.5283e-19 -9.85764e-13 0)
(-4.90774e-19 -9.85764e-13 0)
(-3.46395e-19 -9.85764e-13 0)
(-2.18769e-19 -9.85764e-13 0)
(-1.07023e-19 -9.85764e-13 0)
(-1.03456e-20 -9.85764e-13 0)
(7.20135e-20 -9.85764e-13 0)
(1.4075e-19 -9.85764e-13 0)
(1.96511e-19 -9.85764e-13 0)
(2.3991e-19 -9.85764e-13 0)
(2.71536e-19 -9.85764e-13 0)
(2.91965e-19 -9.85764e-13 0)
(3.01779e-19 -9.85764e-13 0)
(3.01572e-19 -9.85764e-13 0)
(2.91971e-19 -9.85764e-13 0)
(2.73644e-19 -9.85764e-13 0)
(2.47318e-19 -9.85764e-13 0)
(2.13789e-19 -9.85764e-13 0)
(1.7394e-19 -9.85764e-13 0)
(1.2875e-19 -9.85764e-13 0)
(7.9309e-20 -9.85764e-13 0)
(2.6835e-20 -9.85764e-13 0)
(4.87109e-19 -9.85769e-13 0)
(5.31706e-19 -9.85769e-13 0)
(-2.79949e-19 -9.85769e-13 0)
(-9.37447e-19 -9.85768e-13 0)
(-1.4255e-18 -9.85768e-13 0)
(-1.75275e-18 -9.85767e-13 0)
(-1.94087e-18 -9.85767e-13 0)
(-2.01642e-18 -9.85766e-13 0)
(-2.00574e-18 -9.85766e-13 0)
(-1.93232e-18 -9.85765e-13 0)
(-1.81575e-18 -9.85765e-13 0)
(-1.67156e-18 -9.85765e-13 0)
(-1.51168e-18 -9.85765e-13 0)
(-1.34498e-18 -9.85764e-13 0)
(-1.17786e-18 -9.85764e-13 0)
(-1.01485e-18 -9.85764e-13 0)
(-8.59042e-19 -9.85764e-13 0)
(-7.12456e-19 -9.85764e-13 0)
(-5.76358e-19 -9.85764e-13 0)
(-4.51461e-19 -9.85764e-13 0)
(-3.38089e-19 -9.85764e-13 0)
(-2.36302e-19 -9.85764e-13 0)
(-1.45978e-19 -9.85764e-13 0)
(-6.68761e-20 -9.85764e-13 0)
(1.32182e-21 -9.85764e-13 0)
(5.89813e-20 -9.85764e-13 0)
(1.06498e-19 -9.85764e-13 0)
(1.44286e-19 -9.85764e-13 0)
(1.72775e-19 -9.85764e-13 0)
(1.92408e-19 -9.85764e-13 0)
(2.03643e-19 -9.85764e-13 0)
(2.06961e-19 -9.85764e-13 0)
(2.02869e-19 -9.85764e-13 0)
(1.9191e-19 -9.85764e-13 0)
(1.74673e-19 -9.85764e-13 0)
(1.51799e-19 -9.85764e-13 0)
(1.23995e-19 -9.85764e-13 0)
(9.20399e-20 -9.85764e-13 0)
(5.67997e-20 -9.85764e-13 0)
(1.92361e-20 -9.85764e-13 0)
(4.10315e-19 -9.85767e-13 0)
(5.95982e-19 -9.85767e-13 0)
(1.67983e-19 -9.85767e-13 0)
(-2.12861e-19 -9.85767e-13 0)
(-5.31517e-19 -9.85767e-13 0)
(-7.81166e-19 -9.85767e-13 0)
(-9.61844e-19 -9.85766e-13 0)
(-1.07849e-18 -9.85766e-13 0)
(-1.13903e-18 -9.85766e-13 0)
(-1.15276e-18 -9.85766e-13 0)
(-1.12917e-18 -9.85765e-13 0)
(-1.07719e-18 -9.85765e-13 0)
(-1.00476e-18 -9.85765e-13 0)
(-9.1863e-19 -9.85765e-13 0)
(-8.2436e-19 -9.85765e-13 0)
(-7.26374e-19 -9.85764e-13 0)
(-6.28109e-19 -9.85764e-13 0)
(-5.32154e-19 -9.85764e-13 0)
(-4.40407e-19 -9.85764e-13 0)
(-3.54208e-19 -9.85764e-13 0)
(-2.7446e-19 -9.85764e-13 0)
(-2.01731e-19 -9.85764e-13 0)
(-1.36334e-19 -9.85764e-13 0)
(-7.83974e-20 -9.85764e-13 0)
(-2.79095e-20 -9.85764e-13 0)
(1.52381e-20 -9.85764e-13 0)
(5.12241e-20 -9.85764e-13 0)
(8.02775e-20 -9.85764e-13 0)
(1.02664e-19 -9.85764e-13 0)
(1.18678e-19 -9.85764e-13 0)
(1.28638e-19 -9.85764e-13 0)
(1.32888e-19 -9.85764e-13 0)
(1.31795e-19 -9.85764e-13 0)
(1.25756e-19 -9.85764e-13 0)
(1.15202e-19 -9.85764e-13 0)
(1.00601e-19 -9.85764e-13 0)
(8.24678e-20 -9.85764e-13 0)
(6.13698e-20 -9.85764e-13 0)
(3.79343e-20 -9.85764e-13 0)
(1.28573e-20 -9.85764e-13 0)
(2.57128e-19 -9.85766e-13 0)
(4.0553e-19 -9.85766e-13 0)
(1.94888e-19 -9.85766e-13 0)
(-6.50791e-22 -9.85766e-13 0)
(-1.73441e-19 -9.85766e-13 0)
(-3.18326e-19 -9.85766e-13 0)
(-4.32737e-19 -9.85766e-13 0)
(-5.16424e-19 -9.85766e-13 0)
(-5.70988e-19 -9.85766e-13 0)
(-5.99332e-19 -9.85766e-13 0)
(-6.05128e-19 -9.85765e-13 0)
(-5.92377e-19 -9.85765e-13 0)
(-5.65059e-19 -9.85765e-13 0)
(-5.26898e-19 -9.85765e-13 0)
(-4.81214e-19 -9.85765e-13 0)
(-4.30858e-19 -9.85765e-13 0)
(-3.78194e-19 -9.85764e-13 0)
(-3.25122e-19 -9.85764e-13 0)
(-2.73124e-19 -9.85764e-13 0)
(-2.23319e-19 -9.85764e-13 0)
(-1.76523e-19 -9.85764e-13 0)
(-1.33304e-19 -9.85764e-13 0)
(-9.40307e-20 -9.85764e-13 0)
(-5.89217e-20 -9.85764e-13 0)
(-2.80773e-20 -9.85764e-13 0)
(-1.51041e-21 -9.85764e-13 0)
(2.08308e-20 -9.85764e-13 0)
(3.90457e-20 -9.85764e-13 0)
(5.32691e-20 -9.85764e-13 0)
(6.36627e-20 -9.85764e-13 0)
(7.04102e-20 -9.85764e-13 0)
(7.37138e-20 -9.85764e-13 0)
(7.37947e-20 -9.85764e-13 0)
(7.08928e-20 -9.85764e-13 0)
(6.52692e-20 -9.85764e-13 0)
(5.72093e-20 -9.85764e-13 0)
(4.70256e-20 -9.85764e-13 0)
(3.50623e-20 -9.85764e-13 0)
(2.16998e-20 -9.85764e-13 0)
(7.35934e-21 -9.85764e-13 0)
(8.66882e-20 -9.85766e-13 0)
(1.40698e-19 -9.85766e-13 0)
(7.69728e-20 -9.85766e-13 0)
(1.68047e-20 -9.85766e-13 0)
(-3.75552e-20 -9.85766e-13 0)
(-8.44066e-20 -9.85766e-13 0)
(-1.22689e-19 -9.85766e-13 0)
(-1.51978e-19 -9.85766e-13 0)
(-1.72417e-19 -9.85766e-13 0)
(-1.84595e-19 -9.85766e-13 0)
(-1.89418e-19 -9.85765e-13 0)
(-1.87976e-19 -9.85765e-13 0)
(-1.81433e-19 -9.85765e-13 0)
(-1.70938e-19 -9.85765e-13 0)
(-1.57561e-19 -9.85765e-13 0)
(-1.42255e-19 -9.85765e-13 0)
(-1.25838e-19 -9.85764e-13 0)
(-1.08987e-19 -9.85764e-13 0)
(-9.22441e-20 -9.85764e-13 0)
(-7.6032e-20 -9.85764e-13 0)
(-6.06663e-20 -9.85764e-13 0)
(-4.63745e-20 -9.85764e-13 0)
(-3.33119e-20 -9.85764e-13 0)
(-2.15762e-20 -9.85764e-13 0)
(-1.12208e-20 -9.85764e-13 0)
(-2.26441e-21 -9.85764e-13 0)
(5.2994e-21 -9.85764e-13 0)
(1.14964e-20 -9.85764e-13 0)
(1.63664e-20 -9.85764e-13 0)
(1.99603e-20 -9.85764e-13 0)
(2.23373e-20 -9.85764e-13 0)
(2.35642e-20 -9.85764e-13 0)
(2.37142e-20 -9.85764e-13 0)
(2.28676e-20 -9.85764e-13 0)
(2.11118e-20 -9.85764e-13 0)
(1.85425e-20 -9.85764e-13 0)
(1.52645e-20 -9.85764e-13 0)
(1.13931e-20 -9.85764e-13 0)
(7.05585e-21 -9.85764e-13 0)
(2.39373e-21 -9.85764e-13 0)
)
;

boundaryField
{
    top
    {
        type            zeroGradient;
    }
    inlet
    {
        type            fixedValue;
        value           uniform (0 0 0);
    }
    axis
    {
        type            fixedValue;
        value           uniform (0 0 0);
    }
    frontAndBack
    {
        type            empty;
    }
}


// ************************************************************************* //
